# T/Tc, eta_max,eta_min
     1.00000      0.14816      0.12875
     1.05282      0.13815      0.12511
     1.10563      0.13175      0.12201
     1.15845      0.13165      0.12318
     1.21126      0.13575      0.12646
     1.26408      0.13983      0.12935
     1.31689      0.14211      0.13050
     1.36971      0.14322      0.13122
     1.42252      0.14422      0.13256
     1.47534      0.14580      0.13500
     1.52815      0.14821      0.13858
     1.58097      0.15135      0.14236
     1.63378      0.15500      0.14624
     1.68660      0.15970      0.15066
     1.73942      0.16481      0.15547
     1.79223      0.16998      0.16057
     1.84505      0.17645      0.16596
     1.89786      0.18282      0.17167
     1.95068      0.18912      0.17778
     2.00349      0.19538      0.18263
     2.05631      0.20163      0.18757
     2.10912      0.20785      0.19268
     2.16194      0.21402      0.19783
     2.21475      0.22012      0.20321
     2.26757      0.22609      0.20876
     2.32038      0.23194      0.21445
     2.37320      0.23781      0.22027
     2.42601      0.24420      0.22626
     2.47883      0.25068      0.23245
     2.53165      0.25788      0.23886
