# T/Tc, I/T^4_max,I/T^4_min
     0.63291      9.52917      4.22840
     0.65486      8.07717      3.48519
     0.67680      6.89287      2.89664
     0.69875      5.92809      2.43788
     0.72069      5.14513      2.09107
     0.74264      4.51407      1.84356
     0.76458      4.01062      1.68587
     0.78653      3.61439      1.60914
     0.80847      3.30768      1.60256
     0.83042      3.07480      1.65143
     0.85236      2.90207      1.73779
     0.87431      2.77852      1.84391
     0.89625      2.69686      1.95715
     0.91820      2.65860      2.07375
     0.94014      2.69785      2.19922
     0.96209      2.77424      2.34525
     0.98403      2.89438      2.52389
     1.00598      3.05789      2.74091
     1.02792      3.25397      2.99009
     1.04987      3.46162      3.25182
     1.07181      3.66064      3.49807
     1.09376      3.83613      3.70188
     1.11571      3.95103      3.84650
     1.13765      4.00615      3.92888
     1.15960      4.01309      3.95375
     1.18154      3.98963      3.93904
     1.20349      3.95343      3.89912
     1.22543      3.91571      3.85899
     1.24738      3.88565      3.82829
     1.26932      3.86936      3.81199
     1.29127      3.87004      3.81086
     1.31321      3.88129      3.82221
     1.33516      3.89869      3.84124
     1.35710      3.91694      3.86215
     1.37905      3.93104      3.87354
     1.40099      3.94072      3.87740
     1.42294      3.93885      3.87051
     1.44488      3.92321      3.85096
     1.46683      3.89289      3.81638
     1.48877      3.84814      3.76504
     1.51072      3.79016      3.70229
     1.53266      3.72081      3.63016
     1.55461      3.64234      3.55091
     1.57655      3.55724      3.46689
     1.59850      3.46795      3.37793
     1.62044      3.37679      3.28408
     1.64239      3.28588      3.19138
     1.66433      3.20188      3.10155
     1.68628      3.12415      3.01600
     1.70822      3.05101      2.93588
     1.73017      2.98319      2.86203
     1.75212      2.92109      2.79500
     1.77406      2.86480      2.73513
     1.79601      2.81416      2.68248
     1.81795      2.76880      2.63414
     1.83990      2.72816      2.59044
     1.86184      2.69161      2.55246
     1.88379      2.65873      2.51965
     1.90573      2.63315      2.49133
     1.92768      2.60975      2.46682
     1.94962      2.58782      2.44538
     1.97157      2.56679      2.42631
     1.99351      2.55067      2.40894
     2.01546      2.53414      2.39264
     2.03740      2.51680      2.37689
     2.05935      2.49879      2.36126
     2.08129      2.48019      2.34545
     2.10324      2.46017      2.32925
     2.12518      2.43879      2.31260
     2.14713      2.41619      2.29553
     2.16907      2.39252      2.27814
     2.19102      2.36796      2.26055
     2.21296      2.34264      2.24053
     2.23491      2.31670      2.21142
     2.25685      2.29015      2.18228
     2.27880      2.26299      2.15319
     2.30074      2.23509      2.12416
     2.32269      2.20633      2.09517
     2.34463      2.17687      2.06613
     2.36658      2.15053      2.03689
     2.38852      2.12273      2.00729
     2.41047      2.09324      1.97711
     2.43242      2.06191      1.94621
     2.45436      2.03159      1.91444
     2.47631      2.00486      1.88164
     2.49825      1.97616      1.84780
     2.52020      1.94556      1.81286
     2.54214      1.91319      1.77688
     2.56409      1.87921      1.73991
     2.58603      1.84385      1.70205
     2.60798      1.80726      1.66342
     2.62992      1.76963      1.62415
     2.65187      1.73105      1.58440
     2.67381      1.69158      1.54431
     2.69576      1.65128      1.50402
     2.71770      1.61012      1.46372
     2.73965      1.56810      1.42238
     2.76159      1.52518      1.37961
     2.78354      1.48131      1.33742
     2.80548      1.43653      1.29601
     2.82743      1.39079      1.25557
     2.84937      1.34416      1.21625
     2.87132      1.29662      1.17727
     2.89326      1.24818      1.13900
     2.91521      1.19882      1.09985
     2.93715      1.14851      1.06148
     2.95910      1.09715      1.02253
     2.98104      1.04463      0.98300
     3.00299      1.00281      0.94326
     3.02493      0.96412      0.90322
     3.04688      0.92504      0.86287
     3.06883      0.89417      0.82018
     3.09077      0.86325      0.75989
     3.11272      0.83389      0.69778
     3.13466      0.80398      0.63388
     3.15661      0.77334      0.56818
     3.17855      0.74188      0.50071
     3.20050      0.70954      0.43149
     3.22244      0.67626      0.36054
     3.24439      0.64202      0.28785
     3.26633      0.60677      0.21337
     3.28828      0.57046      0.13706
     3.31022      0.53303      0.05884
     3.33217      0.49436     -0.02129
     3.35411      0.45432     -0.10341
     3.37606      0.41277     -0.18748
     3.39800      0.36956     -0.27348
     3.41995      0.32452     -0.36130
     3.44189      0.27753     -0.45082
     3.46384      0.22850     -0.54188
     3.48578      0.17736     -0.63430
     3.50773      0.12412     -0.72786
     3.52967      0.06884     -0.82234
     3.55162      0.01162     -0.91754
     3.57356      0.00000     -1.01324
     3.59551      0.00000     -1.10924
     3.61745      0.00000     -1.20535
     3.63940      0.00000     -1.30140
     3.66134      0.00000     -1.39723
     3.68329      0.00000     -1.49266
     3.70524      0.00000     -1.58755
     3.72718      0.00000     -1.68175
     3.74913      0.00000     -1.77512
     3.77107      0.00000     -1.86751
     3.79302      0.00000     -1.95877
     3.81496      0.00000     -2.04876
     3.83691      0.00000     -2.13731
     3.85885      0.00000     -2.22430
     3.88080      0.00000     -2.30956
     3.90274      0.00000     -2.39295
     3.92469      0.00000     -2.47433
     3.94663      0.00000     -2.55357
     3.96858      0.00000     -2.63053
     3.99052      0.00000     -2.70509
     4.01247      0.00000     -2.77715
     4.03441      0.00000     -2.84659
     4.05636      0.00000     -2.91333
     4.07830      0.00000     -2.97730
     4.10025      0.00000     -3.03842
     4.12219      0.00000     -3.09664
     4.14414      0.00000     -3.15194
     4.16608      0.00000     -3.20427
     4.18803      0.00000     -3.25363
     4.20997      0.00000     -3.30002
     4.23192      0.00000     -3.34347
     4.25386      0.00000     -3.38402
     4.27581      0.00000     -3.42171
     4.29775      0.00000     -3.45660
     4.31970      0.00000     -3.48878
     4.34164      0.00000     -3.51835
     4.36359      0.00000     -3.54539
     4.38554      0.00000     -3.57005
     4.40748      0.00000     -3.59243
     4.42943      0.00000     -3.61267
     4.45137      0.00000     -3.63089
     4.47332      0.00000     -3.64724
     4.49526      0.00000     -3.66185
     4.51721      0.00000     -3.67483
     4.53915      0.00000     -3.68630
     4.56110      0.00000     -3.69637
     4.58304      0.00000     -3.70512
     4.60499      0.00000     -3.71264
     4.62693      0.00000     -3.71898
     4.64888      0.00000     -3.72419
     4.67082      0.00000     -3.72829
     4.69277      0.00000     -3.73128
     4.71471      0.00000     -3.73315
     4.73666      0.00000     -3.73386
     4.75860      0.00000     -3.73337
     4.78055      0.00000     -3.73158
     4.80249      0.00000     -3.72839
     4.82444      0.00000     -3.72369
     4.84638      0.00000     -3.71731
     4.86833      0.00000     -3.70907
     4.89027      0.00000     -3.69874
     4.91222      0.00000     -3.68607
     4.93416      0.00000     -3.67073
     4.95611      0.00000     -3.65238
     4.97805      0.00000     -3.63060
     5.00000      0.00000     -3.60495
