# T/Tc, P/T^4_max,P/T^4_min
     0.63291      0.00000     -1.22796
     0.65486      0.00000     -0.92860
     0.67680      0.00000     -0.68244
     0.69875      0.06464     -0.47832
     0.72069      0.13442     -0.30748
     0.74264      0.19321     -0.16291
     0.76458      0.24441     -0.03903
     0.78653      0.29086      0.06865
     0.80847      0.33490      0.16373
     0.83042      0.37837      0.24906
     0.85236      0.42250      0.32691
     0.87431      0.46800      0.39589
     0.89625      0.51510      0.46162
     0.91820      0.56384      0.52575
     0.94014      0.61427      0.58894
     0.96209      0.66664      0.65199
     0.98403      0.72147      0.71582
     1.00598      0.78138      0.77945
     1.02792      0.84944      0.84124
     1.04987      0.92037      0.90716
     1.07181      0.99401      0.97702
     1.09376      1.06973      1.05006
     1.11571      1.14651      1.12514
     1.13765      1.22326      1.20096
     1.15960      1.29904      1.27639
     1.18154      1.37338      1.35061
     1.20349      1.44636      1.42314
     1.22543      1.51736      1.49383
     1.24738      1.58645      1.56277
     1.26932      1.65389      1.63019
     1.29127      1.71996      1.69635
     1.31321      1.78504      1.76151
     1.33516      1.84928      1.82585
     1.35710      1.91270      1.88948
     1.37905      1.97532      1.95240
     1.40099      2.03708      2.01456
     1.42294      2.09784      2.07581
     1.44488      2.15745      2.13599
     1.46683      2.21572      2.19492
     1.48877      2.27250      2.25241
     1.51072      2.32761      2.30832
     1.53266      2.38095      2.36235
     1.55461      2.43241      2.41405
     1.57655      2.48196      2.46392
     1.59850      2.52956      2.51196
     1.62044      2.57524      2.55817
     1.64239      2.61905      2.60263
     1.66433      2.66105      2.64538
     1.68628      2.70133      2.68653
     1.70822      2.74000      2.72616
     1.73017      2.77716      2.76440
     1.75212      2.81293      2.80135
     1.77406      2.84743      2.83712
     1.79601      2.88131      2.87182
     1.81795      2.91473      2.90555
     1.83990      2.94724      2.93840
     1.86184      2.97930      2.97046
     1.88379      3.01063      3.00103
     1.90573      3.04127      3.03030
     1.92768      3.07126      3.05899
     1.94962      3.10065      3.08717
     1.97157      3.12945      3.11487
     1.99351      3.15768      3.14213
     2.01546      3.18536      3.16895
     2.03740      3.21248      3.19536
     2.05935      3.23906      3.22131
     2.08129      3.26511      3.24625
     2.10324      3.29061      3.27077
     2.12518      3.31559      3.29486
     2.14713      3.34003      3.31853
     2.16907      3.36395      3.34179
     2.19102      3.38736      3.36463
     2.21296      3.41025      3.38707
     2.23491      3.43265      3.40912
     2.25685      3.45455      3.43078
     2.27880      3.47598      3.45206
     2.30074      3.49694      3.47298
     2.32269      3.51745      3.49353
     2.34463      3.53750      3.51372
     2.36658      3.55711      3.53355
     2.38852      3.57627      3.55302
     2.41047      3.59500      3.57212
     2.43242      3.61330      3.59085
     2.45436      3.63146      3.60918
     2.47631      3.64911      3.62711
     2.49825      3.66627      3.64463
     2.52020      3.68292      3.66172
     2.54214      3.69907      3.67814
     2.56409      3.71470      3.69403
     2.58603      3.72984      3.70945
     2.60798      3.74446      3.72440
     2.62992      3.75859      3.73888
     2.65187      3.77222      3.75268
     2.67381      3.78537      3.76573
     2.69576      3.79836      3.77835
     2.71770      3.81093      3.79056
     2.73965      3.82304      3.80236
     2.76159      3.83469      3.81375
     2.78354      3.84588      3.82476
     2.80548      3.85664      3.83532
     2.82743      3.86696      3.84534
     2.84937      3.87686      3.85500
     2.87132      3.88634      3.86430
     2.89326      3.89541      3.87325
     2.91521      3.90408      3.88187
     2.93715      3.91237      3.89017
     2.95910      3.92027      3.89815
     2.98104      3.92781      3.90583
     3.00299      3.93498      3.91321
     3.02493      3.94179      3.92030
     3.04688      3.94825      3.92709
     3.06883      3.95436      3.93359
     3.09077      3.96013      3.93979
     3.11272      3.96554      3.94570
     3.13466      3.97062      3.95132
     3.15661      3.97534      3.95644
     3.17855      3.97973      3.96124
     3.20050      3.98379      3.96574
     3.22244      3.98774      3.96994
     3.24439      3.99205      3.97383
     3.26633      3.99609      3.97742
     3.28828      3.99987      3.98069
     3.31022      4.00340      3.98323
     3.33217      4.00666      3.98537
     3.35411      4.00965      3.98712
     3.37606      4.01237      3.98745
     3.39800      4.01481      3.98596
     3.41995      4.01696      3.98392
     3.44189      4.01880      3.98132
     3.46384      4.02035      3.97817
     3.48578      4.02157      3.97446
     3.50773      4.02246      3.97018
     3.52967      4.02300      3.96535
     3.55162      4.02320      3.95996
     3.57356      4.02303      3.95401
     3.59551      4.02250      3.94751
     3.61745      4.02158      3.94047
     3.63940      4.02029      3.93289
     3.66134      4.01861      3.92478
     3.68329      4.01654      3.91615
     3.70524      4.01409      3.90700
     3.72718      4.01124      3.89734
     3.74913      4.00801      3.88720
     3.77107      4.00440      3.87657
     3.79302      4.00041      3.86547
     3.81496      3.99605      3.85391
     3.83691      3.99132      3.84190
     3.85885      3.98624      3.82946
     3.88080      3.98082      3.81661
     3.90274      3.97506      3.80335
     3.92469      3.96899      3.78970
     3.94663      3.96262      3.77568
     3.96858      3.95595      3.76131
     3.99052      3.94902      3.74659
     4.01247      3.94183      3.73156
     4.03441      3.93440      3.71622
     4.05636      3.92676      3.70060
     4.07830      3.91962      3.68471
     4.10025      3.91249      3.66856
     4.12219      3.90523      3.65219
     4.14414      3.89785      3.63560
     4.16608      3.89038      3.61881
     4.18803      3.88282      3.60185
     4.20997      3.87518      3.58472
     4.23192      3.86749      3.56745
     4.25386      3.85973      3.55005
     4.27581      3.85194      3.53254
     4.29775      3.84410      3.51493
     4.31970      3.83624      3.49724
     4.34164      3.82836      3.47949
     4.36359      3.82046      3.46168
     4.38554      3.81254      3.44383
     4.40748      3.80462      3.42595
     4.42943      3.79670      3.40806
     4.45137      3.78877      3.39016
     4.47332      3.78084      3.37226
     4.49526      3.77291      3.35438
     4.51721      3.76498      3.33651
     4.53915      3.75706      3.31867
     4.56110      3.74915      3.30087
     4.58304      3.74125      3.28311
     4.60499      3.73335      3.26539
     4.62693      3.72547      3.24772
     4.64888      3.71761      3.23011
     4.67082      3.70976      3.21257
     4.69277      3.70193      3.19508
     4.71471      3.69414      3.17767
     4.73666      3.68638      3.16033
     4.75860      3.67866      3.14307
     4.78055      3.67100      3.12590
     4.80249      3.66339      3.10881
     4.82444      3.65586      3.09183
     4.84638      3.64841      3.07494
     4.86833      3.64104      3.05816
     4.89027      3.63377      3.04150
     4.91222      3.62660      3.02497
     4.93416      3.61952      3.00857
     4.95611      3.61252      2.99232
     4.97805      3.60559      2.97623
     5.00000      3.59871      2.96032
