# T/Tc, cs_max,cs_min
     0.63291      0.77893      0.60045
     0.65486      0.57980      0.47550
     0.67680      0.47604      0.38178
     0.69875      0.40907      0.30980
     0.72069      0.35626      0.25402
     0.74264      0.31507      0.21423
     0.76458      0.28309      0.18925
     0.78653      0.25810      0.17422
     0.80847      0.23810      0.16549
     0.83042      0.22140      0.16023
     0.85236      0.20679      0.15638
     0.87431      0.19362      0.15281
     0.89625      0.18187      0.14934
     0.91820      0.17198      0.14634
     0.94014      0.16458      0.14403
     0.96209      0.16019      0.14369
     0.98403      0.15901      0.14576
     1.00598      0.16124      0.15025
     1.02792      0.16694      0.15678
     1.04987      0.17393      0.16463
     1.07181      0.18139      0.17295
     1.09376      0.18866      0.18100
     1.11571      0.19531      0.18835
     1.13765      0.20117      0.19487
     1.15960      0.20624      0.20062
     1.18154      0.21058      0.20567
     1.20349      0.21420      0.21003
     1.22543      0.21744      0.21368
     1.24738      0.22020      0.21666
     1.26932      0.22247      0.21913
     1.29127      0.22461      0.22132
     1.31321      0.22688      0.22348
     1.33516      0.22943      0.22597
     1.35710      0.23240      0.22893
     1.37905      0.23587      0.23244
     1.40099      0.23984      0.23642
     1.42294      0.24425      0.24090
     1.44488      0.24919      0.24578
     1.46683      0.25446      0.25087
     1.48877      0.25982      0.25579
     1.51072      0.26508      0.26063
     1.53266      0.27008      0.26526
     1.55461      0.27466      0.26951
     1.57655      0.27869      0.27329
     1.59850      0.28209      0.27652
     1.62044      0.28479      0.27915
     1.64239      0.28694      0.28118
     1.66433      0.28851      0.28264
     1.68628      0.28946      0.28358
     1.70822      0.28986      0.28393
     1.73017      0.28980      0.28384
     1.75212      0.28938      0.28348
     1.77406      0.28869      0.28287
     1.79601      0.28783      0.28195
     1.81795      0.28688      0.28103
     1.83990      0.28593      0.28014
     1.86184      0.28504      0.27942
     1.88379      0.28426      0.27890
     1.90573      0.28378      0.27862
     1.92768      0.28363      0.27859
     1.94962      0.28379      0.27880
     1.97157      0.28439      0.27925
     1.99351      0.28512      0.27991
     2.01546      0.28595      0.28029
     2.03740      0.28685      0.28086
     2.05935      0.28781      0.28160
     2.08129      0.28879      0.28248
     2.10324      0.28980      0.28348
     2.12518      0.29095      0.28458
     2.14713      0.29209      0.28576
     2.16907      0.29320      0.28701
     2.19102      0.29438      0.28817
     2.21296      0.29551      0.28889
     2.23491      0.29659      0.28964
     2.25685      0.29763      0.29043
     2.27880      0.29865      0.29130
     2.30074      0.29966      0.29227
     2.32269      0.30070      0.29337
     2.34463      0.30177      0.29461
     2.36658      0.30298      0.29600
     2.38852      0.30455      0.29740
     2.41047      0.30650      0.29888
     2.43242      0.30851      0.30049
     2.45436      0.31055      0.30221
     2.47631      0.31259      0.30403
     2.49825      0.31462      0.30591
     2.52020      0.31660      0.30784
     2.54214      0.31852      0.30979
     2.56409      0.32037      0.31175
     2.58603      0.32213      0.31372
     2.60798      0.32379      0.31568
     2.62992      0.32545      0.31764
     2.65187      0.32699      0.31961
     2.67381      0.32840      0.32158
     2.69576      0.32967      0.32359
     2.71770      0.33081      0.32541
     2.73965      0.33181      0.32660
     2.76159      0.33287      0.32770
     2.78354      0.33418      0.32876
     2.80548      0.33552      0.32980
     2.82743      0.33683      0.33084
     2.84937      0.33902      0.33193
     2.87132      0.34157      0.33281
     2.89326      0.34424      0.33353
     2.91521      0.34706      0.33404
     2.93715      0.35005      0.33424
     2.95910      0.35324      0.33451
     2.98104      0.35664      0.33487
     3.00299      0.36026      0.33537
     3.02493      0.36413      0.33603
     3.04688      0.36825      0.33686
     3.06883      0.37264      0.33787
     3.09077      0.37730      0.33908
     3.11272      0.38226      0.34048
     3.13466      0.38753      0.34207
     3.15661      0.39312      0.34383
     3.17855      0.39907      0.34576
     3.20050      0.40539      0.34787
     3.22244      0.41213      0.35015
     3.24439      0.41932      0.35258
     3.26633      0.42700      0.35492
     3.28828      0.43520      0.35749
     3.31022      0.44397      0.36035
     3.33217      0.45333      0.36352
     3.35411      0.46331      0.36703
     3.37606      0.47393      0.37092
     3.39800      0.48520      0.37519
     3.41995      0.49712      0.37986
     3.44189      0.50969      0.38492
     3.46384      0.52289      0.39038
     3.48578      0.53672      0.39619
     3.50773      0.55116      0.40204
     3.52967      0.56619      0.40682
     3.55162      0.58182      0.41174
     3.57356      0.59803      0.41676
     3.59551      0.61481      0.42183
     3.61745      0.63217      0.42691
     3.63940      0.65010      0.43191
     3.66134      0.66860      0.43677
     3.68329      0.68764      0.44140
     3.70524      0.70720      0.44575
     3.72718      0.72722      0.44974
     3.74913      0.74766      0.45332
     3.77107      0.76840      0.45645
     3.79302      0.78934      0.45910
     3.81496      0.81033      0.46124
     3.83691      0.83120      0.46287
     3.85885      0.85174      0.46400
     3.88080      0.87172      0.46464
     3.90274      0.89091      0.46482
     3.92469      0.90905      0.46458
     3.94663      0.92588      0.46396
     3.96858      0.94114      0.46302
     3.99052      0.95461      0.46181
     4.01247      0.96606      0.46040
     4.03441      0.97533      0.45886
     4.05636      0.98229      0.45600
     4.07830      0.98687      0.45278
     4.10025      0.98905      0.44947
     4.12219      0.98889      0.44614
     4.14414      0.98650      0.44284
     4.16608      0.98202      0.43962
     4.18803      0.97567      0.43653
     4.20997      0.96769      0.43360
     4.23192      0.95836      0.43087
     4.25386      0.94797      0.42836
     4.27581      0.93678      0.42608
     4.29775      0.92509      0.42405
     4.31970      0.91314      0.42227
     4.34164      0.90119      0.42074
     4.36359      0.88944      0.41945
     4.38554      0.87805      0.41837
     4.40748      0.86717      0.41749
     4.42943      0.85688      0.41678
     4.45137      0.84725      0.41620
     4.47332      0.83828      0.41571
     4.49526      0.82998      0.41526
     4.51721      0.82230      0.41478
     4.53915      0.81514      0.40216
     4.56110      0.80839      0.38900
     4.58304      0.80192      0.38022
     4.60499      0.79554      0.37640
     4.62693      0.78907      0.36671
     4.64888      0.78229      0.35663
     4.67082      0.77496      0.34790
     4.69277      0.76683      0.34122
     4.71471      0.75764      0.33719
     4.73666      0.74712      0.33626
     4.75860      0.73502      0.33872
     4.78055      0.72108      0.34236
     4.80249      0.70510      0.33745
     4.82444      0.70637      0.33517
     4.84638      0.78949      0.33590
     4.86833      0.87662      0.33983
     4.89027      0.96154      0.34710
     4.91222      1.03792      0.34928
     4.93416      1.10098      0.33962
     4.95611      1.14839      0.33158
     4.97805      1.18027      0.32559
     5.00000      1.19835      0.32191
