# T/Tc, sigma/T(strange)_max,sigma/T(strange)_min, sigma/T(full)_max, sigma/T(full)_min
     1.00000      0.00039      0.00033      0.00380      0.00297
     1.07464      0.00053      0.00046      0.00474      0.00399
     1.14928      0.00066      0.00060      0.00567      0.00493
     1.22392      0.00077      0.00073      0.00643      0.00573
     1.29856      0.00088      0.00084      0.00718      0.00635
     1.37320      0.00099      0.00093      0.00773      0.00673
     1.44784      0.00108      0.00101      0.00810      0.00703
     1.52248      0.00116      0.00108      0.00832      0.00730
     1.59712      0.00125      0.00116      0.00843      0.00748
     1.67176      0.00134      0.00123      0.00846      0.00763
     1.74640      0.00143      0.00132      0.00844      0.00778
     1.82104      0.00152      0.00138      0.00854      0.00787
     1.89568      0.00161      0.00145      0.00875      0.00790
     1.97032      0.00169      0.00152      0.00895      0.00792
     2.04496      0.00180      0.00161      0.00917      0.00795
     2.11960      0.00191      0.00170      0.00940      0.00790
     2.19424      0.00205      0.00181      0.00966      0.00789
     2.26888      0.00220      0.00192      0.00992      0.00793
     2.34352      0.00234      0.00203      0.01017      0.00801
     2.41816      0.00246      0.00213      0.01040      0.00811
     2.49280      0.00257      0.00219      0.01060      0.00822
     2.56744      0.00265      0.00224      0.01079      0.00835
     2.64208      0.00273      0.00228      0.01101      0.00852
     2.71672      0.00280      0.00232      0.01135      0.00873
     2.79136      0.00295      0.00235      0.01180      0.00897
     2.86600      0.00313      0.00238      0.01232      0.00907
     2.94064      0.00332      0.00240      0.01335      0.00910
     3.01528      0.00352      0.00242      0.01482      0.00914
     3.08992      0.00372      0.00243      0.01666      0.00916
     3.16456      0.00393      0.00244      0.01893      0.00919
