# T/Tc, widthG_min*eval, widthG_max*eval, widthL_min*eval, widthL_max*eval, widthS_min*eval, widthS_max*eval
     0.98101      0.12099      0.13773      0.05824      0.07478      0.09272      0.11187
     1.00789      0.12372      0.13929      0.06155      0.07728      0.09584      0.11273
     1.03476      0.12642      0.14075      0.06460      0.07977      0.09890      0.11356
     1.06164      0.12907      0.14214      0.06769      0.08227      0.10189      0.11523
     1.08851      0.13169      0.14345      0.07081      0.08475      0.10480      0.11703
     1.11539      0.13428      0.14470      0.07394      0.08724      0.10762      0.11873
     1.14226      0.13682      0.14588      0.07709      0.08971      0.11035      0.12034
     1.16914      0.13932      0.14707      0.08024      0.09217      0.11297      0.12185
     1.19601      0.14177      0.14898      0.08338      0.09463      0.11548      0.12327
     1.22289      0.14320      0.15071      0.08616      0.09707      0.11788      0.12458
     1.24976      0.14429      0.15254      0.08790      0.09950      0.12017      0.12581
     1.27664      0.14542      0.15426      0.08971      0.10192      0.12165      0.12728
     1.30351      0.14660      0.15581      0.09162      0.10484      0.12275      0.12866
     1.33039      0.14781      0.15717      0.09361      0.10806      0.12389      0.12996
     1.35726      0.14908      0.15835      0.09571      0.11115      0.12506      0.13134
     1.38414      0.15039      0.15935      0.09790      0.11412      0.12625      0.13302
     1.41101      0.15174      0.16016      0.10019      0.11697      0.12744      0.13457
     1.43789      0.15298      0.16142      0.10260      0.11970      0.12863      0.13599
     1.46476      0.15417      0.16271      0.10511      0.12234      0.12947      0.13728
     1.49164      0.15516      0.16429      0.10774      0.12488      0.13019      0.13844
     1.51851      0.15552      0.16574      0.11048      0.12734      0.13076      0.13946
     1.54539      0.15583      0.16705      0.11334      0.13008      0.13106      0.14035
     1.57226      0.15608      0.16821      0.11632      0.13286      0.13130      0.14109
     1.59913      0.15628      0.16922      0.11942      0.13558      0.13149      0.14170
     1.62601      0.15644      0.17005      0.12264      0.13824      0.13163      0.14216
     1.65288      0.15655      0.17071      0.12599      0.14085      0.13172      0.14249
     1.67976      0.15663      0.17118      0.12946      0.14342      0.13178      0.14267
     1.70663      0.15666      0.17145      0.13304      0.14596      0.13180      0.14272
     1.73351      0.15667      0.17153      0.13675      0.14847      0.13178      0.14263
     1.76038      0.15664      0.17140      0.14020      0.15097      0.13174      0.14241
     1.78726      0.15659      0.17107      0.14285      0.15347      0.13168      0.14284
     1.81413      0.15652      0.17088      0.14555      0.15641      0.13159      0.14339
     1.84101      0.15620      0.17141      0.14785      0.15959      0.13149      0.14383
     1.86788      0.15549      0.17176      0.14972      0.16281      0.13138      0.14417
     1.89476      0.15479      0.17192      0.15156      0.16609      0.13126      0.14439
     1.92163      0.15411      0.17189      0.15336      0.16940      0.13114      0.14450
     1.94851      0.15344      0.17167      0.15513      0.17275      0.13102      0.14449
     1.97538      0.15280      0.17126      0.15687      0.17613      0.13087      0.14437
     2.00226      0.15220      0.17068      0.15858      0.17953      0.13041      0.14413
     2.02913      0.15162      0.16991      0.16025      0.18322      0.12966      0.14379
     2.05601      0.15108      0.16899      0.16189      0.18764      0.12892      0.14334
     2.08288      0.15057      0.16792      0.16351      0.19203      0.12775      0.14280
     2.10976      0.15011      0.16673      0.16509      0.19636      0.12631      0.14216
     2.13663      0.14968      0.16542      0.16664      0.20060      0.12489      0.14144
     2.16351      0.14929      0.16401      0.16816      0.20475      0.12351      0.14064
     2.19038      0.14863      0.16254      0.16964      0.20878      0.12217      0.13978
     2.21726      0.14797      0.16101      0.17110      0.21268      0.12090      0.13885
     2.24413      0.14677      0.15944      0.17253      0.21642      0.11970      0.13787
     2.27101      0.14564      0.15786      0.17392      0.21999      0.11858      0.13685
     2.29788      0.14459      0.15628      0.17528      0.22337      0.11756      0.13579
     2.32476      0.14363      0.15570      0.17661      0.22655      0.11663      0.13469
     2.35163      0.14277      0.15521      0.17791      0.22952      0.11580      0.13358
     2.37851      0.14200      0.15473      0.17917      0.23226      0.11507      0.13249
     2.40538      0.14133      0.15424      0.18040      0.23477      0.11445      0.13174
     2.43226      0.14077      0.15375      0.18159      0.23704      0.11393      0.13180
     2.45913      0.14031      0.15326      0.18274      0.23906      0.11350      0.13188
     2.48601      0.13995      0.15278      0.18385      0.24083      0.11318      0.13198
     2.51288      0.13971      0.15230      0.18493      0.24235      0.11295      0.13208
     2.53976      0.13956      0.15182      0.18597      0.24362      0.11281      0.13219
     2.56663      0.13952      0.15136      0.18696      0.24463      0.11276      0.13231
     2.59351      0.13959      0.15090      0.18791      0.24539      0.11271      0.13260
     2.62038      0.13975      0.15093      0.18794      0.24591      0.11240      0.13292
     2.64726      0.13991      0.15096      0.18758      0.24618      0.11217      0.13327
     2.67413      0.13989      0.15100      0.18708      0.24621      0.11202      0.13363
     2.70101      0.14001      0.15103      0.18646      0.24601      0.11195      0.13402
     2.72788      0.14026      0.15105      0.18571      0.24558      0.11197      0.13442
     2.75475      0.14065      0.15107      0.18483      0.24493      0.11082      0.13483
     2.78163      0.14118      0.15108      0.18382      0.24408      0.10918      0.13527
     2.80850      0.14185      0.15108      0.18269      0.24370      0.10751      0.13572
     2.83538      0.14267      0.15107      0.18143      0.24549      0.10581      0.13619
     2.86225      0.14363      0.15217      0.18005      0.24726      0.10408      0.13667
     2.88913      0.14394      0.15367      0.17759      0.24900      0.10232      0.13717
     2.91600      0.14395      0.15524      0.17181      0.25070      0.10055      0.13768
     2.94288      0.14389      0.15688      0.16578      0.25239      0.09876      0.13821
     2.96975      0.14340      0.15859      0.15953      0.25404      0.09695      0.13875
     2.99663      0.14270      0.16035      0.15311      0.25567      0.09513      0.13931
     3.02350      0.14198      0.16218      0.14657      0.25728      0.09331      0.13987
     3.05038      0.14125      0.16407      0.13996      0.25886      0.09150      0.14045
     3.07725      0.14050      0.16600      0.13332      0.26042      0.08969      0.14105
     3.10413      0.13973      0.16799      0.12671      0.26196      0.08789      0.14165
     3.13100      0.13895      0.17003      0.12016      0.26348      0.08611      0.14226
     3.15788      0.13815      0.17212      0.11371      0.26498      0.08436      0.14289
     3.18475      0.13735      0.17439      0.10740      0.26646      0.08264      0.14353
     3.21163      0.13653      0.17733      0.10127      0.26792      0.08096      0.14417
     3.23850      0.13571      0.18033      0.09533      0.26937      0.07932      0.14483
     3.26538      0.13488      0.18338      0.08961      0.27080      0.07772      0.14550
     3.29225      0.13405      0.18646      0.08412      0.27222      0.07617      0.14617
     3.31913      0.13321      0.18957      0.07889      0.27362      0.07468      0.14686
     3.34600      0.13238      0.19270      0.07390      0.27501      0.07323      0.14755
     3.37288      0.13154      0.19584      0.06918      0.27638      0.07184      0.14825
     3.39975      0.13070      0.19899      0.06472      0.27775      0.07051      0.14896
     3.42663      0.12987      0.20213      0.06051      0.27910      0.06924      0.14968
     3.45350      0.12905      0.20526      0.05656      0.28044      0.06802      0.15041
     3.48038      0.12823      0.20907      0.05285      0.28177      0.06685      0.15114
     3.50725      0.12742      0.21373      0.04937      0.28309      0.06575      0.15189
     3.53413      0.12661      0.21851      0.04613      0.28440      0.06469      0.15263
     3.56100      0.12582      0.22339      0.04310      0.28571      0.06369      0.15339
     3.58788      0.12504      0.22836      0.04027      0.28701      0.06275      0.15415
     3.61475      0.12427      0.23341      0.03764      0.28830      0.06185      0.15492
     3.64163      0.12352      0.23854      0.03519      0.28958      0.06100      0.15570
     3.66850      0.12277      0.24375      0.03291      0.29086      0.06019      0.15648
     3.69538      0.12205      0.24901      0.03079      0.29213      0.05943      0.15727
     3.72225      0.12134      0.25432      0.02882      0.29340      0.05871      0.15807
     3.74913      0.12065      0.25968      0.02698      0.29466      0.05803      0.15887
     3.77600      0.11997      0.26507      0.02528      0.29592      0.05739      0.15967
     3.80288      0.11932      0.27049      0.02369      0.29718      0.05679      0.16049
     3.82975      0.11868      0.27593      0.02221      0.29843      0.05622      0.16130
     3.85662      0.11806      0.28138      0.02084      0.29968      0.05568      0.16213
     3.88350      0.11745      0.28683      0.01956      0.30092      0.05518      0.16295
     3.91037      0.11687      0.29229      0.01837      0.30217      0.05470      0.16426
     3.93725      0.11631      0.29774      0.01725      0.30341      0.05425      0.16609
     3.96412      0.11577      0.30317      0.01622      0.30465      0.05383      0.16792
     3.99100      0.11525      0.30859      0.01490      0.30589      0.05306      0.16976
     4.01787      0.11474      0.31398      0.01289      0.30713      0.05208      0.17161
     4.04475      0.11426      0.31934      0.01107      0.30837      0.05112      0.17347
     4.07162      0.11380      0.32467      0.00941      0.30961      0.05020      0.17533
     4.09850      0.11335      0.32996      0.00792      0.31085      0.04931      0.17720
     4.12537      0.11293      0.33522      0.00658      0.31209      0.04844      0.17908
     4.15225      0.11252      0.34043      0.00539      0.31333      0.04760      0.18096
     4.17912      0.11214      0.34559      0.00434      0.31457      0.04679      0.18285
     4.20600      0.11177      0.35071      0.00342      0.31582      0.04601      0.18474
     4.23287      0.11142      0.35578      0.00263      0.31706      0.04525      0.18663
     4.25975      0.11109      0.36080      0.00196      0.31830      0.04452      0.18853
     4.28662      0.11078      0.36576      0.00140      0.31955      0.04381      0.19043
     4.31350      0.11049      0.37067      0.00094      0.32080      0.04313      0.19233
     4.34037      0.11022      0.37553      0.00058      0.32205      0.04248      0.19423
     4.36725      0.10996      0.38033      0.00031      0.32330      0.04184      0.19614
     4.39412      0.10972      0.38508      0.00013      0.32455      0.04123      0.19804
     4.42100      0.10949      0.38977      0.00003      0.32581      0.04064      0.19995
     4.44787      0.10929      0.39440      0.00000      0.32706      0.04007      0.20185
     4.47475      0.10909      0.39898      0.00004      0.32832      0.03953      0.20376
     4.50162      0.10892      0.40351      0.00014      0.32959      0.03900      0.20566
     4.52850      0.10876      0.40798      0.00031      0.33085      0.03849      0.20757
     4.55537      0.10861      0.41240      0.00053      0.33212      0.03800      0.20947
     4.58225      0.10848      0.41676      0.00079      0.33339      0.03753      0.21137
     4.60912      0.10836      0.42107      0.00111      0.33467      0.03708      0.21327
     4.63600      0.10826      0.42533      0.00147      0.33594      0.03665      0.21517
     4.66287      0.10817      0.42954      0.00186      0.33722      0.03623      0.21707
     4.68975      0.10810      0.43370      0.00230      0.33851      0.03583      0.21896
     4.71662      0.10803      0.43781      0.00276      0.33979      0.03544      0.22086
     4.74350      0.10798      0.44187      0.00290      0.34108      0.03507      0.22275
     4.77037      0.10795      0.44588      0.00273      0.34237      0.03471      0.22463
     4.79725      0.10792      0.44985      0.00257      0.34367      0.03436      0.22652
     4.82412      0.10791      0.45378      0.00241      0.34497      0.03403      0.22840
     4.85100      0.10790      0.45766      0.00226      0.34627      0.03371      0.23028
     4.87787      0.10791      0.46150      0.00212      0.34758      0.03341      0.23215
     4.90475      0.10793      0.46530      0.00199      0.34888      0.03312      0.23403
     4.93162      0.10796      0.46906      0.00186      0.35020      0.03283      0.23589
     4.95850      0.10800      0.47278      0.00174      0.35151      0.03256      0.23776
     4.98537      0.10805      0.47647      0.00163      0.35283      0.03230      0.23962
     5.01224      0.10811      0.48011      0.00152      0.35415      0.03205      0.24148
     5.03912      0.10818      0.48373      0.00142      0.35548      0.03181      0.24334
     5.06599      0.10825      0.48730      0.00132      0.35681      0.03159      0.24519
     5.09287      0.10834      0.49085      0.00123      0.35814      0.03136      0.24704
     5.11974      0.10844      0.49436      0.00115      0.35948      0.03115      0.24888
     5.14662      0.10854      0.49784      0.00107      0.36082      0.03095      0.25072
     5.17349      0.10865      0.50129      0.00099      0.36216      0.03076      0.25256
     5.20037      0.10877      0.50471      0.00092      0.36351      0.03057      0.25439
     5.22724      0.10890      0.50810      0.00085      0.36486      0.03039      0.25622
     5.25412      0.10903      0.51147      0.00078      0.36621      0.03022      0.25804
     5.28099      0.10917      0.51480      0.00072      0.36756      0.03005      0.25987
     5.30787      0.10932      0.51812      0.00066      0.36892      0.02990      0.26168
     5.33474      0.10948      0.52141      0.00061      0.37029      0.02975      0.26350
     5.36162      0.10964      0.52467      0.00056      0.37165      0.02960      0.26531
     5.38849      0.10981      0.52791      0.00051      0.37302      0.02946      0.26712
     5.41537      0.10998      0.53113      0.00046      0.37439      0.02933      0.26892
     5.44224      0.11016      0.53433      0.00042      0.37577      0.02921      0.27072
     5.46912      0.11035      0.53750      0.00038      0.37715      0.02909      0.27251
     5.49599      0.11054      0.54066      0.00034      0.37853      0.02897      0.27430
     5.52287      0.11074      0.54379      0.00031      0.37992      0.02886      0.27609
     5.54974      0.11095      0.54691      0.00028      0.38131      0.02876      0.27788
     5.57662      0.11116      0.55001      0.00025      0.38270      0.02866      0.27966
     5.60349      0.11137      0.55309      0.00022      0.38409      0.02856      0.28143
     5.63037      0.11159      0.55616      0.00019      0.38549      0.02847      0.28321
     5.65724      0.11182      0.55921      0.00017      0.38689      0.02838      0.28498
     5.68412      0.11205      0.56224      0.00015      0.38830      0.02830      0.28674
     5.71099      0.11228      0.56526      0.00013      0.38970      0.02822      0.28851
     5.73787      0.11252      0.56826      0.00011      0.39111      0.02815      0.29027
     5.76474      0.11276      0.57125      0.00009      0.39253      0.02808      0.29202
     5.79162      0.11301      0.57423      0.00008      0.39394      0.02801      0.29377
     5.81849      0.11326      0.57719      0.00006      0.39536      0.02795      0.29552
     5.84537      0.11352      0.58014      0.00005      0.39678      0.02789      0.29727
     5.87224      0.11378      0.58308      0.00004      0.39821      0.02783      0.29901
     5.89912      0.11404      0.58601      0.00003      0.39963      0.02778      0.30075
     5.92599      0.11431      0.58892      0.00002      0.40106      0.02773      0.30249
     5.95287      0.11458      0.59183      0.00002      0.40249      0.02769      0.30422
     5.97974      0.11485      0.59472      0.00001      0.40393      0.02764      0.30595
     6.00662      0.11513      0.59760      0.00001      0.40537      0.02760      0.30768
     6.03349      0.11541      0.60048      0.00000      0.40681      0.02756      0.30940
     6.06037      0.11570      0.60334      0.00000      0.40825      0.02753      0.31112
     6.08724      0.11598      0.60620      0.00000      0.40970      0.02750      0.31284
     6.11411      0.11627      0.60904      0.00000      0.41115      0.02747      0.31455
     6.14099      0.11657      0.61188      0.00000      0.41260      0.02744      0.31626
     6.16786      0.11687      0.61471      0.00000      0.41405      0.02741      0.31797
     6.19474      0.11717      0.61753      0.00001      0.41551      0.02739      0.31968
     6.22161      0.11747      0.62034      0.00001      0.41696      0.02737      0.32138
     6.24849      0.11777      0.62315      0.00001      0.41843      0.02735      0.32308
     6.27536      0.11808      0.62595      0.00002      0.41989      0.02734      0.32478
     6.30224      0.11839      0.62874      0.00002      0.42135      0.02732      0.32647
     6.32911      0.11871      0.63153      0.00003      0.42282      0.02731      0.32816
