# T/Tc, entr_max, entr_min, chib_max, chib_min, chis_max, chis_min
     0.98101      5.70296      5.35204      0.09594      0.09116      0.27678      0.26830
     0.99358      5.93677      5.59858      0.10168      0.09704      0.29311      0.28559
     1.00614      6.18669      5.86216      0.10753      0.10305      0.30982      0.30327
     1.01870      6.45073      6.14151      0.11347      0.10917      0.32688      0.32126
     1.03126      6.72563      6.43374      0.11948      0.11538      0.34434      0.33949
     1.04383      7.00697      6.73440      0.12554      0.12163      0.36269      0.35788
     1.05639      7.28961      7.03802      0.13162      0.12792      0.38112      0.37563
     1.06895      7.56825      7.33866      0.13770      0.13421      0.39955      0.39338
     1.08152      7.84064      7.63060      0.14375      0.14044      0.41789      0.41122
     1.09408      8.10895      7.90899      0.14983      0.14662      0.43608      0.42907
     1.10664      8.35890      8.17030      0.15589      0.15278      0.45403      0.44685
     1.11920      8.58922      8.41255      0.16186      0.15886      0.47167      0.46448
     1.13177      8.80009      8.63528      0.16769      0.16477      0.48896      0.48187
     1.14433      8.99291      8.83934      0.17339      0.17055      0.50583      0.49896
     1.15689      9.16988      9.02664      0.17892      0.17616      0.52224      0.51567
     1.16945      9.33375      9.19968      0.18428      0.18161      0.53814      0.53196
     1.18202      9.48744      9.36138      0.18946      0.18688      0.55352      0.54777
     1.19458      9.63425      9.51467      0.19446      0.19196      0.56834      0.56306
     1.20714      9.77784      9.66237      0.19926      0.19685      0.58261      0.57782
     1.21971      9.91900      9.80695      0.20388      0.20155      0.59631      0.59167
     1.23227     10.05959      9.95050      0.20841      0.20606      0.60946      0.60483
     1.24483     10.20102     10.09463      0.21277      0.21039      0.62206      0.61745
     1.25739     10.34429     10.24051      0.21698      0.21453      0.63426      0.62953
     1.26996     10.48997     10.38884      0.22101      0.21850      0.64609      0.64109
     1.28252     10.63827     10.53990      0.22486      0.22230      0.65740      0.65215
     1.29508     10.78901     10.69361      0.22854      0.22593      0.66822      0.66273
     1.30765     10.94179     10.84959      0.23205      0.22940      0.67857      0.67285
     1.32021     11.09595     11.00721      0.23541      0.23272      0.68845      0.68251
     1.33277     11.25068     11.16563      0.23861      0.23589      0.69788      0.69175
     1.34533     11.40507     11.32390      0.24166      0.23893      0.70688      0.70059
     1.35790     11.55818     11.47775      0.24456      0.24183      0.71546      0.70903
     1.37046     11.70901     11.62910      0.24732      0.24459      0.72365      0.71709
     1.38302     11.85665     11.77711      0.24995      0.24724      0.73144      0.72480
     1.39559     12.00028     11.92098      0.25245      0.24976      0.73887      0.73216
     1.40815     12.13913     12.06005      0.25488      0.25217      0.74594      0.73919
     1.42071     12.27259     12.19380      0.25720      0.25447      0.75266      0.74590
     1.43327     12.40016     12.32183      0.25940      0.25667      0.75906      0.75231
     1.44584     12.52148     12.44388      0.26150      0.25873      0.76513      0.75843
     1.45840     12.63633     12.55977      0.26348      0.26070      0.77090      0.76427
     1.47096     12.74461     12.66949      0.26536      0.26257      0.77639      0.76984
     1.48353     12.84630     12.77308      0.26713      0.26435      0.78159      0.77516
     1.49609     12.94200     12.87068      0.26882      0.26605      0.78653      0.78023
     1.50865     13.03453     12.96250      0.27041      0.26768      0.79121      0.78507
     1.52121     13.12102     13.04882      0.27191      0.26923      0.79566      0.78969
     1.53378     13.20184     13.12993      0.27333      0.27070      0.79988      0.79409
     1.54634     13.27741     13.20623      0.27467      0.27211      0.80388      0.79829
     1.55890     13.34814     13.27809      0.27593      0.27346      0.80767      0.80229
     1.57146     13.41452     13.34349      0.27713      0.27475      0.81128      0.80611
     1.58403     13.47700     13.40468      0.27827      0.27597      0.81470      0.80976
     1.59659     13.53603     13.46289      0.27939      0.27715      0.81795      0.81324
     1.60915     13.59207     13.51849      0.28045      0.27827      0.82104      0.81657
     1.62172     13.64554     13.57193      0.28147      0.27935      0.82398      0.81975
     1.63428     13.69687     13.62358      0.28242      0.28038      0.82678      0.82278
     1.64684     13.74645     13.67205      0.28334      0.28138      0.82945      0.82569
     1.65940     13.79464     13.71625      0.28420      0.28233      0.83200      0.82847
     1.67197     13.84175     13.75951      0.28503      0.28325      0.83443      0.83113
     1.68453     13.88815     13.80213      0.28582      0.28413      0.83676      0.83368
     1.69709     13.93587     13.84442      0.28657      0.28498      0.83899      0.83613
     1.70966     13.98530     13.88663      0.28731      0.28580      0.84114      0.83815
     1.72222     14.03463     13.92898      0.28810      0.28660      0.84320      0.83992
     1.73478     14.08405     13.97169      0.28886      0.28732      0.84518      0.84159
     1.74734     14.13368     14.01492      0.28960      0.28799      0.84712      0.84319
     1.75991     14.18362     14.05884      0.29032      0.28864      0.84902      0.84472
     1.77247     14.23393     14.10355      0.29101      0.28928      0.85084      0.84619
     1.78503     14.28465     14.14917      0.29168      0.28989      0.85260      0.84759
     1.79760     14.33580     14.19576      0.29233      0.29049      0.85429      0.84895
     1.81016     14.38737     14.24337      0.29297      0.29108      0.85591      0.85015
     1.82272     14.43930     14.29201      0.29358      0.29165      0.85748      0.85129
     1.83528     14.49154     14.34169      0.29418      0.29217      0.85899      0.85238
     1.84785     14.54412     14.39237      0.29476      0.29264      0.86050      0.85342
     1.86041     14.59888     14.44401      0.29532      0.29310      0.86199      0.85443
     1.87297     14.65385     14.49539      0.29587      0.29355      0.86345      0.85540
     1.88554     14.70891     14.54497      0.29641      0.29400      0.86490      0.85634
     1.89810     14.76394     14.59509      0.29696      0.29445      0.86633      0.85726
     1.91066     14.81883     14.64568      0.29750      0.29489      0.86772      0.85815
     1.92322     14.87346     14.69664      0.29802      0.29532      0.86908      0.85903
     1.93579     14.92773     14.74789      0.29852      0.29576      0.87040      0.85990
     1.94835     14.98154     14.79933      0.29900      0.29619      0.87169      0.86076
     1.96091     15.03479     14.85085      0.29947      0.29662      0.87294      0.86161
     1.97347     15.08741     14.90235      0.29993      0.29705      0.87416      0.86245
     1.98604     15.13932     14.95373      0.30036      0.29748      0.87539      0.86329
     1.99860     15.19046     15.00489      0.30078      0.29791      0.87658      0.86413
     2.01116     15.24078     15.05574      0.30118      0.29833      0.87775      0.86497
     2.02373     15.29022     15.10620      0.30157      0.29875      0.87889      0.86581
     2.03629     15.33876     15.15619      0.30193      0.29917      0.88000      0.86666
     2.04885     15.38637     15.20564      0.30228      0.29959      0.88108      0.86750
     2.06141     15.43302     15.25449      0.30261      0.30000      0.88213      0.86835
     2.07398     15.48048     15.30270      0.30292      0.30041      0.88315      0.86921
     2.08654     15.52882     15.35023      0.30322      0.30081      0.88414      0.87006
     2.09910     15.57611     15.39707      0.30349      0.30121      0.88509      0.87092
     2.11167     15.62235     15.44320      0.30375      0.30160      0.88600      0.87178
     2.12423     15.66754     15.48863      0.30399      0.30199      0.88687      0.87263
     2.13679     15.71171     15.53336      0.30421      0.30237      0.88771      0.87349
     2.14935     15.75489     15.57742      0.30441      0.30269      0.88851      0.87434
     2.16192     15.79709     15.62083      0.30459      0.30298      0.88927      0.87518
     2.17448     15.83848     15.66362      0.30482      0.30327      0.88999      0.87601
     2.18704     15.87924     15.70583      0.30506      0.30355      0.89066      0.87683
     2.19961     15.91909     15.74749      0.30528      0.30382      0.89129      0.87763
     2.21217     15.95809     15.78863      0.30549      0.30408      0.89188      0.87842
     2.22473     15.99624     15.82928      0.30568      0.30433      0.89242      0.87919
     2.23729     16.03355     15.86946      0.30585      0.30456      0.89292      0.87994
     2.24986     16.07006     15.90920      0.30601      0.30479      0.89337      0.88066
     2.26242     16.10572     15.94847      0.30615      0.30496      0.89377      0.88129
     2.27498     16.14056     15.98730      0.30627      0.30505      0.89413      0.88143
     2.28755     16.17455     16.02565      0.30643      0.30509      0.89445      0.88153
     2.30011     16.20766     16.06190      0.30658      0.30510      0.89471      0.88160
     2.31267     16.23987     16.09726      0.30672      0.30510      0.89493      0.88164
     2.32523     16.27114     16.12683      0.30683      0.30508      0.89511      0.88165
     2.33780     16.30142     16.15495      0.30694      0.30504      0.89526      0.88162
     2.35036     16.33068     16.18248      0.30705      0.30500      0.89540      0.88156
     2.36292     16.35887     16.20941      0.30714      0.30494      0.89549      0.88148
     2.37549     16.38596     16.23569      0.30722      0.30487      0.89554      0.88136
     2.38805     16.41191     16.26130      0.30731      0.30478      0.89554      0.88122
     2.40061     16.43667     16.28622      0.30738      0.30469      0.89549      0.88105
     2.41317     16.46288     16.31039      0.30743      0.30459      0.89541      0.88085
     2.42574     16.48825     16.33380      0.30746      0.30447      0.89527      0.88062
     2.43830     16.51239     16.35642      0.30747      0.30435      0.89510      0.88037
     2.45086     16.53529     16.37823      0.30746      0.30421      0.89488      0.88010
     2.46342     16.55694     16.39919      0.30742      0.30405      0.89462      0.87980
     2.47599     16.57735     16.41930      0.30737      0.30387      0.89431      0.87948
     2.48855     16.59652     16.43855      0.30730      0.30368      0.89397      0.87914
     2.50111     16.61449     16.45674      0.30720      0.30348      0.89358      0.87878
     2.51368     16.63128     16.47354      0.30709      0.30328      0.89315      0.87839
     2.52624     16.64692     16.48940      0.30695      0.30307      0.89268      0.87799
     2.53880     16.66146     16.50434      0.30680      0.30285      0.89217      0.87757
     2.55136     16.67494     16.51836      0.30662      0.30262      0.89162      0.87713
     2.56393     16.68739     16.53149      0.30642      0.30239      0.89103      0.87667
     2.57649     16.69887     16.54373      0.30621      0.30215      0.89039      0.87620
     2.58905     16.71303     16.55512      0.30597      0.30191      0.88971      0.87571
     2.60162     16.72754     16.56567      0.30571      0.30166      0.88899      0.87520
     2.61418     16.74111     16.57542      0.30544      0.30140      0.88823      0.87468
     2.62674     16.75377     16.58439      0.30516      0.30114      0.88742      0.87414
     2.63930     16.76554     16.59261      0.30486      0.30088      0.88657      0.87359
     2.65187     16.77643     16.60011      0.30455      0.30061      0.88567      0.87302
     2.66443     16.78646     16.60692      0.30421      0.30034      0.88473      0.87244
     2.67699     16.79563     16.61308      0.30385      0.30006      0.88374      0.87184
     2.68956     16.80395     16.61863      0.30347      0.29978      0.88270      0.87123
     2.70212     16.81141     16.62358      0.30307      0.29950      0.88161      0.87060
     2.71468     16.81800     16.62798      0.30264      0.29921      0.88048      0.86996
     2.72724     16.82376     16.63187      0.30229      0.29889      0.87928      0.86930
     2.73981     16.82862     16.63528      0.30202      0.29849      0.87818      0.86862
     2.75237     16.83262     16.63825      0.30182      0.29808      0.87737      0.86793
     2.76493     16.83574     16.64081      0.30162      0.29766      0.87653      0.86723
     2.77750     16.83798     16.64301      0.30142      0.29723      0.87566      0.86651
     2.79006     16.83933     16.64487      0.30121      0.29679      0.87477      0.86577
     2.80262     16.83980     16.64644      0.30100      0.29634      0.87385      0.86495
     2.81518     16.83938     16.64774      0.30079      0.29588      0.87290      0.86387
     2.82775     16.83807     16.64880      0.30057      0.29541      0.87193      0.86276
     2.84031     16.83589     16.64965      0.30035      0.29472      0.87093      0.86153
     2.85287     16.83283     16.65031      0.30012      0.29391      0.86990      0.85976
     2.86543     16.82889     16.65079      0.29989      0.29307      0.86884      0.85764
     2.87800     16.82409     16.64988      0.29966      0.29219      0.86775      0.85543
     2.89056     16.81841     16.64815      0.29942      0.29130      0.86664      0.85313
     2.90312     16.81185     16.64633      0.29917      0.29037      0.86576      0.85074
     2.91569     16.80440     16.64441      0.29892      0.28941      0.86504      0.84827
     2.92825     16.79606     16.64237      0.29867      0.28843      0.86431      0.84570
     2.94081     16.78681     16.64017      0.29841      0.28742      0.86356      0.84305
     2.95337     16.77663     16.63780      0.29815      0.28638      0.86280      0.84030
     2.96594     16.76549     16.63519      0.29788      0.28532      0.86203      0.83748
     2.97850     16.75338     16.63231      0.29761      0.28423      0.86125      0.83456
     2.99106     16.74026     16.62910      0.29733      0.28311      0.86045      0.83157
     3.00363     16.72610     16.62552      0.29704      0.28197      0.85963      0.82849
     3.01619     16.71088     16.62152      0.29676      0.28081      0.85880      0.82534
     3.02875     16.69456     16.61706      0.29646      0.27963      0.85796      0.82210
     3.04131     16.69037     16.61208      0.29617      0.27842      0.85710      0.81880
     3.05388     16.68795     16.60658      0.29586      0.27719      0.85623      0.81542
     3.06644     16.68516     16.60051      0.29555      0.27595      0.85535      0.81198
     3.07900     16.68195     16.59388      0.29524      0.27468      0.85444      0.80847
     3.09157     16.67831     16.58668      0.29492      0.27340      0.85353      0.80490
     3.10413     16.67419     16.57233      0.29460      0.27210      0.85260      0.80128
     3.11669     16.66958     16.54776      0.29427      0.27079      0.85165      0.79760
     3.12925     16.66444     16.52196      0.29394      0.26946      0.85069      0.79388
     3.14182     16.65878     16.49493      0.29361      0.26812      0.84972      0.79011
     3.15438     16.65258     16.46668      0.29326      0.26677      0.84873      0.78631
     3.16694     16.64583     16.43721      0.29292      0.26542      0.84773      0.78247
     3.17951     16.63853     16.40652      0.29257      0.26405      0.84671      0.77860
     3.19207     16.63069     16.37461      0.29221      0.26268      0.84568      0.77471
     3.20463     16.62229     16.34147      0.29186      0.26131      0.84464      0.77080
     3.21719     16.61335     16.30711      0.29149      0.25993      0.84358      0.76687
     3.22976     16.60386     16.27152      0.29113      0.25855      0.84251      0.76293
     3.24232     16.59383     16.23468      0.29075      0.25717      0.84143      0.75899
     3.25488     16.58323     16.19660      0.29038      0.25579      0.84033      0.75505
     3.26744     16.57205     16.15725      0.29000      0.25442      0.83923      0.75111
     3.28001     16.56029     16.11662      0.28962      0.25305      0.83811      0.74717
     3.29257     16.54790     16.07470      0.28923      0.25168      0.83698      0.74325
     3.30513     16.53487     16.03146      0.28884      0.25032      0.83584      0.73934
     3.31770     16.52117     15.98691      0.28845      0.24897      0.83469      0.73545
     3.33026     16.50674     15.94102      0.28806      0.24763      0.83352      0.73159
     3.34282     16.49155     15.89379      0.28766      0.24630      0.83235      0.72753
     3.35538     16.47555     15.84521      0.28726      0.24498      0.83117      0.72248
     3.36795     16.45870     15.79528      0.28685      0.24367      0.82998      0.71722
     3.38051     16.44094     15.74400      0.28645      0.24229      0.82877      0.71189
     3.39307     16.42222     15.69138      0.28604      0.24080      0.82757      0.70649
     3.40564     16.40283     15.63743      0.28563      0.23932      0.82635      0.70104
     3.41820     16.38261     15.58217      0.28522      0.23743      0.82512      0.69554
     3.43076     16.36129     15.52563      0.28480      0.23550      0.82389      0.68998
     3.44332     16.33883     15.46782      0.28439      0.23356      0.82265      0.68437
     3.45589     16.31520     15.40878      0.28397      0.23160      0.82141      0.67872
     3.46845     16.29039     15.34854      0.28355      0.22962      0.82015      0.67302
     3.48101     16.26436     15.28713      0.28313      0.22763      0.81890      0.66728
