# T/Tc,massG_min*eval, massG_max*eval, massL_min*eval, massL_max*eval, massS_min*eval, massS_max*eval
     0.98101      0.99805      1.17454      0.50535      0.52144      0.53535      0.55144
     1.00789      1.02976      1.18070      0.48876      0.50184      0.51876      0.53184
     1.03476      1.05266      1.18577      0.47265      0.48317      0.50265      0.51317
     1.06164      1.07326      1.18983      0.45658      0.46622      0.48658      0.49622
     1.08851      1.09271      1.19300      0.44078      0.45002      0.47078      0.48002
     1.11539      1.10993      1.19537      0.42606      0.43445      0.45606      0.46445
     1.14226      1.12366      1.19704      0.41244      0.41967      0.44244      0.44967
     1.16914      1.13643      1.19809      0.39992      0.40634      0.42992      0.43634
     1.19601      1.14729      1.20413      0.38848      0.39437      0.41848      0.42437
     1.22289      1.15069      1.21404      0.37809      0.38348      0.40809      0.41348
     1.24976      1.15386      1.22179      0.36869      0.37362      0.39869      0.40362
     1.27664      1.15682      1.22743      0.36008      0.36472      0.39008      0.39472
     1.30351      1.15955      1.23260      0.35193      0.35673      0.38193      0.38673
     1.33039      1.16205      1.23610      0.34466      0.34957      0.37466      0.37957
     1.35726      1.16430      1.23751      0.33824      0.34320      0.36824      0.37320
     1.38414      1.16630      1.23704      0.33250      0.33755      0.36250      0.36755
     1.41101      1.16803      1.23485      0.32742      0.33255      0.35742      0.36255
     1.43789      1.16945      1.23116      0.32299      0.32816      0.35299      0.35816
     1.46476      1.17057      1.22835      0.31914      0.32431      0.34914      0.35431
     1.49164      1.17134      1.22625      0.31583      0.32096      0.34583      0.35096
     1.51851      1.17175      1.22295      0.31302      0.31806      0.34302      0.34806
     1.54539      1.17178      1.21853      0.31065      0.31557      0.34065      0.34557
     1.57226      1.16998      1.21305      0.30869      0.31344      0.33869      0.34344
     1.59913      1.16606      1.20659      0.30705      0.31164      0.33705      0.34164
     1.62601      1.16192      1.20069      0.30573      0.31014      0.33573      0.34014
     1.65288      1.15755      1.19579      0.30445      0.30891      0.33445      0.33891
     1.67976      1.15297      1.19004      0.30340      0.30842      0.33340      0.33842
     1.70663      1.14817      1.18349      0.30256      0.30816      0.33256      0.33816
     1.73351      1.13993      1.17619      0.30192      0.30843      0.33192      0.33843
     1.76038      1.13002      1.16819      0.30146      0.30904      0.33146      0.33904
     1.78726      1.12024      1.15956      0.30116      0.30981      0.33116      0.33981
     1.81413      1.11067      1.15038      0.30103      0.31071      0.33103      0.34071
     1.84101      1.10137      1.14315      0.30105      0.31170      0.33105      0.34170
     1.86788      1.09238      1.13791      0.30123      0.31276      0.33123      0.34276
     1.89476      1.08373      1.13229      0.30156      0.31386      0.33156      0.34386
     1.92163      1.07547      1.12633      0.30204      0.31498      0.33204      0.34498
     1.94851      1.06760      1.12006      0.30268      0.31609      0.33268      0.34609
     1.97538      1.06015      1.11351      0.30348      0.31741      0.33348      0.34741
     2.00226      1.05311      1.10673      0.30421      0.31872      0.33421      0.34872
     2.02913      1.04649      1.09976      0.30489      0.31999      0.33489      0.34999
     2.05601      1.04029      1.09265      0.30572      0.32121      0.33572      0.35121
     2.08288      1.03449      1.08545      0.30669      0.32236      0.33669      0.35236
     2.10976      1.02759      1.07819      0.30751      0.32345      0.33751      0.35345
     2.13663      1.02066      1.07094      0.30846      0.32449      0.33846      0.35449
     2.16351      1.01423      1.06374      0.30956      0.32549      0.33956      0.35549
     2.19038      1.00831      1.05664      0.31082      0.32677      0.34082      0.35677
     2.21726      1.00288      1.04968      0.31225      0.32826      0.34225      0.35826
     2.24413      0.99766      1.04290      0.31388      0.33075      0.34388      0.36075
     2.27101      0.99198      1.03635      0.31572      0.33354      0.34572      0.36354
     2.29788      0.98687      1.03005      0.31780      0.33650      0.34780      0.36650
     2.32476      0.98231      1.02859      0.32012      0.33964      0.35012      0.36964
     2.35163      0.97832      1.02738      0.32270      0.34297      0.35270      0.37297
     2.37851      0.97486      1.02632      0.32558      0.34648      0.35558      0.37648
     2.40538      0.97195      1.02578      0.32876      0.35020      0.35876      0.38020
     2.43226      0.96956      1.02574      0.33227      0.35411      0.36227      0.38411
     2.45913      0.96767      1.02568      0.33612      0.35823      0.36612      0.38823
     2.48601      0.96626      1.02556      0.34034      0.36256      0.37034      0.39256
     2.51288      0.96423      1.02536      0.34493      0.36709      0.37493      0.39709
     2.53976      0.96224      1.02505      0.34993      0.37184      0.37993      0.40184
     2.56663      0.96062      1.02461      0.35493      0.37681      0.38493      0.40681
     2.59351      0.95934      1.02402      0.36037      0.38199      0.39037      0.41199
     2.62038      0.95648      1.02326      0.36626      0.38740      0.39626      0.41740
     2.64726      0.95372      1.02234      0.37264      0.39302      0.40264      0.42302
     2.67413      0.95130      1.02123      0.37951      0.39886      0.40951      0.42886
     2.70101      0.94922      1.01995      0.38691      0.40493      0.41691      0.43493
     2.72788      0.94749      1.01849      0.39484      0.41122      0.42484      0.44122
     2.75475      0.94611      1.01718      0.40334      0.41780      0.43334      0.44780
     2.78163      0.94508      1.02135      0.41242      0.42510      0.44242      0.45510
     2.80850      0.94440      1.02580      0.42210      0.43349      0.45210      0.46349
     2.83538      0.94408      1.03050      0.43049      0.44218      0.46049      0.47218
     2.86225      0.94412      1.03545      0.43758      0.45114      0.46758      0.48114
     2.88913      0.94451      1.04063      0.44453      0.46150      0.47453      0.49150
     2.91600      0.94526      1.04603      0.45163      0.47475      0.48163      0.50475
     2.94288      0.94636      1.05164      0.45886      0.48879      0.48886      0.51879
     2.96975      0.94248      1.05744      0.46624      0.50359      0.49624      0.53359
     2.99663      0.93846      1.06342      0.47374      0.51912      0.50374      0.54912
     3.02350      0.93430      1.06957      0.48137      0.53535      0.51137      0.56535
     3.05038      0.92719      1.07589      0.48912      0.55224      0.51912      0.58224
     3.07725      0.91909      1.08237      0.49699      0.56975      0.52699      0.59975
     3.10413      0.91072      1.08899      0.50498      0.58783      0.53498      0.61783
     3.13100      0.90212      1.09574      0.51308      0.60641      0.54308      0.63641
     3.15788      0.89337      1.10263      0.52129      0.62544      0.55129      0.65544
     3.18475      0.88453      1.10964      0.52961      0.64486      0.55961      0.67486
     3.21163      0.87565      1.11676      0.53803      0.66460      0.56803      0.69460
     3.23850      0.86680      1.12399      0.54655      0.68460      0.57655      0.71460
     3.26538      0.85803      1.13133      0.55517      0.70569      0.58516      0.73569
     3.29225      0.84938      1.13877      0.56387      0.72762      0.59387      0.75762
     3.31913      0.84090      1.14630      0.57267      0.74987      0.60267      0.77987
     3.34600      0.83262      1.15392      0.58156      0.77238      0.61156      0.80238
     3.37288      0.82458      1.16162      0.59053      0.79833      0.62053      0.82833
     3.39975      0.81680      1.16940      0.59958      0.82541      0.62958      0.85541
     3.42663      0.80930      1.17726      0.60871      0.85332      0.63871      0.88332
     3.45350      0.80210      1.18519      0.61792      0.88202      0.64792      0.91202
     3.48038      0.79522      1.19319      0.62720      0.91151      0.65720      0.94151
     3.50725      0.78865      1.20125      0.63655      0.94175      0.66655      0.97175
     3.53413      0.78240      1.20938      0.64597      0.97273      0.67597      1.00273
     3.56100      0.77647      1.21756      0.65545      1.00440      0.68545      1.03440
     3.58788      0.77086      1.22580      0.66500      1.03675      0.69500      1.06675
     3.61475      0.76557      1.23410      0.67461      1.06974      0.70461      1.09974
     3.64163      0.76059      1.24245      0.68428      1.10334      0.71428      1.13334
     3.66850      0.75225      1.25085      0.69401      1.13750      0.72401      1.16750
     3.69538      0.74308      1.25929      0.70379      1.17220      0.73379      1.20220
     3.72225      0.73413      1.26778      0.71362      1.20738      0.74362      1.23738
     3.74913      0.72541      1.27632      0.72350      1.24302      0.75350      1.27302
     3.77600      0.71694      1.28489      0.73344      1.27908      0.76344      1.30908
     3.80288      0.70871      1.29351      0.74342      1.31550      0.77342      1.34550
     3.82975      0.70074      1.30216      0.75344      1.35226      0.78344      1.38226
     3.85662      0.69302      1.31085      0.76351      1.38932      0.79351      1.41932
     3.88350      0.68557      1.31957      0.77362      1.42663      0.80362      1.45663
     3.91037      0.67838      1.32833      0.78377      1.46415      0.81377      1.49415
     3.93725      0.67146      1.33713      0.79395      1.50185      0.82395      1.53185
     3.96412      0.66480      1.34595      0.80418      1.53970      0.83418      1.56970
     3.99100      0.65725      1.35480      0.81444      1.57764      0.84444      1.60764
     4.01787      0.64937      1.36369      0.82473      1.61566      0.85473      1.64566
     4.04475      0.64171      1.37260      0.83505      1.65372      0.86505      1.68372
     4.07162      0.63428      1.38153      0.84541      1.69179      0.87541      1.72179
     4.09850      0.62708      1.39050      0.85579      1.72983      0.88579      1.75983
     4.12537      0.62011      1.39949      0.86620      1.77215      0.89620      1.80215
     4.15225      0.61337      1.40850      0.87664      1.81563      0.90664      1.84563
     4.17912      0.60686      1.41753      0.88711      1.85932      0.91711      1.88932
     4.20600      0.60059      1.42659      0.89759      1.90317      0.92759      1.93317
     4.23287      0.59454      1.43567      0.90810      1.94716      0.93810      1.97716
     4.25975      0.58872      1.44477      0.91864      1.99126      0.94864      2.02126
     4.28662      0.58312      1.45389      0.92919      2.03543      0.95919      2.06543
     4.31350      0.57774      1.46304      0.93977      2.07965      0.96977      2.10965
     4.34037      0.57258      1.47219      0.95036      2.12388      0.98036      2.15388
     4.36725      0.56763      1.48137      0.96097      2.16811      0.99097      2.19811
     4.39412      0.56289      1.49057      0.97159      2.21231      1.00159      2.24231
     4.42100      0.55835      1.49978      0.98224      2.25645      1.01224      2.28645
     4.44787      0.55401      1.50901      0.99290      2.30051      1.02290      2.33051
     4.47475      0.54986      1.51825      1.00357      2.34446      1.03357      2.37446
     4.50162      0.54591      1.52751      1.01425      2.38830      1.04425      2.41830
     4.52850      0.54213      1.53858      1.02495      2.43199      1.05495      2.46199
     4.55537      0.53854      1.54989      1.03566      2.47553      1.06566      2.50553
     4.58225      0.53512      1.56122      1.04638      2.51890      1.07638      2.54890
     4.60912      0.53188      1.57258      1.05711      2.56207      1.08711      2.59207
     4.63600      0.52879      1.58396      1.06785      2.60505      1.09785      2.63505
     4.66287      0.52587      1.59536      1.07860      2.64780      1.10860      2.67780
     4.68975      0.52310      1.60679      1.08936      2.69034      1.11936      2.72034
     4.71662      0.52048      1.61823      1.10013      2.73263      1.13013      2.76263
     4.74350      0.51801      1.62969      1.11090      2.77468      1.14090      2.80468
     4.77037      0.51567      1.64117      1.12168      2.81648      1.15168      2.84648
     4.79725      0.51348      1.65267      1.13247      2.85801      1.16247      2.88801
     4.82412      0.51141      1.66418      1.14326      2.89928      1.17326      2.92928
     4.85100      0.50947      1.67571      1.15405      2.94027      1.18405      2.97027
     4.87787      0.50766      1.68724      1.16485      2.98098      1.19485      3.01098
     4.90475      0.50596      1.69879      1.17566      3.02142      1.20566      3.05142
     4.93162      0.50438      1.71036      1.18646      3.06156      1.21646      3.09156
     4.95850      0.50291      1.72193      1.19727      3.10142      1.22727      3.13142
     4.98537      0.50155      1.73351      1.20809      3.14099      1.23809      3.17099
     5.01224      0.50029      1.74510      1.21890      3.18027      1.24890      3.21027
     5.03912      0.49913      1.75670      1.22972      3.21926      1.25972      3.24926
     5.06599      0.49806      1.76830      1.24053      3.25796      1.27053      3.28796
     5.09287      0.49709      1.77991      1.25135      3.29636      1.28135      3.32636
     5.11974      0.49621      1.79153      1.26217      3.33448      1.29217      3.36448
     5.14662      0.49542      1.80316      1.27299      3.37230      1.30299      3.40230
     5.17349      0.49471      1.81478      1.28381      3.40984      1.31381      3.43984
     5.20037      0.49408      1.82642      1.29463      3.44709      1.32463      3.47709
     5.22724      0.49353      1.83805      1.30545      3.48405      1.33545      3.51405
     5.25412      0.49305      1.84969      1.31627      3.52074      1.34627      3.55074
     5.28099      0.49265      1.86133      1.32708      3.55715      1.35708      3.58715
     5.30787      0.49232      1.87297      1.33790      3.59328      1.36790      3.62328
     5.33474      0.49206      1.88462      1.34871      3.62913      1.37871      3.65913
     5.36162      0.49186      1.89626      1.35952      3.66473      1.38952      3.69473
     5.38849      0.49172      1.90791      1.37033      3.70005      1.40033      3.73005
     5.41537      0.49165      1.91955      1.38114      3.73511      1.41114      3.76511
     5.44224      0.49163      1.93120      1.39194      3.76991      1.42194      3.79991
     5.46912      0.49167      1.94285      1.40274      3.80446      1.43274      3.83446
     5.49599      0.49177      1.95449      1.41354      3.83876      1.44354      3.86876
     5.52287      0.49192      1.96613      1.42433      3.87281      1.45433      3.90281
     5.54974      0.49212      1.97777      1.43512      3.90662      1.46512      3.93662
     5.57662      0.49237      1.98941      1.44591      3.94019      1.47591      3.97019
     5.60349      0.49267      2.00105      1.45669      3.97353      1.48669      4.00353
     5.63037      0.49301      2.01268      1.46747      4.00664      1.49747      4.03664
     5.65724      0.49340      2.02432      1.47825      4.03952      1.50825      4.06952
     5.68412      0.49383      2.03595      1.48902      4.07218      1.51902      4.10218
     5.71099      0.49431      2.04757      1.49978      4.10462      1.52978      4.13462
     5.73787      0.49482      2.05919      1.51054      4.13685      1.54054      4.16685
     5.76474      0.49538      2.07081      1.52130      4.16887      1.55130      4.19887
     5.79162      0.49597      2.08243      1.53205      4.20069      1.56205      4.23069
     5.81849      0.49660      2.09404      1.54279      4.23230      1.57279      4.26230
     5.84537      0.49726      2.10564      1.55353      4.26372      1.58353      4.29372
     5.87224      0.49796      2.11724      1.56427      4.29495      1.59427      4.32495
     5.89912      0.49869      2.12884      1.57500      4.32598      1.60500      4.35598
     5.92599      0.49945      2.14043      1.58572      4.35684      1.61572      4.38684
     5.95287      0.50024      2.15202      1.59644      4.38751      1.62644      4.41751
     5.97974      0.50106      2.16360      1.60716      4.41801      1.63716      4.44801
     6.00662      0.50191      2.17518      1.61786      4.44833      1.64786      4.47833
     6.03349      0.50279      2.18675      1.62857      4.47848      1.65857      4.50848
     6.06037      0.50370      2.19832      1.63926      4.50847      1.66926      4.53847
     6.08724      0.50464      2.20988      1.64995      4.53830      1.67995      4.56830
     6.11411      0.50559      2.22144      1.66063      4.56796      1.69063      4.59796
     6.14099      0.50658      2.23299      1.67131      4.59748      1.70131      4.62748
     6.16786      0.50758      2.24453      1.68198      4.62684      1.71198      4.65684
     6.19474      0.50862      2.25607      1.69265      4.65605      1.72265      4.68605
     6.22161      0.50967      2.26760      1.70330      4.68512      1.73330      4.71512
     6.24849      0.51074      2.27913      1.71396      4.71405      1.74396      4.74405
     6.27536      0.51184      2.29065      1.72460      4.74284      1.75460      4.77284
     6.30224      0.51296      2.30216      1.73524      4.77149      1.76524      4.80149
     6.32911      0.51409      2.31367      1.74587      4.80001      1.77587      4.83001
