# T/Tc, Ag_min^2, Ag_max^2, Aq_min^2, Aq_max^2
     0.98101      0.75770      0.89345      0.16657      0.21758
     1.00789      0.78560      0.89576      0.15421      0.19609
     1.03476      0.81126      0.89796      0.14307      0.17731
     1.06164      0.83191      0.90000      0.13306      0.16208
     1.08851      0.85164      0.90282      0.12412      0.14848
     1.11539      0.86692      0.91061      0.11615      0.13639
     1.14226      0.87780      0.91746      0.10906      0.12566
     1.16914      0.88488      0.92334      0.10279      0.11616
     1.19601      0.88591      0.93401      0.09577      0.10777
     1.22289      0.88719      0.94500      0.08914      0.10038
     1.24976      0.88869      0.95322      0.08356      0.09389
     1.27664      0.89038      0.95879      0.07888      0.08917
     1.30351      0.89221      0.96189      0.07502      0.08508
     1.33039      0.89415      0.96388      0.07185      0.08148
     1.35726      0.89616      0.96760      0.06928      0.07833
     1.38414      0.89822      0.96954      0.06724      0.07557
     1.41101      0.90028      0.96979      0.06565      0.07317
     1.43789      0.90232      0.96843      0.06381      0.07108
     1.46476      0.90430      0.96558      0.06209      0.06929
     1.49164      0.90533      0.96137      0.06071      0.06791
     1.51851      0.90440      0.95596      0.05965      0.06705
     1.54539      0.90344      0.94950      0.05888      0.06638
     1.57226      0.90124      0.94217      0.05837      0.06587
     1.59913      0.89723      0.93823      0.05810      0.06552
     1.62601      0.89325      0.93716      0.05806      0.06532
     1.65288      0.88806      0.93580      0.05822      0.06524
     1.67976      0.88192      0.93417      0.05857      0.06529
     1.70663      0.87560      0.93230      0.05904      0.06546
     1.73351      0.86991      0.93024      0.05953      0.06573
     1.76038      0.86488      0.92799      0.06022      0.06612
     1.78726      0.86057      0.92559      0.06109      0.06681
     1.81413      0.85570      0.92306      0.06214      0.06771
     1.84101      0.85014      0.92042      0.06335      0.06867
     1.86788      0.84549      0.91770      0.06473      0.06970
     1.89476      0.84184      0.91673      0.06574      0.07079
     1.92163      0.83921      0.91624      0.06662      0.07196
     1.94851      0.83763      0.91564      0.06762      0.07324
     1.97538      0.83709      0.91494      0.06872      0.07472
     2.00226      0.83758      0.91417      0.06992      0.07630
     2.02913      0.83807      0.91332      0.07123      0.07796
     2.05601      0.83924      0.91240      0.07265      0.07968
     2.08288      0.84140      0.91142      0.07416      0.08145
     2.10976      0.84451      0.91038      0.07579      0.08327
     2.13663      0.84849      0.90929      0.07721      0.08513
     2.16351      0.85325      0.90815      0.07860      0.08703
     2.19038      0.85696      0.90711      0.08006      0.08896
     2.21726      0.85995      0.90674      0.08159      0.09092
     2.24413      0.86362      0.90632      0.08320      0.09325
     2.27101      0.86795      0.90812      0.08491      0.09587
     2.29788      0.87284      0.91088      0.08673      0.09858
     2.32476      0.87246      0.91329      0.08865      0.10149
     2.35163      0.87078      0.91529      0.09071      0.10452
     2.37851      0.86888      0.92015      0.09291      0.10765
     2.40538      0.86709      0.92679      0.09526      0.11086
     2.43226      0.86541      0.93287      0.09777      0.11416
     2.45913      0.86385      0.93825      0.10047      0.11754
     2.48601      0.86239      0.94281      0.10337      0.12102
     2.51288      0.86104      0.94644      0.10648      0.12457
     2.53976      0.85980      0.94905      0.10982      0.12821
     2.56663      0.85868      0.95057      0.11342      0.13203
     2.59351      0.85766      0.95092      0.11728      0.13607
     2.62038      0.85674      0.95007      0.12143      0.14024
     2.64726      0.85593      0.94798      0.12575      0.14456
     2.67413      0.85522      0.94465      0.13023      0.14901
     2.70101      0.85461      0.94008      0.13458      0.15360
     2.72788      0.85409      0.93428      0.13856      0.15833
     2.75475      0.85367      0.92728      0.14270      0.16320
     2.78163      0.85334      0.91912      0.14687      0.16850
     2.80850      0.85310      0.90984      0.14992      0.17523
     2.83538      0.85293      0.90024      0.15300      0.18233
     2.86225      0.85285      0.89085      0.15610      0.19067
     2.88913      0.84880      0.88044      0.15922      0.20032
     2.91600      0.84373      0.87266      0.16237      0.21066
     2.94288      0.83840      0.87034      0.16554      0.22173
     2.96975      0.82808      0.86850      0.16873      0.23356
     2.99663      0.81159      0.86889      0.17195      0.24632
     3.02350      0.79333      0.86929      0.17518      0.26011
     3.05038      0.77443      0.86971      0.17842      0.27473
     3.07725      0.75504      0.87016      0.18169      0.29015
     3.10413      0.73533      0.87062      0.18497      0.30635
     3.13100      0.71545      0.87109      0.18826      0.32328
     3.15788      0.69554      0.87158      0.19157      0.34090
     3.18475      0.67575      0.87208      0.19488      0.35916
     3.21163      0.65618      0.87260      0.19821      0.37798
     3.23850      0.63694      0.87312      0.20155      0.39731
     3.26538      0.61812      0.87366      0.20489      0.41705
     3.29225      0.59980      0.87420      0.20825      0.43715
     3.31913      0.58203      0.87475      0.21160      0.45810
     3.34600      0.56486      0.87532      0.21496      0.47987
     3.37288      0.54832      0.87588      0.21833      0.50200
     3.39975      0.53244      0.87645      0.22169      0.52440
     3.42663      0.51722      0.87703      0.22505      0.54699
     3.45350      0.50267      0.87762      0.22842      0.57199
     3.48038      0.48878      0.87820      0.23178      0.60307
     3.50725      0.47555      0.87879      0.23513      0.63531
     3.53413      0.46295      0.87938      0.23849      0.66868
     3.56100      0.44726      0.87998      0.24183      0.70315
     3.58788      0.43037      0.88058      0.24517      0.73868
     3.61475      0.41395      0.88117      0.24850      0.77522
     3.64163      0.39803      0.88177      0.25183      0.81270
     3.66850      0.38263      0.88237      0.25514      0.85108
     3.69538      0.36775      0.88297      0.25844      0.89030
     3.72225      0.35341      0.88357      0.26173      0.93027
     3.74913      0.33960      0.88417      0.26500      0.97095
     3.77600      0.32634      0.88477      0.26826      1.01225
     3.80288      0.31361      0.88536      0.27151      1.05410
     3.82975      0.30141      0.88596      0.27474      1.09656
     3.85662      0.28973      0.88655      0.27795      1.14178
     3.88350      0.27857      0.88714      0.28114      1.18764
     3.91037      0.26792      0.88772      0.28432      1.23407
     3.93725      0.25775      0.88831      0.28748      1.28101
     3.96412      0.24806      0.88889      0.29062      1.32837
     3.99100      0.23883      0.88947      0.29374      1.37608
     4.01787      0.23005      0.89004      0.29683      1.42408
     4.04475      0.22169      0.89062      0.29991      1.47230
     4.07162      0.21375      0.89118      0.30296      1.52066
     4.09850      0.20620      0.89175      0.30600      1.56910
     4.12537      0.19903      0.89231      0.30900      1.61755
     4.15225      0.19222      0.89286      0.31199      1.66596
     4.17912      0.18576      0.89341      0.31495      1.71426
     4.20600      0.17963      0.89396      0.31789      1.76239
     4.23287      0.17381      0.89450      0.32080      1.81031
     4.25975      0.16829      0.89504      0.32369      1.85795
     4.28662      0.16305      0.89557      0.32656      1.90527
     4.31350      0.15809      0.89610      0.32940      1.95223
     4.34037      0.15337      0.89662      0.33221      1.99879
     4.36725      0.14890      0.89714      0.33500      2.04489
     4.39412      0.14466      0.89765      0.33776      2.09052
     4.42100      0.14063      0.89816      0.34049      2.13563
     4.44787      0.13681      0.89866      0.34320      2.18020
     4.47475      0.13318      0.89915      0.34589      2.22421
     4.50162      0.12974      0.89965      0.34854      2.26761
     4.52850      0.12647      0.90013      0.35117      2.31041
     4.55537      0.12336      0.90061      0.35378      2.35257
     4.58225      0.12041      0.90109      0.35636      2.39408
     4.60912      0.11761      0.90156      0.35891      2.43493
     4.63600      0.11494      0.90202      0.36143      2.47510
     4.66287      0.11241      0.90248      0.36393      2.51460
     4.68975      0.10999      0.90293      0.36641      2.55340
     4.71662      0.10770      0.90338      0.36885      2.59151
     4.74350      0.10552      0.90382      0.37127      2.62891
     4.77037      0.10344      0.90426      0.37367      2.66562
     4.79725      0.10146      0.90469      0.37603      2.70163
     4.82412      0.09957      0.90512      0.37838      2.73694
     4.85100      0.09777      0.90554      0.38069      2.77155
     4.87787      0.09606      0.90595      0.38298      2.80546
     4.90475      0.09442      0.90636      0.38525      2.83868
     4.93162      0.09286      0.90677      0.38749      2.87122
     4.95850      0.09137      0.90717      0.38970      2.90308
     4.98537      0.08995      0.90756      0.39189      2.93427
     5.01224      0.08859      0.90795      0.39405      2.96480
     5.03912      0.08730      0.90834      0.39619      2.99467
     5.06599      0.08606      0.90871      0.39831      3.02389
     5.09287      0.08487      0.90909      0.40040      3.05247
     5.11974      0.08374      0.90945      0.40247      3.08043
     5.14662      0.08265      0.90982      0.40451      3.10777
     5.17349      0.08161      0.91018      0.40653      3.13450
     5.20037      0.08062      0.91053      0.40852      3.16064
     5.22724      0.07967      0.91088      0.41050      3.18619
     5.25412      0.07875      0.91122      0.41244      3.21116
     5.28099      0.07788      0.91156      0.41437      3.23557
     5.30787      0.07704      0.91189      0.41627      3.25943
     5.33474      0.07624      0.91222      0.41815      3.28274
     5.36162      0.07547      0.91255      0.42001      3.30553
     5.38849      0.07473      0.91287      0.42185      3.32780
     5.41537      0.07402      0.91318      0.42366      3.34956
     5.44224      0.07334      0.91349      0.42546      3.37082
     5.46912      0.07268      0.91380      0.42723      3.39159
     5.49599      0.07205      0.91410      0.42898      3.41190
     5.52287      0.07145      0.91439      0.43071      3.43173
     5.54974      0.07087      0.91469      0.43242      3.45112
     5.57662      0.07031      0.91498      0.43411      3.47006
     5.60349      0.06977      0.91526      0.43578      3.48857
     5.63037      0.06925      0.91554      0.43743      3.50665
     5.65724      0.06875      0.91581      0.43906      3.52433
     5.68412      0.06827      0.91609      0.44067      3.54160
     5.71099      0.06781      0.91635      0.44226      3.55848
     5.73787      0.06737      0.91662      0.44383      3.57498
     5.76474      0.06694      0.91688      0.44538      3.59110
     5.79162      0.06652      0.91713      0.44691      3.60686
     5.81849      0.06613      0.91739      0.44843      3.62226
     5.84537      0.06574      0.91763      0.44993      3.63732
     5.87224      0.06537      0.91788      0.45141      3.65204
     5.89912      0.06501      0.91812      0.45287      3.66643
     5.92599      0.06467      0.91835      0.45431      3.68050
     5.95287      0.06434      0.91859      0.45574      3.69426
     5.97974      0.06402      0.91882      0.45715      3.70771
     6.00662      0.06371      0.91904      0.45854      3.72087
     6.03349      0.06341      0.91927      0.45992      3.73373
     6.06037      0.06312      0.91949      0.46128      3.74631
     6.08724      0.06284      0.91970      0.46263      3.75862
     6.11411      0.06257      0.91992      0.46395      3.77066
     6.14099      0.06230      0.92012      0.46527      3.78244
     6.16786      0.06205      0.92033      0.46656      3.79396
     6.19474      0.06181      0.92053      0.46784      3.80523
     6.22161      0.06157      0.92073      0.46911      3.81626
     6.24849      0.06134      0.92093      0.47036      3.82706
     6.27536      0.06112      0.92113      0.47160      3.83762
     6.30224      0.06090      0.92132      0.47282      3.84796
     6.32911      0.06070      0.92150      0.47403      3.85808
