# T/Tc, g_max^2, g_min^2
     0.98101     67.94382     50.88795
     0.99835     65.63541     49.86857
     1.01568     63.40756     48.87115
     1.03301     61.26021     47.89582
     1.05035     59.19298     46.94261
     1.06768     57.20495     46.01151
     1.08501     55.29490     45.10229
     1.10235     53.46124     44.21475
     1.11968     51.70209     43.34850
     1.13701     50.01541     42.50318
     1.15435     48.39878     41.67822
     1.17168     46.84988     40.87312
     1.18901     45.53730     40.08726
     1.20635     44.59302     39.31994
     1.22368     43.63223     38.57051
     1.24102     42.65797     37.83821
     1.25835     41.67342     37.12231
     1.27568     40.68168     36.23570
     1.29302     39.68597     35.37608
     1.31035     38.68929     34.54674
     1.32768     37.69473     33.74582
     1.34502     36.70504     32.97168
     1.36235     35.72294     32.22266
     1.37968     34.75093     31.49719
     1.39702     33.79124     30.79379
     1.41435     32.84586     30.11103
     1.43168     32.10768     29.44755
     1.44902     31.39581     28.80212
     1.46635     30.68753     28.17354
     1.48368     29.98313     27.56067
     1.50102     29.28300     26.84077
     1.51835     28.58745     26.11977
     1.53568     27.89681     25.41945
     1.55302     27.21155     24.73920
     1.57035     26.53204     24.07843
     1.58769     25.85871     23.43659
     1.60502     25.19206     22.81319
     1.62235     24.54733     22.20771
     1.63969     24.01317     21.61970
     1.65702     23.48185     21.04871
     1.67435     22.95326     20.49432
     1.69169     22.42739     19.95612
     1.70902     21.90426     19.43372
     1.72635     21.38400     18.92675
     1.74369     20.86675     18.43484
     1.76102     20.35274     17.95761
     1.77835     19.84230     17.49475
     1.79569     19.33573     17.04589
     1.81302     18.83347     16.61069
     1.83035     18.33599     16.18886
     1.84769     17.84381     15.78004
     1.86502     17.35744     15.37602
     1.88235     16.87751     14.95763
     1.89969     16.40461     14.55388
     1.91702     15.93938     14.16436
     1.93436     15.48245     13.78488
     1.95169     15.03446     13.41855
     1.96902     14.59603     13.06641
     1.98636     14.16776     12.72800
     2.00369     13.75023     12.40284
     2.02102     13.34394     12.09048
     2.03836     12.96817     11.79041
     2.05569     12.64078     11.50220
     2.07302     12.32181     11.22539
     2.09036     12.01132     10.95952
     2.10769     11.70934     10.70190
     2.12502     11.41597     10.44656
     2.14236     11.13118     10.16514
     2.15969     10.85760      9.89618
     2.17702     10.60010      9.63934
     2.19436     10.35147      9.39423
     2.21169     10.11152      9.16047
     2.22902      9.88002      8.93768
     2.24636      9.65675      8.72548
     2.26369      9.44151      8.52347
     2.28103      9.23408      8.33126
     2.29836      9.03423      8.14845
     2.31569      8.84888      7.97469
     2.33303      8.67140      7.80957
     2.35036      8.50041      7.65274
     2.36769      8.33576      7.50384
     2.38503      8.18242      7.36251
     2.40236      8.03700      7.22842
     2.41969      7.89695      7.10122
     2.43703      7.76208      6.98062
     2.45436      7.63218      6.86628
     2.47169      7.50706      6.75793
     2.48903      7.38651      6.65527
     2.50636      7.27037      6.55803
     2.52369      7.16021      6.46594
     2.54103      7.06159      6.37876
     2.55836      6.96714      6.29625
     2.57569      6.87672      6.21817
     2.59303      6.79019      6.14431
     2.61036      6.70742      6.07000
     2.62770      6.62826      5.97798
     2.64503      6.55259      5.89016
     2.66236      6.48027      5.80645
     2.67970      6.41117      5.72673
     2.69703      6.35299      5.65090
     2.71436      6.30622      5.57887
     2.73170      6.26197      5.51052
     2.74903      6.22011      5.44578
     2.76636      6.18052      5.38454
     2.78370      6.14309      5.32672
     2.80103      6.10771      5.27222
     2.81836      6.07426      5.22096
     2.83570      6.04266      5.17286
     2.85303      6.01282      5.12784
     2.87036      5.98463      5.08581
     2.88770      5.95804      5.04672
     2.90503      5.93294      5.01046
     2.92236      5.90927      4.97436
     2.93970      5.88696      4.93519
     2.95703      5.86594      4.89808
     2.97437      5.84615      4.86295
     2.99170      5.82752      4.82972
     3.00903      5.81001      4.79831
     3.02637      5.79355      4.76863
     3.04370      5.77810      4.74062
     3.06103      5.76360      4.71419
     3.07837      5.75002      4.68926
     3.09570      5.73731      4.66578
     3.11303      5.72542      4.64367
     3.13037      5.71433      4.62286
     3.14770      5.70398      4.60328
     3.16503      5.69435      4.58487
     3.18237      5.68541      4.55633
     3.19970      5.67711      4.52188
     3.21703      5.66944      4.48834
     3.23437      5.66237      4.45568
     3.25170      5.65586      4.42387
     3.26904      5.64989      4.39289
     3.28637      5.64445      4.36270
     3.30370      5.63949      4.33330
     3.32104      5.63501      4.30465
     3.33837      5.63098      4.27673
     3.35570      5.62739      4.24952
     3.37304      5.62420      4.22301
     3.39037      5.62141      4.19717
     3.40770      5.61901      4.17197
     3.42504      5.61696      4.14742
     3.44237      5.61526      4.12348
     3.45970      5.61389      4.10014
     3.47704      5.61285      4.07738
     3.49437      5.61211      4.05519
     3.51170      5.61166      4.03355
     3.52904      5.61149      4.01245
     3.54637      5.61159      3.99187
     3.56370      5.61195      3.97180
     3.58104      5.61255      3.95222
     3.59837      5.61339      3.93312
     3.61571      5.61446      3.91450
     3.63304      5.61575      3.89632
     3.65037      5.61725      3.87860
     3.66771      5.61895      3.86130
     3.68504      5.62085      3.84442
     3.70237      5.62292      3.82796
     3.71971      5.62518      3.81189
     3.73704      5.62761      3.79621
     3.75437      5.63021      3.78091
     3.77171      5.64652      3.76597
     3.78904      5.68870      3.75140
     3.80637      5.73133      3.73717
     3.82371      5.77436      3.72328
     3.84104      5.81777      3.70973
     3.85837      5.86152      3.69649
     3.87571      5.90557      3.68357
     3.89304      5.94988      3.67096
     3.91037      5.99441      3.65864
     3.92771      6.03915      3.64661
     3.94504      6.08404      3.63487
     3.96238      6.12906      3.62340
     3.97971      6.17418      3.61220
     3.99704      6.21935      3.60125
     4.01438      6.26457      3.59056
     4.03171      6.30978      3.58012
     4.04904      6.35497      3.56992
     4.06638      6.40010      3.55995
     4.08371      6.44514      3.55022
     4.10104      6.49009      3.54070
     4.11838      6.53489      3.53140
     4.13571      6.57954      3.52231
     4.15304      6.62401      3.51342
     4.17038      6.66827      3.50473
     4.18771      6.71230      3.49624
     4.20504      6.75610      3.48794
     4.22238      6.79962      3.47982
     4.23971      6.84286      3.47188
     4.25704      6.88579      3.46412
     4.27438      6.92840      3.45652
     4.29171      6.97068      3.44910
     4.30905      7.01261      3.44183
     4.32638      7.05418      3.43472
     4.34371      7.09536      3.42776
     4.36105      7.13616      3.42096
     4.37838      7.17655      3.41429
     4.39571      7.21653      3.40777
     4.41305      7.25609      3.40139
     4.43038      7.29521      3.39514
