   Tcen(MeV)       Tup(MeV)        Tdown(MeV)      chi2           chi4             chi6           chi8             chi10
   8.0192462e-01   8.0971660e-01   7.9428118e-01   1.1805053e-09  -1.7154238e-12   2.4102032e-15  -2.6759506e-18   1.6829729e-21
   1.6038492e+00   1.6194332e+00   1.5885624e+00   2.4445002e-10  -1.5580153e-12   9.1236594e-15  -4.1154171e-17   1.0418272e-19
   2.4057739e+00   2.4291498e+00   2.3828435e+00   1.0786728e-10  -1.8158941e-12   2.4574687e-14  -2.4795019e-16   1.3920937e-18
   3.2076985e+00   3.2388664e+00   3.1771247e+00   4.6844553e-11  -1.3375739e-12   3.2944833e-14  -6.1419302e-16   6.3633136e-18
   4.0096231e+00   4.0485830e+00   3.9714059e+00   1.5382805e-11  -8.8684859e-13   3.9486863e-14  -1.2502707e-15   2.1178019e-17
   4.8115477e+00   4.8582996e+00   4.7656871e+00   1.1060850e-11  -1.1841911e-12   7.5147399e-14  -3.2905647e-15   7.7323556e-17
   5.6134723e+00   5.6680162e+00   5.5599682e+00   1.5838020e-11  -1.4660779e-12   1.1305865e-13  -6.5332897e-15   2.0767670e-16
   6.4153970e+00   6.4777328e+00   6.3542494e+00   1.7031777e-11  -1.4994113e-12   1.3884231e-13  -1.0070393e-14   4.1064921e-16
   7.2173216e+00   7.2874494e+00   7.1485306e+00   1.1338634e-11  -1.3457903e-12   1.5755153e-13  -1.4472173e-14   7.5170341e-16
   8.0192462e+00   8.0971660e+00   7.9428118e+00   6.3364772e-12  -1.2943265e-12   2.0553996e-13  -2.3744206e-14   1.5143231e-15
   8.8211708e+00   8.9068826e+00   8.7370929e+00   3.8579319e-12  -1.0876193e-12   2.1775491e-13  -3.1247540e-14   2.4512693e-15
   9.6230954e+00   9.7165992e+00   9.5313741e+00   3.8005607e-12  -9.1289993e-13   2.1271563e-13  -3.7691415e-14   3.6768194e-15
   1.0425020e+01   1.0526316e+01   1.0325655e+01   5.0216839e-12  -1.8225091e-12   4.9374085e-13  -9.6096784e-14   1.0232937e-14
   1.1226945e+01   1.1336032e+01   1.1119936e+01   5.7874411e-12  -1.7149322e-12   4.7829482e-13  -1.0370093e-13   1.2706741e-14
   1.2028869e+01   1.2145749e+01   1.1914218e+01   1.7488128e-12  -9.3763225e-13   3.6787985e-13  -1.0133258e-13   1.5172804e-14
   1.2830794e+01   1.2955466e+01   1.2708499e+01   3.0015829e-12  -1.3754468e-12   5.4205193e-13  -1.5924424e-13   2.5838163e-14
   1.3632719e+01   1.3765182e+01   1.3502780e+01   3.0246274e-12  -1.4424117e-12   5.5731504e-13  -1.7250085e-13   3.1152162e-14
   1.4434643e+01   1.4574899e+01   1.4297061e+01   2.8409905e-12  -1.2140893e-12   5.5137619e-13  -1.9985308e-13   4.1112131e-14
   1.5236568e+01   1.5384615e+01   1.5091342e+01   1.5483440e-12  -1.2366610e-12   7.3007691e-13  -3.1040998e-13   7.2402480e-14
   1.6038492e+01   1.6194332e+01   1.5885624e+01   9.6142328e-13  -1.0475958e-12   7.1243727e-13  -3.3977431e-13   8.8815326e-14
   1.6840417e+01   1.7004049e+01   1.6679905e+01   3.0469837e-12  -1.8002675e-12   1.1194628e-12  -5.5275809e-13   1.5428999e-13
   1.7642342e+01   1.7813765e+01   1.7474186e+01   2.6701458e-12  -1.9415423e-12   1.3275966e-12  -7.0586642e-13   2.1261676e-13
   1.8444266e+01   1.8623482e+01   1.8268467e+01   1.9138070e-12  -1.8244698e-12   1.4330051e-12  -8.4361441e-13   2.7774756e-13
   1.9246191e+01   1.9433198e+01   1.9062748e+01   1.2422631e-12  -1.2563173e-12   1.2377619e-12  -8.8809052e-13   3.4416940e-13
   2.0048115e+01   2.0242915e+01   1.9857029e+01   1.3976979e-12  -1.3363492e-12   1.2117736e-12  -8.5602668e-13   3.4663113e-13
   2.0850040e+01   2.1052632e+01   2.0651311e+01   8.2702808e-13  -9.6160516e-13   1.0866888e-12  -8.9286719e-13   4.1578967e-13
   2.1651965e+01   2.1862348e+01   2.1445592e+01   8.7858039e-13  -1.2032838e-12   1.4947954e-12  -1.2885823e-12   6.5998211e-13
   2.2453889e+01   2.2672065e+01   2.2239873e+01   5.9769769e-13  -7.8682297e-13   1.2014099e-12  -1.1298759e-12   7.5069936e-13
   2.3255814e+01   2.3481781e+01   2.3034154e+01   7.9562598e-13  -1.3740064e-12   2.3775641e-12  -2.2524481e-12   1.6738193e-12
   2.4057739e+01   2.4291498e+01   2.3828435e+01   9.3848798e-13  -9.7760313e-13   2.8477420e-12  -2.6989188e-12   2.8166776e-12
   2.4859663e+01   2.5101215e+01   2.4622716e+01   3.0390319e-12  -1.8060375e-12   5.4375330e-12  -4.5126267e-12   5.7629608e-12
   2.5661588e+01   2.5910931e+01   2.5416998e+01   4.1251673e-12  -7.5289214e-13   8.9621721e-12  -6.7779238e-12   1.1705161e-11
   2.6463512e+01   2.6720648e+01   2.6211279e+01   8.3483012e-12   1.1159096e-12   1.5914920e-11  -9.7703420e-12   2.3238386e-11
   2.7265437e+01   2.7530364e+01   2.7005560e+01   1.6293044e-11   5.9193074e-12   2.9580963e-11  -1.4621923e-11   4.6491097e-11
   2.8067362e+01   2.8340081e+01   2.7799841e+01   3.2469236e-11   1.7798663e-11   5.2875871e-11  -1.8183761e-11   8.8836543e-11
   2.8869286e+01   2.9149798e+01   2.8594122e+01   6.3244854e-11   4.1414554e-11   9.7009390e-11  -2.2623873e-11   1.6878179e-10
   2.9671211e+01   2.9959514e+01   2.9388403e+01   1.1936070e-10   8.9652921e-11   1.7163177e-10  -1.8196428e-11   3.0750888e-10
   3.0473136e+01   3.0769231e+01   3.0182685e+01   2.2134724e-10   1.7804000e-10   3.0246879e-10  -1.1643455e-12   5.4918190e-10
   3.1275060e+01   3.1578947e+01   3.0976966e+01   3.9788289e-10   3.3778640e-10   5.2067093e-10   4.9575195e-11   9.5168980e-10
   3.2076985e+01   3.2388664e+01   3.1771247e+01   6.9660727e-10   6.1544915e-10   8.7807420e-10   1.6272718e-10   1.6085978e-09
   3.2878909e+01   3.3198381e+01   3.2565528e+01   1.1901291e-09   1.0816447e-09   1.4516718e-09   3.8948666e-10   2.6519755e-09
   3.3680834e+01   3.4008097e+01   3.3359809e+01   1.9861161e-09   1.8408601e-09   2.3584770e-09   8.0177871e-10   4.2804548e-09
   3.4482759e+01   3.4817814e+01   3.4154091e+01   3.2385901e-09   3.0504913e-09   3.7564642e-09   1.5255606e-09   6.7601490e-09
   3.5284683e+01   3.5627530e+01   3.4948372e+01   5.1705635e-09   4.9285972e-09   5.8796160e-09   2.7323870e-09   1.0469282e-08
   3.6086608e+01   3.6437247e+01   3.5742653e+01   8.0909209e-09   7.7846331e-09   9.0461616e-09   4.6768855e-09   1.5917990e-08
   3.6888532e+01   3.7246964e+01   3.6536934e+01   1.2425102e-08   1.2041453e-08   1.3692883e-08   7.7167388e-09   2.3787359e-08
   3.7690457e+01   3.8056680e+01   3.7331215e+01   1.8745629e-08   1.8273845e-08   2.0400610e-08   1.2355402e-08   3.4965488e-08
   3.8492382e+01   3.8866397e+01   3.8125496e+01   2.7816580e-08   2.7239922e-08   2.9954278e-08   1.9245620e-08   5.0637277e-08
   3.9294306e+01   3.9676113e+01   3.8919778e+01   4.0637162e-08   3.9939881e-08   4.3363396e-08   2.9290513e-08   7.2286616e-08
   4.0096231e+01   4.0485830e+01   3.9714059e+01   5.8500153e-08   5.7666877e-08   6.1935189e-08   4.3662263e-08   1.0180923e-07
   4.0898156e+01   4.1295547e+01   4.0508340e+01   8.3057788e-08   8.2072483e-08   8.7334886e-08   6.3886788e-08   1.4155969e-07
   4.1700080e+01   4.2105263e+01   4.1302621e+01   1.1727466e-07   1.1093858e-07   1.3973515e-07   3.4992908e-08   2.9403572e-07
   4.2502005e+01   4.2914980e+01   4.2096902e+01   1.6047382e-07   1.6280145e-07   1.5582414e-07   1.6272858e-07   2.1752781e-07
   4.3303929e+01   4.3724696e+01   4.2891183e+01   2.2005471e-07   2.2155178e-07   2.1406367e-07   2.3496501e-07   2.5251197e-07
   4.4105854e+01   4.4534413e+01   4.3685465e+01   2.9907399e-07   2.9314088e-07   3.1980581e-07   2.2268196e-07   5.0485068e-07
   4.4907779e+01   4.5344130e+01   4.4479746e+01   4.0036356e-07   3.9241621e-07   4.3559540e-07   2.6009920e-07   7.6346082e-07
   4.5709703e+01   4.6153846e+01   4.5274027e+01   5.3019408e-07   5.2419337e-07   5.6448613e-07   3.7857893e-07   9.6598475e-07
   4.6511628e+01   4.6963563e+01   4.6068308e+01   6.9513509e-07   6.9782720e-07   7.0104749e-07   6.2889434e-07   1.0324876e-06
   4.7313553e+01   4.7773279e+01   4.6862589e+01   9.0509533e-07   9.1127556e-07   8.9728704e-07   8.8007954e-07   1.2175189e-06
   4.8115477e+01   4.8582996e+01   4.7656871e+01   1.1700802e-06   1.1730461e-06   1.1654585e-06   1.1340489e-06   1.5466060e-06
   4.8917402e+01   4.9392713e+01   4.8451152e+01   1.4998619e-06   1.4977041e-06   1.5108029e-06   1.4000785e-06   2.0680174e-06
   4.9719326e+01   5.0202429e+01   4.9245433e+01   1.9080942e-06   1.8946878e-06   1.9612750e-06   1.6361738e-06   2.9155540e-06
   5.0521251e+01   5.1012146e+01   5.0039714e+01   2.4075035e-06   2.3901808e-06   2.4795806e-06   2.0422869e-06   3.7319624e-06
   5.1323176e+01   5.1821862e+01   5.0833995e+01   3.0141637e-06   3.0048289e-06   3.0652839e-06   2.7050989e-06   4.3745018e-06
   5.2125100e+01   5.2631579e+01   5.1628276e+01   3.7505398e-06   3.7453192e-06   3.7904166e-06   3.4631288e-06   5.2287933e-06
   5.2927025e+01   5.3441296e+01   5.2422558e+01   4.6384301e-06   4.6327762e-06   4.6832112e-06   4.3060739e-06   6.4045612e-06
   5.3728949e+01   5.4251012e+01   5.3216839e+01   5.7015938e-06   5.6954983e-06   5.7516641e-06   5.3191870e-06   7.8004368e-06
   5.4530874e+01   5.5060729e+01   5.4011120e+01   6.9675676e-06   6.9610206e-06   7.0233471e-06   6.5295837e-06   9.4494250e-06
   5.5332799e+01   5.5870445e+01   5.4805401e+01   8.4670236e-06   8.4600222e-06   8.5289349e-06   7.9676721e-06   1.1387761e-05
   5.6134723e+01   5.6680162e+01   5.5599682e+01   1.0233968e-05   1.0226512e-05   1.0302462e-05   9.6671175e-06   1.3655657e-05
   5.6936648e+01   5.7489879e+01   5.6393963e+01   1.2305930e-05   1.2298025e-05   1.2381484e-05   1.1665142e-05   1.6297387e-05
   5.7738573e+01   5.8299595e+01   5.7188245e+01   1.4724152e-05   1.4715809e-05   1.4807287e-05   1.4002684e-05   1.9361414e-05
   5.8540497e+01   5.9109312e+01   5.7982526e+01   1.7533762e-05   1.7525004e-05   1.7625030e-05   1.6724686e-05   2.2900668e-05
   5.9342422e+01   5.9919028e+01   5.8776807e+01   2.0783950e-05   2.0774808e-05   2.0883971e-05   1.9880083e-05   2.6973025e-05
   6.0144346e+01   6.0728745e+01   5.9571088e+01   2.4528122e-05   2.4518645e-05   2.4637581e-05   2.3522176e-05   3.1641189e-05
   6.0946271e+01   6.1538462e+01   6.0365369e+01   2.8824049e-05   2.8814304e-05   2.8943735e-05   2.7708659e-05   3.6973247e-05
   6.1748196e+01   6.2348178e+01   6.1159651e+01   3.3734007e-05   3.3724085e-05   3.3864832e-05   3.2501822e-05   4.3042883e-05
   6.2550120e+01   6.3157895e+01   6.1953932e+01   3.9324896e-05   3.9314918e-05   3.9467939e-05   3.7968678e-05   4.9929777e-05
   6.3352045e+01   6.3967611e+01   6.2748213e+01   4.5668353e-05   4.5658482e-05   4.5824880e-05   4.4181256e-05   5.7719314e-05
   6.4153970e+01   6.4777328e+01   6.3542494e+01   5.2840846e-05   5.2831293e-05   5.3012403e-05   5.1216364e-05   6.6504305e-05
   6.4955894e+01   6.5587045e+01   6.4336775e+01   6.0923758e-05   6.0914793e-05   6.1112212e-05   5.9156137e-05   7.6788644e-05
   6.5757819e+01   6.6396761e+01   6.5131056e+01   7.0003457e-05   6.9995348e-05   7.0211759e-05   6.8083773e-05   8.8784792e-05
   6.6559743e+01   6.7206478e+01   6.5925338e+01   8.0171320e-05   8.0164692e-05   8.0400837e-05   7.8104683e-05   1.0274998e-04
   6.7361668e+01   6.8016194e+01   6.6719619e+01   9.1523842e-05   9.1519172e-05   9.1778730e-05   8.9303637e-05   1.1898653e-04
   6.8163593e+01   6.8825911e+01   6.7513900e+01   1.0416259e-04   1.0416058e-04   1.0444700e-04   1.0178981e-04   1.3484875e-04
   6.8965517e+01   6.9635628e+01   6.8308181e+01   1.1819423e-04   1.1819580e-04   1.1851328e-04   1.1567178e-04   1.5242825e-04
   6.9767442e+01   7.0445344e+01   6.9102462e+01   1.3373058e-04   1.3373682e-04   1.3409044e-04   1.3106582e-04   1.7194289e-04
   7.0569366e+01   7.1255061e+01   6.9896743e+01   1.5088856e-04   1.5090044e-04   1.5130149e-04   1.4805065e-04   1.9358843e-04
   7.1371291e+01   7.2064777e+01   7.0691025e+01   1.6979002e-04   1.6981055e-04   1.7025097e-04   1.6691924e-04   2.1750301e-04
   7.2173216e+01   7.2874494e+01   7.1485306e+01   1.9056214e-04   1.9059276e-04   1.9108778e-04   1.8764676e-04   2.4385663e-04
   7.2975140e+01   7.3684211e+01   7.2279587e+01   2.1333698e-04   2.1337903e-04   2.1395413e-04   2.1028855e-04   2.7277730e-04
   7.3777065e+01   7.4493927e+01   7.3073868e+01   2.3825143e-04   2.3830803e-04   2.3897840e-04   2.3507593e-04   3.0452056e-04
   7.4578990e+01   7.5303644e+01   7.3868149e+01   2.6544738e-04   2.6552303e-04   2.6629476e-04   2.6227268e-04   3.3932091e-04
   7.5380914e+01   7.6113360e+01   7.4662431e+01   2.9507161e-04   2.9517124e-04   2.9605731e-04   2.9200859e-04   3.7755779e-04
   7.6182839e+01   7.6923077e+01   7.5456712e+01   3.2727564e-04   3.2740572e-04   3.2841275e-04   3.2454393e-04   4.1951895e-04
   7.6984763e+01   7.7732794e+01   7.6250993e+01   3.6221587e-04   3.6238178e-04   3.6354598e-04   3.5984958e-04   4.6559918e-04
   7.7786688e+01   7.8542510e+01   7.7045274e+01   4.0005323e-04   4.0026190e-04   4.0162008e-04   3.9813845e-04   5.1599003e-04
   7.8588613e+01   7.9352227e+01   7.7839555e+01   4.4095330e-04   4.4121259e-04   4.4281322e-04   4.3954221e-04   5.7102224e-04
   7.9390537e+01   8.0161943e+01   7.8633836e+01   4.8508610e-04   4.8540612e-04   4.8729596e-04   4.8432872e-04   6.3101651e-04
   8.0192462e+01   8.0971660e+01   7.9428118e+01   5.3262632e-04   5.3301725e-04   5.3527386e-04   5.3248623e-04   6.9646394e-04
   8.0994387e+01   8.1781377e+01   8.0222399e+01   5.8375269e-04   5.8423107e-04   5.8688813e-04   5.8468500e-04   7.6791523e-04
   8.1796311e+01   8.2591093e+01   8.1016680e+01   6.3864870e-04   6.3923227e-04   6.4234489e-04   6.4106406e-04   8.4588836e-04
   8.2598236e+01   8.3400810e+01   8.1810961e+01   6.9750211e-04   6.9821166e-04   7.0184113e-04   7.0190424e-04   9.3078491e-04
   8.3400160e+01   8.4210526e+01   8.2605242e+01   7.6050517e-04   7.6136264e-04   7.6560170e-04   7.6730819e-04   1.0233120e-03
   8.4202085e+01   8.5020243e+01   8.3399523e+01   8.2785438e-04   8.2888367e-04   8.3385929e-04   8.3733827e-04   1.1239140e-03
   8.5004010e+01   8.5829960e+01   8.4193805e+01   8.9975037e-04   9.0098086e-04   9.0681556e-04   9.1243393e-04   1.2330258e-03
   8.5805934e+01   8.6639676e+01   8.4988086e+01   9.7639813e-04   9.7786416e-04   9.8468727e-04   9.9302576e-04   1.3601111e-03
   8.6607859e+01   8.7449393e+01   8.5782367e+01   1.0580072e-03   1.0597463e-03   1.0677295e-03   1.0791463e-03   1.4824847e-03
   8.7409783e+01   8.8259109e+01   8.6576648e+01   1.1447912e-03   1.1468478e-03   1.1561633e-03   1.1713530e-03   1.6218441e-03
   8.8211708e+01   8.9068826e+01   8.7370929e+01   1.2369684e-03   1.2393937e-03   1.2502137e-03   1.2703499e-03   1.7845105e-03
   8.9013633e+01   8.9878543e+01   8.8165210e+01   1.3347630e-03   1.3375794e-03   1.3508143e-03   1.3665201e-03   1.9612024e-03
   8.9815557e+01   9.0688259e+01   8.8959492e+01   1.4383969e-03   1.4417677e-03   1.4557186e-03   1.4966457e-03   2.1394280e-03
   9.0617482e+01   9.1497976e+01   8.9753773e+01   1.5481111e-03   1.5519958e-03   1.5689997e-03   1.6085554e-03   2.3212350e-03
   9.1419407e+01   9.2307692e+01   9.0548054e+01   1.6641369e-03   1.6686205e-03   1.6891495e-03   1.7238897e-03   2.5420654e-03
   9.2221331e+01   9.3117409e+01   9.1342335e+01   1.7867140e-03   1.7919535e-03   1.8152322e-03   1.8610184e-03   2.7929315e-03
   9.3023256e+01   9.3927126e+01   9.2136616e+01   1.9160912e-03   1.9222370e-03   1.9475829e-03   2.0224476e-03   3.0413370e-03
   9.3825180e+01   9.4736842e+01   9.2930898e+01   2.0525256e-03   2.0596428e-03   2.0880487e-03   2.1895792e-03   3.3274885e-03
   9.4627105e+01   9.5546559e+01   9.3725179e+01   2.1962808e-03   2.2043123e-03   2.2394462e-03   2.3265954e-03   3.6326852e-03
   9.5429030e+01   9.6356275e+01   9.4519460e+01   2.3476037e-03   2.3568041e-03   2.3977281e-03   2.4890904e-03   3.9530692e-03
   9.6230954e+01   9.7165992e+01   9.5313741e+01   2.5067662e-03   2.5174262e-03   2.5623838e-03   2.6925918e-03   4.3036001e-03
   9.7032879e+01   9.7975709e+01   9.6108022e+01   2.6740579e-03   2.6862458e-03   2.7374661e-03   2.8895749e-03   4.6942293e-03
   9.7834804e+01   9.8785425e+01   9.6902303e+01   2.8497560e-03   2.8636558e-03   2.9219285e-03   3.0985279e-03   5.1369908e-03
   9.8636728e+01   9.9595142e+01   9.7696585e+01   3.0341510e-03   3.0499673e-03   3.1161205e-03   3.3207269e-03   5.5951721e-03
   9.9438653e+01   1.0040486e+02   9.8490866e+01   3.2275411e-03   3.2454947e-03   3.3205396e-03   3.5546469e-03   6.0813213e-03
   1.0024058e+02   1.0121457e+02   9.9285147e+01   3.4302316e-03   3.4505819e-03   3.5351947e-03   3.8086839e-03   6.6265134e-03
   1.0104250e+02   1.0202429e+02   1.0007943e+02   3.6425384e-03   3.6655299e-03   3.7613685e-03   4.0683517e-03   7.2220354e-03
   1.0184443e+02   1.0283401e+02   1.0087371e+02   3.8647835e-03   3.8907217e-03   3.9986456e-03   4.3495871e-03   7.8661780e-03
   1.0264635e+02   1.0364372e+02   1.0166799e+02   4.0973006e-03   4.1265003e-03   4.2477713e-03   4.6489617e-03   8.5850744e-03
   1.0344828e+02   1.0445344e+02   1.0246227e+02   4.3404321e-03   4.3732291e-03   4.5094331e-03   4.9637575e-03   9.3256793e-03
   1.0425020e+02   1.0526316e+02   1.0325655e+02   4.5945309e-03   4.6313006e-03   4.7839903e-03   5.2958070e-03   1.0159662e-02
   1.0505213e+02   1.0607287e+02   1.0405083e+02   4.8599622e-03   4.9011199e-03   5.0715047e-03   5.6543441e-03   1.1070391e-02
   1.0585405e+02   1.0688259e+02   1.0484512e+02   5.1371039e-03   5.1830138e-03   5.3743739e-03   6.0113249e-03   1.2039916e-02
   1.0665597e+02   1.0769231e+02   1.0563940e+02   5.4263403e-03   5.4775764e-03   5.6889721e-03   6.4402282e-03   1.3081554e-02
   1.0745790e+02   1.0850202e+02   1.0643368e+02   5.7280787e-03   5.7850437e-03   6.0211560e-03   6.8418958e-03   1.4215057e-02
   1.0825982e+02   1.0931174e+02   1.0722796e+02   6.0427344e-03   6.1059549e-03   6.3687101e-03   7.2762312e-03   1.5449193e-02
   1.0906175e+02   1.1012146e+02   1.0802224e+02   6.3707358e-03   6.4408293e-03   6.7312165e-03   7.7608771e-03   1.6805244e-02
   1.0986367e+02   1.1093117e+02   1.0881652e+02   6.7125320e-03   6.7900978e-03   7.1106537e-03   8.2695479e-03   1.8234266e-02
   1.1066560e+02   1.1174089e+02   1.0961080e+02   7.0685891e-03   7.1542027e-03   7.5087330e-03   8.7899589e-03   1.9826348e-02
   1.1146752e+02   1.1255061e+02   1.1040508e+02   7.4393865e-03   7.5337228e-03   7.9249021e-03   9.3393916e-03   2.1524881e-02
   1.1226945e+02   1.1336032e+02   1.1119936e+02   7.8254256e-03   7.9291522e-03   8.3606004e-03   9.9106965e-03   2.3395166e-02
   1.1307137e+02   1.1417004e+02   1.1199365e+02   8.2272227e-03   8.3411467e-03   8.8142601e-03   1.0544481e-02   2.5335804e-02
   1.1387330e+02   1.1497976e+02   1.1278793e+02   8.6453225e-03   8.7701783e-03   9.2890968e-03   1.1193078e-02   2.7396111e-02
   1.1467522e+02   1.1578947e+02   1.1358221e+02   9.0802889e-03   9.2168433e-03   9.7852401e-03   1.1877169e-02   2.9656794e-02
   1.1547715e+02   1.1659919e+02   1.1437649e+02   9.5327057e-03   9.6817700e-03   1.0304044e-02   1.2571062e-02   3.2214461e-02
   1.1627907e+02   1.1740891e+02   1.1517077e+02   1.0003182e-02   1.0165725e-02   1.0841182e-02   1.3402850e-02   3.4961742e-02
   1.1708099e+02   1.1821862e+02   1.1596505e+02   1.0492360e-02   1.0669147e-02   1.1403995e-02   1.4230887e-02   3.7879800e-02
   1.1788292e+02   1.1902834e+02   1.1675933e+02   1.1000904e-02   1.1192704e-02   1.1993894e-02   1.5033629e-02   4.0795684e-02
   1.1868484e+02   1.1983806e+02   1.1755361e+02   1.1529502e-02   1.1737197e-02   1.2609683e-02   1.5831444e-02   4.3932356e-02
   1.1948677e+02   1.2064777e+02   1.1834790e+02   1.2078877e-02   1.2303441e-02   1.3247596e-02   1.6751235e-02   4.7471308e-02
   1.2028869e+02   1.2145749e+02   1.1914218e+02   1.2649785e-02   1.2892132e-02   1.3909904e-02   1.7758513e-02   5.1251188e-02
   1.2109062e+02   1.2226721e+02   1.1993646e+02   1.3243013e-02   1.3504096e-02   1.4594757e-02   1.8917609e-02   5.5265778e-02
   1.2189254e+02   1.2307692e+02   1.2073074e+02   1.3859397e-02   1.4139677e-02   1.5315320e-02   1.9957639e-02   5.9456960e-02
   1.2269447e+02   1.2388664e+02   1.2152502e+02   1.4499790e-02   1.4799816e-02   1.6069937e-02   2.0897873e-02   6.3730195e-02
   1.2349639e+02   1.2469636e+02   1.2231930e+02   1.5165072e-02   1.5485934e-02   1.6841911e-02   2.2116921e-02   6.8253276e-02
   1.2429832e+02   1.2550607e+02   1.2311358e+02   1.5856203e-02   1.6198317e-02   1.7645154e-02   2.3346889e-02   7.2966237e-02
   1.2510024e+02   1.2631579e+02   1.2390786e+02   1.6574162e-02   1.6937879e-02   1.8478773e-02   2.4602332e-02   7.8169293e-02
   1.2590217e+02   1.2712551e+02   1.2470214e+02   1.7319970e-02   1.7705519e-02   1.9342140e-02   2.5898394e-02   8.3546759e-02
   1.2670409e+02   1.2793522e+02   1.2549643e+02   1.8094700e-02   1.8502087e-02   2.0235939e-02   2.7205308e-02   8.8982200e-02
   1.2750601e+02   1.2874494e+02   1.2629071e+02   1.8899469e-02   1.9328509e-02   2.1156923e-02   2.8618367e-02   9.4572519e-02
   1.2830794e+02   1.2955466e+02   1.2708499e+02   1.9735450e-02   2.0185448e-02   2.2111665e-02   2.9958439e-02   1.0035002e-01
   1.2910986e+02   1.3036437e+02   1.2787927e+02   2.0603853e-02   2.1074026e-02   2.3092109e-02   3.1387038e-02   1.0617329e-01
   1.2991179e+02   1.3117409e+02   1.2867355e+02   2.1505957e-02   2.1994889e-02   2.4102687e-02   3.2765529e-02   1.1217039e-01
   1.3071371e+02   1.3198381e+02   1.2946783e+02   2.2443082e-02   2.2949056e-02   2.5135150e-02   3.4269188e-02   1.1829787e-01
   1.3151564e+02   1.3279352e+02   1.3026211e+02   2.3416616e-02   2.3937016e-02   2.6196168e-02   3.5694895e-02   1.2427417e-01
   1.3231756e+02   1.3360324e+02   1.3105639e+02   2.4427988e-02   2.4959713e-02   2.7278085e-02   3.7146272e-02   1.2964612e-01
   1.3311949e+02   1.3441296e+02   1.3185068e+02   2.5478694e-02   2.6017663e-02   2.8382996e-02   3.8469061e-02   1.3488744e-01
   1.3392141e+02   1.3522267e+02   1.3264496e+02   2.6570286e-02   2.7111458e-02   2.9505920e-02   3.9697123e-02   1.3971850e-01
   1.3472334e+02   1.3603239e+02   1.3343924e+02   2.7704359e-02   2.8241831e-02   3.0633982e-02   4.1042058e-02   1.4380625e-01
   1.3552526e+02   1.3684211e+02   1.3423352e+02   2.8882582e-02   2.9408849e-02   3.1769133e-02   4.2346779e-02   1.4651047e-01
   1.3632719e+02   1.3765182e+02   1.3502780e+02   3.0106665e-02   3.0612541e-02   3.2914188e-02   4.3251131e-02   1.4730060e-01
   1.3712911e+02   1.3846154e+02   1.3582208e+02   3.1378359e-02   3.1853156e-02   3.4051916e-02   4.4002981e-02   1.4667648e-01
   1.3793103e+02   1.3927126e+02   1.3661636e+02   3.2699462e-02   3.3130573e-02   3.5167587e-02   4.4745669e-02   1.4366429e-01
   1.3873296e+02   1.4008097e+02   1.3741064e+02   3.4071812e-02   3.4444100e-02   3.6254456e-02   4.5383785e-02   1.3791455e-01
   1.3953488e+02   1.4089069e+02   1.3820492e+02   3.5497270e-02   3.5792797e-02   3.7302068e-02   4.5849075e-02   1.2966231e-01
   1.4033681e+02   1.4170040e+02   1.3899921e+02   3.6977720e-02   3.7174806e-02   3.8318990e-02   4.5393014e-02   1.1719576e-01
   1.4113873e+02   1.4251012e+02   1.3979349e+02   3.8515000e-02   3.8589250e-02   3.9259409e-02   4.4776931e-02   9.9303421e-02
   1.4194066e+02   1.4331984e+02   1.4058777e+02   4.0110968e-02   4.0033457e-02   4.0113051e-02   4.3743517e-02   7.5152948e-02
   1.4274258e+02   1.4412955e+02   1.4138205e+02   4.1767419e-02   4.1504235e-02   4.0868772e-02   4.1856563e-02   4.5681823e-02
   1.4354451e+02   1.4493927e+02   1.4217633e+02   4.3486057e-02   4.2998181e-02   4.1485961e-02   3.9592682e-02   1.0135664e-02
   1.4434643e+02   1.4574899e+02   1.4297061e+02   4.5268479e-02   4.4510577e-02   4.1939606e-02   3.6813824e-02  -3.5924569e-02
   1.4514836e+02   1.4655870e+02   1.4376489e+02   4.7116118e-02   4.6035574e-02   4.2204994e-02   3.3312560e-02  -9.1324437e-02
   1.4595028e+02   1.4736842e+02   1.4455917e+02   4.9030190e-02   4.7565966e-02   4.2269265e-02   2.8215986e-02  -1.5626919e-01
   1.4675221e+02   1.4817814e+02   1.4535346e+02   5.1011616e-02   4.9094100e-02   4.2075406e-02   2.2190748e-02  -2.3281694e-01
   1.4755413e+02   1.4898785e+02   1.4614774e+02   5.3060957e-02   5.0611013e-02   4.1558688e-02   1.6151598e-02  -3.2152862e-01
   1.4835605e+02   1.4979757e+02   1.4694202e+02   5.5178369e-02   5.2104497e-02   4.0732281e-02   8.1752258e-03  -4.2250917e-01
   1.4915798e+02   1.5060729e+02   1.4773630e+02   5.7363437e-02   5.3562558e-02   3.9531162e-02  -1.0733460e-03  -5.3302597e-01
   1.4995990e+02   1.5141700e+02   1.4853058e+02   5.9615131e-02   5.4970835e-02   3.7911199e-02  -1.1190029e-02  -6.4253215e-01
   1.5076183e+02   1.5222672e+02   1.4932486e+02   6.1931665e-02   5.6313572e-02   3.5834446e-02  -2.2095354e-02  -7.6638763e-01
   1.5156375e+02   1.5303644e+02   1.5011914e+02   6.4310413e-02   5.7573222e-02   3.3280712e-02  -3.3868281e-02  -9.0936164e-01
   1.5236568e+02   1.5384615e+02   1.5091342e+02   6.6747808e-02   5.8730634e-02   3.0262528e-02  -4.7446408e-02  -1.0569981e+00
   1.5316760e+02   1.5465587e+02   1.5170770e+02   6.9239192e-02   5.9768172e-02   2.6714804e-02  -6.0702032e-02  -1.2186924e+00
   1.5396953e+02   1.5546559e+02   1.5250199e+02   7.1778886e-02   6.0665350e-02   2.2696696e-02  -7.4819916e-02  -1.3656220e+00
   1.5477145e+02   1.5627530e+02   1.5329627e+02   7.4360048e-02   6.1403943e-02   1.8234496e-02  -8.9448144e-02  -1.4875893e+00
   1.5557338e+02   1.5708502e+02   1.5409055e+02   7.6974770e-02   6.1967201e-02   1.3377482e-02  -1.0405434e-01  -1.5783081e+00
   1.5637530e+02   1.5789474e+02   1.5488483e+02   7.9614154e-02   6.2341052e-02   8.2042647e-03  -1.1842758e-01  -1.6220059e+00
   1.5717723e+02   1.5870445e+02   1.5567911e+02   8.2268494e-02   6.2514961e-02   2.8220428e-03  -1.3262672e-01  -1.5959265e+00
   1.5797915e+02   1.5951417e+02   1.5647339e+02   8.4927494e-02   6.2483278e-02  -2.6477719e-03  -1.4680939e-01  -1.4721917e+00
   1.5878107e+02   1.6032389e+02   1.5726767e+02   8.7580563e-02   6.2246446e-02  -8.1171045e-03  -1.5924190e-01  -1.2687439e+00
   1.5958300e+02   1.6113360e+02   1.5806195e+02   9.0217184e-02   6.1809429e-02  -1.3437612e-02  -1.7033784e-01  -9.6057039e-01
   1.6038492e+02   1.6194332e+02   1.5885624e+02   9.2827233e-02   6.1182377e-02  -1.8423803e-02  -1.8277801e-01  -4.6752585e-01
   1.6118685e+02   1.6275304e+02   1.5965052e+02   9.5401243e-02   6.0385684e-02  -2.3231129e-02  -1.8446435e-01  -7.2212600e-02
   1.6198877e+02   1.6356275e+02   1.6044480e+02   9.7930864e-02   5.9436562e-02  -2.7631714e-02  -1.7936551e-01   2.8393610e-01
   1.6279070e+02   1.6437247e+02   1.6123908e+02   1.0040894e-01   5.8355079e-02  -3.1353508e-02  -1.7635880e-01   8.0353458e-01
   1.6359262e+02   1.6518219e+02   1.6203336e+02   1.0282953e-01   5.7169060e-02  -3.4495528e-02  -1.6974059e-01   1.1853334e+00
   1.6439455e+02   1.6599190e+02   1.6282764e+02   1.0518805e-01   5.5910030e-02  -3.7421581e-02  -1.4267801e-01   1.4367260e+00
   1.6519647e+02   1.6680162e+02   1.6362192e+02   1.0748155e-01   5.4587431e-02  -3.9395070e-02  -1.2417475e-01   1.7148361e+00
   1.6599840e+02   1.6761134e+02   1.6441620e+02   1.0970778e-01   5.3233764e-02  -4.0896666e-02  -9.7874567e-02   1.7782844e+00
   1.6680032e+02   1.6842105e+02   1.6521048e+02   1.1186582e-01   5.1865820e-02  -4.1819038e-02  -7.0330338e-02   1.7439412e+00
   1.6760225e+02   1.6923077e+02   1.6600477e+02   1.1395551e-01   5.0500717e-02  -4.2215660e-02  -4.2741877e-02   1.6207214e+00
   1.6840417e+02   1.7004049e+02   1.6679905e+02   1.1597741e-01   4.9152281e-02  -4.2134771e-02  -1.7053009e-02   1.4496951e+00
   1.6920609e+02   1.7085020e+02   1.6759333e+02   1.1793258e-01   4.7831617e-02  -4.1650698e-02   6.1607402e-03   1.2399800e+00
   1.7000802e+02   1.7165992e+02   1.6838761e+02   1.1982246e-01   4.6546898e-02  -4.0823568e-02   2.5725018e-02   1.0264088e+00
   1.7080994e+02   1.7246964e+02   1.6918189e+02   1.2164874e-01   4.5304513e-02  -3.9741833e-02   4.1917767e-02   8.1634831e-01
   1.7161187e+02   1.7327935e+02   1.6997617e+02   1.2341332e-01   4.4108260e-02  -3.8470254e-02   5.4942553e-02   6.1196272e-01
   1.7241379e+02   1.7408907e+02   1.7077045e+02   1.2511816e-01   4.2960404e-02  -3.7058269e-02   6.4473716e-02   4.3543408e-01
   1.7321572e+02   1.7489879e+02   1.7156473e+02   1.2676532e-01   4.1862073e-02  -3.5563198e-02   7.1155647e-02   2.8305994e-01
   1.7401764e+02   1.7570850e+02   1.7235902e+02   1.2835686e-01   4.0813288e-02  -3.4024158e-02   7.5244489e-02   1.5966748e-01
   1.7481957e+02   1.7651822e+02   1.7315330e+02   1.2989483e-01   3.9813418e-02  -3.2480192e-02   7.7460017e-02   5.5908514e-02
   1.7562149e+02   1.7732794e+02   1.7394758e+02   1.3138128e-01   3.8861229e-02  -3.0954827e-02   7.8082389e-02  -2.7214571e-02
   1.7642342e+02   1.7813765e+02   1.7474186e+02   1.3281821e-01   3.7955067e-02  -2.9462326e-02   7.7208096e-02  -8.4162292e-02
   1.7722534e+02   1.7894737e+02   1.7553614e+02   1.3420759e-01   3.7093294e-02  -2.8027553e-02   7.5744614e-02  -1.3521637e-01
   1.7802727e+02   1.7975709e+02   1.7633042e+02   1.3555133e-01   3.6273807e-02  -2.6648978e-02   7.3436978e-02  -1.6903310e-01
   1.7882919e+02   1.8056680e+02   1.7712470e+02   1.3685131e-01   3.5494614e-02  -2.5331850e-02   7.0445413e-02  -1.8545752e-01
   1.7963111e+02   1.8137652e+02   1.7791898e+02   1.3810934e-01   3.4753929e-02  -2.4093986e-02   6.7723184e-02  -2.0959514e-01
   1.8043304e+02   1.8218623e+02   1.7871326e+02   1.3932719e-01   3.4049409e-02  -2.2912992e-02   6.4276498e-02  -2.1221758e-01
   1.8123496e+02   1.8299595e+02   1.7950755e+02   1.4050655e-01   3.3379404e-02  -2.1804461e-02   6.0972531e-02  -2.1578716e-01
   1.8203689e+02   1.8380567e+02   1.8030183e+02   1.4164906e-01   3.2742006e-02  -2.0763925e-02   5.7761120e-02  -2.1811865e-01
   1.8283881e+02   1.8461538e+02   1.8109611e+02   1.4275630e-01   3.2135369e-02  -1.9784522e-02   5.4484112e-02  -2.1465337e-01
   1.8364074e+02   1.8542510e+02   1.8189039e+02   1.4382980e-01   3.1557829e-02  -1.8865395e-02   5.1278331e-02  -2.0908301e-01
   1.8444266e+02   1.8623482e+02   1.8268467e+02   1.4487102e-01   3.1007823e-02  -1.8006046e-02   4.8276309e-02  -2.0455587e-01
   1.8524459e+02   1.8704453e+02   1.8347895e+02   1.4588136e-01   3.0483792e-02  -1.7201330e-02   4.5396969e-02  -1.9866223e-01
   1.8604651e+02   1.8785425e+02   1.8427323e+02   1.4686217e-01   2.9984252e-02  -1.6446053e-02   4.2579609e-02  -1.9039648e-01
   1.8684844e+02   1.8866397e+02   1.8506751e+02   1.4781472e-01   2.9507897e-02  -1.5739828e-02   3.9942953e-02  -1.8291248e-01
   1.8765036e+02   1.8947368e+02   1.8586180e+02   1.4874024e-01   2.9053426e-02  -1.5078638e-02   3.7441572e-02  -1.7498959e-01
   1.8845229e+02   1.9028340e+02   1.8665608e+02   1.4963991e-01   2.8619619e-02  -1.4458583e-02   3.5003077e-02  -1.6377998e-01
   1.8925421e+02   1.9109312e+02   1.8745036e+02   1.5051485e-01   2.8205385e-02  -1.3881272e-02   3.2929617e-02  -1.6052319e-01
   1.9005613e+02   1.9190283e+02   1.8824464e+02   1.5136612e-01   2.7809562e-02  -1.3336364e-02   3.0763726e-02  -1.5053785e-01
   1.9085806e+02   1.9271255e+02   1.8903892e+02   1.5219474e-01   2.7431225e-02  -1.2825891e-02   2.8701426e-02  -1.3879113e-01
   1.9165998e+02   1.9352227e+02   1.8983320e+02   1.5300168e-01   2.7069429e-02  -1.2349467e-02   2.6926420e-02  -1.3279207e-01
   1.9246191e+02   1.9433198e+02   1.9062748e+02   1.5378785e-01   2.6723261e-02  -1.1901405e-02   2.5208134e-02  -1.2485321e-01
   1.9326383e+02   1.9514170e+02   1.9142176e+02   1.5455414e-01   2.6391913e-02  -1.1481463e-02   2.3660802e-02  -1.1914045e-01
   1.9406576e+02   1.9595142e+02   1.9221604e+02   1.5530137e-01   2.6074574e-02  -1.1084791e-02   2.2108304e-02  -1.1002900e-01
   1.9486768e+02   1.9676113e+02   1.9301033e+02   1.5603035e-01   2.5770562e-02  -1.0712834e-02   2.0725994e-02  -1.0310654e-01
   1.9566961e+02   1.9757085e+02   1.9380461e+02   1.5674183e-01   2.5479181e-02  -1.0363081e-02   1.9474065e-02  -9.7456325e-02
   1.9647153e+02   1.9838057e+02   1.9459889e+02   1.5743652e-01   2.5199772e-02  -1.0032539e-02   1.8278170e-02  -9.1146138e-02
   1.9727346e+02   1.9919028e+02   1.9539317e+02   1.5811512e-01   2.4931744e-02  -9.7200331e-03   1.7141107e-02  -8.4194713e-02
   1.9807538e+02   2.0000000e+02   1.9618745e+02   1.5877826e-01   2.4674554e-02  -9.4252739e-03   1.6113453e-02  -7.8179393e-02
   1.9887731e+02   2.0080972e+02   1.9698173e+02   1.5942657e-01   2.4427670e-02  -9.1469949e-03   1.5206876e-02  -7.3981685e-02
   1.9967923e+02   2.0161943e+02   1.9777601e+02   1.6006064e-01   2.4190581e-02  -8.8826665e-03   1.4340739e-02  -6.9139758e-02
   2.0048115e+02   2.0242915e+02   1.9857029e+02   1.6068103e-01   2.3962831e-02  -8.6314094e-03   1.3517387e-02  -6.3797215e-02
   2.0128308e+02   2.0323887e+02   1.9936458e+02   1.6128826e-01   2.3743994e-02  -8.3928246e-03   1.2762777e-02  -5.8736160e-02
   2.0208500e+02   2.0404858e+02   2.0015886e+02   1.6188285e-01   2.3533660e-02  -8.1661694e-03   1.2092745e-02  -5.4777470e-02
   2.0288693e+02   2.0485830e+02   2.0095314e+02   1.6246529e-01   2.3331436e-02  -7.9498697e-03   1.1468804e-02  -5.0983886e-02
   2.0368885e+02   2.0566802e+02   2.0174742e+02   1.6303602e-01   2.3136966e-02  -7.7433884e-03   1.0891818e-02  -4.7234910e-02
   2.0449078e+02   2.0647773e+02   2.0254170e+02   1.6359549e-01   2.2949907e-02  -7.5458460e-03   1.0351808e-02  -4.3341396e-02
   2.0529270e+02   2.0728745e+02   2.0333598e+02   1.6414412e-01   2.2769944e-02  -7.3570831e-03   9.8796597e-03  -4.0555669e-02
   2.0609463e+02   2.0809717e+02   2.0413026e+02   1.6468231e-01   2.2596764e-02  -7.1755906e-03   9.4143332e-03  -3.6740024e-02
   2.0689655e+02   2.0890688e+02   2.0492454e+02   1.6521043e-01   2.2430092e-02  -7.0017475e-03   9.0137449e-03  -3.4115243e-02
   2.0769848e+02   2.0971660e+02   2.0571882e+02   1.6572885e-01   2.2269650e-02  -6.8343560e-03   8.6331496e-03  -3.1164606e-02
   2.0850040e+02   2.1052632e+02   2.0651311e+02   1.6623791e-01   2.2115187e-02  -6.6734189e-03   8.3001894e-03  -2.8994225e-02
   2.0930233e+02   2.1133603e+02   2.0730739e+02   1.6673794e-01   2.1966454e-02  -6.5179278e-03   7.9757494e-03  -2.6250902e-02
   2.1010425e+02   2.1214575e+02   2.0810167e+02   1.6722925e-01   2.1823231e-02  -6.3681708e-03   7.7013153e-03  -2.4525472e-02
   2.1090617e+02   2.1295547e+02   2.0889595e+02   1.6771216e-01   2.1685292e-02  -6.2231817e-03   7.4351711e-03  -2.2327989e-02
   2.1170810e+02   2.1376518e+02   2.0969023e+02   1.6818693e-01   2.1552434e-02  -6.0830094e-03   7.2007934e-03  -2.0620653e-02
   2.1251002e+02   2.1457490e+02   2.1048451e+02   1.6865386e-01   2.1424456e-02  -5.9470133e-03   6.9746638e-03  -1.8589199e-02
   2.1331195e+02   2.1538462e+02   2.1127879e+02   1.6911319e-01   2.1301177e-02  -5.8153716e-03   6.7840906e-03  -1.7308254e-02
   2.1411387e+02   2.1619433e+02   2.1207307e+02   1.6956518e-01   2.1182413e-02  -5.6874844e-03   6.6052575e-03  -1.5953188e-02
   2.1491580e+02   2.1700405e+02   2.1286736e+02   1.7001006e-01   2.1067995e-02  -5.5631252e-03   6.4362362e-03  -1.4482489e-02
   2.1571772e+02   2.1781377e+02   2.1366164e+02   1.7044807e-01   2.0957760e-02  -5.4421395e-03   6.2793315e-03  -1.3032673e-02
   2.1651965e+02   2.1862348e+02   2.1445592e+02   1.7087943e-01   2.0851554e-02  -5.3243365e-03   6.1275574e-03  -1.1129083e-02
   2.1732157e+02   2.1943320e+02   2.1525020e+02   1.7130434e-01   2.0749231e-02  -5.2100964e-03   6.0383673e-03  -1.1964409e-02
   2.1812350e+02   2.2024291e+02   2.1604448e+02   1.7172300e-01   2.0650639e-02  -5.0979367e-03   5.8882363e-03  -9.4721450e-03
   2.1892542e+02   2.2105263e+02   2.1683876e+02   1.7213561e-01   2.0555654e-02  -4.9891226e-03   5.7950570e-03  -9.1066855e-03
   2.1972735e+02   2.2186235e+02   2.1763304e+02   1.7254234e-01   2.0464140e-02  -4.8829341e-03   5.7119089e-03  -8.9061672e-03
   2.2052927e+02   2.2267206e+02   2.1842732e+02   1.7294337e-01   2.0375966e-02  -4.7788496e-03   5.6092289e-03  -7.6800712e-03
   2.2133119e+02   2.2348178e+02   2.1922160e+02   1.7333888e-01   2.0291020e-02  -4.6774035e-03   5.5301404e-03  -7.1928856e-03
   2.2213312e+02   2.2429150e+02   2.2001589e+02   1.7372902e-01   2.0209183e-02  -4.5781759e-03   5.4510939e-03  -6.4834406e-03
   2.2293504e+02   2.2510121e+02   2.2081017e+02   1.7411394e-01   2.0130344e-02  -4.4811579e-03   5.3774154e-03  -5.8280517e-03
   2.2373697e+02   2.2591093e+02   2.2160445e+02   1.7449380e-01   2.0054397e-02  -4.3862944e-03   5.3114803e-03  -5.3782395e-03
   2.2453889e+02   2.2672065e+02   2.2239873e+02   1.7486873e-01   1.9981239e-02  -4.2935253e-03   5.2526273e-03  -5.0881147e-03
   2.2534082e+02   2.2753036e+02   2.2319301e+02   1.7523887e-01   1.9910769e-02  -4.2026864e-03   5.1927483e-03  -4.6319468e-03
   2.2614274e+02   2.2834008e+02   2.2398729e+02   1.7560436e-01   1.9842893e-02  -4.1138564e-03   5.1429896e-03  -4.5497476e-03
   2.2694467e+02   2.2914980e+02   2.2478157e+02   1.7596531e-01   1.9777518e-02  -4.0267713e-03   5.0842244e-03  -3.9041064e-03
   2.2774659e+02   2.2995951e+02   2.2557585e+02   1.7632184e-01   1.9714557e-02  -3.9416157e-03   5.0373653e-03  -3.7784774e-03
   2.2854852e+02   2.3076923e+02   2.2637014e+02   1.7667408e-01   1.9653922e-02  -3.8581221e-03   4.9833276e-03  -3.2579157e-03
   2.2935044e+02   2.3157895e+02   2.2716442e+02   1.7702213e-01   1.9595533e-02  -3.7765413e-03   4.9458501e-03  -3.4821435e-03
   2.3015237e+02   2.3238866e+02   2.2795870e+02   1.7736610e-01   1.9539308e-02  -3.6966272e-03   4.9064652e-03  -3.5331379e-03
   2.3095429e+02   2.3319838e+02   2.2875298e+02   1.7770608e-01   1.9485170e-02  -3.6182985e-03   4.8622290e-03  -3.3656710e-03
   2.3175621e+02   2.3400810e+02   2.2954726e+02   1.7804218e-01   1.9433045e-02  -3.5415612e-03   4.8148188e-03  -2.9821079e-03
   2.3255814e+02   2.3481781e+02   2.3034154e+02   1.7837450e-01   1.9382861e-02  -3.4664848e-03   4.7733864e-03  -2.8806230e-03
   2.3336006e+02   2.3562753e+02   2.3113582e+02   1.7870311e-01   1.9334549e-02  -3.3929755e-03   4.7330470e-03  -2.8494701e-03
   2.3416199e+02   2.3643725e+02   2.3193010e+02   1.7902812e-01   1.9288040e-02  -3.3209683e-03   4.6903834e-03  -2.7504012e-03
   2.3496391e+02   2.3724696e+02   2.3272438e+02   1.7934960e-01   1.9243271e-02  -3.2505619e-03   4.6545467e-03  -2.9673217e-03
   2.3576584e+02   2.3805668e+02   2.3351867e+02   1.7966763e-01   1.9200178e-02  -3.1816596e-03   4.6181642e-03  -3.1337973e-03
   2.3656776e+02   2.3886640e+02   2.3431295e+02   1.7998229e-01   1.9158700e-02  -3.1141908e-03   4.5794269e-03  -3.2481977e-03
   2.3736969e+02   2.3967611e+02   2.3510723e+02   1.8029365e-01   1.9118777e-02  -3.0480774e-03   4.5316146e-03  -2.9174650e-03
   2.3817161e+02   2.4048583e+02   2.3590151e+02   1.8060179e-01   1.9080355e-02  -2.9835445e-03   4.4948957e-03  -3.0710582e-03
   2.3897354e+02   2.4129555e+02   2.3669579e+02   1.8090677e-01   1.9043376e-02  -2.9202744e-03   4.4469311e-03  -2.7939934e-03
   2.3977546e+02   2.4210526e+02   2.3749007e+02   1.8120867e-01   1.9007789e-02  -2.8586117e-03   4.4182413e-03  -3.5143935e-03
   2.4057739e+02   2.4291498e+02   2.3828435e+02   1.8150754e-01   1.8973539e-02  -2.7980406e-03   4.3627069e-03  -2.8942828e-03
