# T/Tc, eta_max,eta_min
     1.00000      0.13172      0.11349
     1.05282      0.12652      0.11104
     1.10563      0.12341      0.11017
     1.15845      0.12566      0.11290
     1.21126      0.13000      0.11780
     1.26408      0.13393      0.12266
     1.31689      0.13642      0.12642
     1.36971      0.13780      0.12886
     1.42252      0.13904      0.13082
     1.47534      0.14214      0.13379
     1.52815      0.14658      0.13801
     1.58097      0.15181      0.14337
     1.63378      0.15768      0.14961
     1.68660      0.16445      0.15572
     1.73942      0.17124      0.16019
     1.79223      0.17784      0.16457
     1.84505      0.18415      0.16884
     1.89786      0.19014      0.17300
     1.95068      0.19584      0.17713
     2.00349      0.20129      0.18129
     2.05631      0.20651      0.18555
     2.10912      0.21151      0.18995
     2.16194      0.21627      0.19450
     2.21475      0.22115      0.19918
     2.26757      0.22595      0.20396
     2.32038      0.23043      0.20880
     2.37320      0.23460      0.21372
     2.42601      0.23852      0.21874
     2.47883      0.24226      0.22392
     2.53165      0.24644      0.22932
