# T/Tc, I/T^4_max,I/T^4_min
     0.63291      8.57424      3.89964
     0.65486      7.30669      3.19757
     0.67680      6.28210      2.64349
     0.69875      5.45743      2.21465
     0.72069      4.79844      1.89541
     0.74264      4.27704      1.67543
     0.76458      3.86931      1.54724
     0.78653      3.55414      1.50303
     0.80847      3.31268      1.53110
     0.83042      3.12856      1.61374
     0.85236      2.98870      1.72892
     0.87431      2.88423      1.85575
     0.89625      2.81112      1.98092
     0.91820      2.76999      2.09512
     0.94014      2.76727      2.19446
     0.96209      2.84967      2.30953
     0.98403      2.97477      2.45090
     1.00598      3.14001      2.62513
     1.02792      3.33257      2.83058
     1.04987      3.53076      3.05551
     1.07181      3.70963      3.27990
     1.09376      3.84848      3.48110
     1.11571      3.93669      3.64079
     1.13765      3.97521      3.75006
     1.15960      3.97409      3.81040
     1.18154      3.94799      3.83136
     1.20349      3.91205      3.82654
     1.22543      3.87960      3.80983
     1.24738      3.86839      3.79279
     1.26932      3.86864      3.78330
     1.29127      3.88236      3.78538
     1.31321      3.90787      3.78970
     1.33516      3.94074      3.80109
     1.35710      3.97513      3.81656
     1.37905      4.00496      3.83122
     1.40099      4.02487      3.84049
     1.42294      4.03079      3.84073
     1.44488      4.02028      3.82945
     1.46683      3.99250      3.80540
     1.48877      3.94795      3.76844
     1.51072      3.88824      3.71943
     1.53266      3.81731      3.65991
     1.55461      3.74330      3.59191
     1.57655      3.66101      3.51770
     1.59850      3.57317      3.43964
     1.62044      3.48244      3.36000
     1.64239      3.39492      3.28085
     1.66433      3.30883      3.20125
     1.68628      3.22560      3.12387
     1.70822      3.14629      3.05158
     1.73017      3.07158      2.98525
     1.75212      3.00179      2.91592
     1.77406      2.93697      2.84374
     1.79601      2.87694      2.77710
     1.81795      2.82131      2.71576
     1.83990      2.78057      2.65936
     1.86184      2.75106      2.60745
     1.88379      2.72439      2.55953
     1.90573      2.69962      2.51508
     1.92768      2.67585      2.47356
     1.94962      2.65235      2.43449
     1.97157      2.62850      2.39738
     1.99351      2.60387      2.36183
     2.01546      2.57816      2.32745
     2.03740      2.55117      2.29395
     2.05935      2.52285      2.26109
     2.08129      2.49320      2.22871
     2.10324      2.46230      2.19672
     2.12518      2.43218      2.16510
     2.14713      2.40318      2.13392
     2.16907      2.37336      2.10329
     2.19102      2.34291      2.07338
     2.21296      2.31198      2.04435
     2.23491      2.28071      2.01638
     2.25685      2.24918      1.98961
     2.27880      2.21741      1.96414
     2.30074      2.18535      1.93999
     2.32269      2.15292      1.91712
     2.34463      2.11997      1.89142
     2.36658      2.08634      1.86664
     2.38852      2.05187      1.84266
     2.41047      2.01643      1.81924
     2.43242      1.97991      1.79609
     2.45436      1.94229      1.77297
     2.47631      1.90358      1.74969
     2.49825      1.86387      1.72606
     2.52020      1.82329      1.70201
     2.54214      1.78202      1.67751
     2.56409      1.74249      1.65258
     2.58603      1.70762      1.62730
     2.60798      1.67238      1.60175
     2.62992      1.63695      1.57606
     2.65187      1.60150      1.54655
     2.67381      1.57580      1.50698
     2.69576      1.55271      1.46792
     2.71770      1.52992      1.42945
     2.73965      1.50760      1.39170
     2.76159      1.48591      1.35478
     2.78354      1.46504      1.31881
     2.80548      1.44516      1.28395
     2.82743      1.42649      1.25036
     2.84937      1.40919      1.21818
     2.87132      1.39338      1.18756
     2.89326      1.37913      1.15858
     2.91521      1.36643      1.12885
     2.93715      1.35517      1.10052
     2.95910      1.34513      1.07370
     2.98104      1.33604      1.04819
     3.00299      1.32756      1.02376
     3.02493      1.31930      1.00010
     3.04688      1.31089      0.97690
     3.06883      1.30198      0.95384
     3.09077      1.29228      0.93065
     3.11272      1.28151      0.90706
     3.13466      1.26950      0.88290
     3.15661      1.25611      0.85801
     3.17855      1.24124      0.83232
     3.20050      1.22481      0.80574
     3.22244      1.20670      0.77825
     3.24439      1.18683      0.74978
     3.26633      1.16501      0.72026
     3.28828      1.14103      0.68958
     3.31022      1.11464      0.65757
     3.33217      1.08553      0.62406
     3.35411      1.05339      0.58882
     3.37606      1.01793      0.55159
     3.39800      0.97888      0.51214
     3.41995      0.93608      0.47026
     3.44189      0.88943      0.42576
     3.46384      0.83897      0.37853
     3.48578      0.78483      0.32851
     3.50773      0.72725      0.27574
     3.52967      0.66654      0.22031
     3.55162      0.60312      0.16239
     3.57356      0.53741      0.10220
     3.59551      0.46989      0.04001
     3.61745      0.40104     -0.02385
     3.63940      0.33134     -0.08907
     3.66134      0.26125     -0.15529
     3.68329      0.19121     -0.22217
     3.70524      0.12165     -0.28936
     3.72718      0.05298     -0.35652
     3.74913      0.00000     -0.42333
     3.77107      0.00000     -0.48946
     3.79302      0.00000     -0.55463
     3.81496      0.00000     -0.61852
     3.83691      0.00000     -0.68087
     3.85885      0.00000     -0.74142
     3.88080      0.00000     -0.79992
     3.90274      0.00000     -0.85614
     3.92469      0.00000     -0.90988
     3.94663      0.00000     -0.96096
     3.96858      0.00000     -1.00923
     3.99052      0.00000     -1.05456
     4.01247      0.00000     -1.09686
     4.03441      0.00000     -1.13607
     4.05636      0.00000     -1.17218
     4.07830      0.00000     -1.20520
     4.10025      0.00000     -1.23518
     4.12219      0.00000     -1.26220
     4.14414      0.00000     -1.28640
     4.16608      0.00000     -1.30793
     4.18803      0.00000     -1.32694
     4.20997      0.00000     -1.34365
     4.23192      0.00000     -1.35828
     4.25386      0.00000     -1.37105
     4.27581      0.00000     -1.38221
     4.29775      0.00000     -1.39197
     4.31970      0.00000     -1.40059
     4.34164      0.00000     -1.40828
     4.36359      0.00000     -1.41526
     4.38554      0.00000     -1.42172
     4.40748      0.00000     -1.42783
     4.42943      0.00000     -1.43374
     4.45137      0.00000     -1.43958
     4.47332      0.00000     -1.44543
     4.49526      0.00000     -1.45133
     4.51721      0.00000     -1.45732
     4.53915      0.00000     -1.46336
     4.56110      0.00000     -1.46938
     4.58304      0.00000     -1.47528
     4.60499      0.00000     -1.48090
     4.62693      0.00000     -1.48603
     4.64888      0.00000     -1.49043
     4.67082      0.00000     -1.49379
     4.69277      0.00000     -1.49579
     4.71471      0.00000     -1.49608
     4.73666      0.00000     -1.49428
     4.75860      0.00000     -1.49005
     4.78055      0.00000     -1.48314
     4.80249      0.00000     -1.47338
     4.82444      0.00000     -1.46088
     4.84638      0.00000     -1.44600
     4.86833      0.00000     -1.42953
     4.89027      0.00000     -1.41271
     4.91222      0.00000     -1.39719
     4.93416      0.00000     -1.38488
     4.95611      0.00000     -1.39623
     4.97805      0.00000     -1.46069
     5.00000      0.00000     -1.52561
