# T/Tc, P/T^4_max,P/T^4_min
     0.63291      0.00000     -1.14773
     0.65486      0.00000     -0.87771
     0.67680      0.00879     -0.65426
     0.69875      0.08603     -0.46737
     0.72069      0.14934     -0.30913
     0.74264      0.20267     -0.17330
     0.76458      0.24939     -0.05490
     0.78653      0.29237      0.04996
     0.80847      0.33397      0.14431
     0.83042      0.37598      0.23047
     0.85236      0.42129      0.31017
     0.87431      0.46870      0.38475
     0.89625      0.51718      0.45383
     0.91820      0.56672      0.51944
     0.94014      0.61735      0.58420
     0.96209      0.66927      0.64892
     0.98403      0.72289      0.71451
     1.00598      0.78187      0.77880
     1.02792      0.85167      0.83761
     1.04987      0.92417      0.89975
     1.07181      0.99911      0.96529
     1.09376      1.07578      1.03386
     1.11571      1.15319      1.10467
     1.13765      1.23032      1.17674
     1.15960      1.30631      1.24903
     1.18154      1.38060      1.32072
     1.20349      1.45293      1.39121
     1.22543      1.52331      1.46021
     1.24738      1.59194      1.52768
     1.26932      1.65912      1.59373
     1.29127      1.72517      1.65858
     1.31321      1.79035      1.72247
     1.33516      1.85487      1.78562
     1.35710      1.91881      1.84817
     1.37905      1.98218      1.91018
     1.40099      2.04486      1.97162
     1.42294      2.10671      2.03240
     1.44488      2.16753      2.09237
     1.46683      2.22710      2.15133
     1.48877      2.28524      2.20910
     1.51072      2.34177      2.26550
     1.53266      2.39655      2.32035
     1.55461      2.44948      2.37354
     1.57655      2.50050      2.42498
     1.59850      2.54960      2.47461
     1.62044      2.59678      2.52241
     1.64239      2.64211      2.56842
     1.66433      2.68565      2.61267
     1.68628      2.72747      2.65523
     1.70822      2.76769      2.69619
     1.73017      2.80641      2.73565
     1.75212      2.84373      2.77371
     1.77406      2.87975      2.81047
     1.79601      2.91458      2.84603
     1.81795      2.94831      2.88049
     1.83990      2.98102      2.91394
     1.86184      3.01279      2.94645
     1.88379      3.04368      2.97810
     1.90573      3.07375      3.00894
     1.92768      3.10303      3.03902
     1.94962      3.13158      3.06837
     1.97157      3.15943      3.09704
     1.99351      3.18659      3.12504
     2.01546      3.21309      3.15239
     2.03740      3.23895      3.17912
     2.05935      3.26419      3.20523
     2.08129      3.28881      3.23073
     2.10324      3.31283      3.25564
     2.12518      3.33627      3.27997
     2.14713      3.35913      3.30372
     2.16907      3.38142      3.32691
     2.19102      3.40317      3.34955
     2.21296      3.42439      3.37165
     2.23491      3.44509      3.39322
     2.25685      3.46530      3.41429
     2.27880      3.48503      3.43487
     2.30074      3.50430      3.45498
     2.32269      3.52313      3.47428
     2.34463      3.54152      3.49267
     2.36658      3.55951      3.51067
     2.38852      3.57709      3.52828
     2.41047      3.59428      3.54552
     2.43242      3.61112      3.56238
     2.45436      3.62839      3.57889
     2.47631      3.64530      3.59504
     2.49825      3.66192      3.61082
     2.52020      3.67804      3.62625
     2.54214      3.69367      3.64132
     2.56409      3.70881      3.65604
     2.58603      3.72346      3.67039
     2.60798      3.73763      3.68439
     2.62992      3.75133      3.69803
     2.65187      3.76457      3.71132
     2.67381      3.77735      3.72427
     2.69576      3.78970      3.73687
     2.71770      3.80161      3.74915
     2.73965      3.81310      3.76110
     2.76159      3.82418      3.77274
     2.78354      3.83487      3.78408
     2.80548      3.84518      3.79513
     2.82743      3.85512      3.80591
     2.84937      3.86471      3.81642
     2.87132      3.87397      3.82668
     2.89326      3.88292      3.83672
     2.91521      3.89156      3.84653
     2.93715      3.89992      3.85615
     2.95910      3.90901      3.86557
     2.98104      3.91801      3.87481
     3.00299      3.92683      3.88388
     3.02493      3.93549      3.89278
     3.04688      3.94399      3.90153
     3.06883      3.95233      3.91011
     3.09077      3.96052      3.91853
     3.11272      3.96854      3.92679
     3.13466      3.97640      3.93488
     3.15661      3.98408      3.94279
     3.17855      3.99159      3.95053
     3.20050      3.99892      3.95809
     3.22244      4.00606      3.96509
     3.24439      4.01299      3.97164
     3.26633      4.01972      3.97797
     3.28828      4.02624      3.98407
     3.31022      4.03254      3.98993
     3.33217      4.03859      3.99553
     3.35411      4.04440      4.00087
     3.37606      4.04994      4.00594
     3.39800      4.05520      4.01071
     3.41995      4.06016      4.01518
     3.44189      4.06480      4.01933
     3.46384      4.06910      4.02314
     3.48578      4.07305      4.02661
     3.50773      4.07662      4.02971
     3.52967      4.07980      4.03244
     3.55162      4.08258      4.03422
     3.57356      4.08563      4.03539
     3.59551      4.08871      4.03618
     3.61745      4.09136      4.03659
     3.63940      4.09358      4.03660
     3.66134      4.09536      4.03623
     3.68329      4.09671      4.03546
     3.70524      4.09764      4.03432
     3.72718      4.09816      4.03278
     3.74913      4.09827      4.03087
     3.77107      4.09799      4.02827
     3.79302      4.09734      4.02524
     3.81496      4.09633      4.02186
     3.83691      4.09498      4.01813
     3.85885      4.09331      4.01408
     3.88080      4.09134      4.00971
     3.90274      4.08909      4.00503
     3.92469      4.08659      4.00008
     3.94663      4.08385      3.99486
     3.96858      4.08089      3.98940
     3.99052      4.07775      3.98371
     4.01247      4.07443      3.97781
     4.03441      4.07097      3.97172
     4.05636      4.06738      3.96546
     4.07830      4.06367      3.95904
     4.10025      4.05987      3.95249
     4.12219      4.05599      3.94582
     4.14414      4.05205      3.93906
     4.16608      4.04804      3.93221
     4.18803      4.04400      3.92528
     4.20997      4.03991      3.91830
     4.23192      4.03579      3.91128
     4.25386      4.03165      3.90422
     4.27581      4.02748      3.89714
     4.29775      4.02329      3.89003
     4.31970      4.01909      3.88292
     4.34164      4.01486      3.87581
     4.36359      4.01060      3.86869
     4.38554      4.00633      3.86157
     4.40748      4.00203      3.85446
     4.42943      3.99771      3.84735
     4.45137      3.99337      3.84025
     4.47332      3.98900      3.83316
     4.49526      3.98461      3.82607
     4.51721      3.98020      3.81899
     4.53915      3.97578      3.81191
     4.56110      3.97136      3.80484
     4.58304      3.96693      3.79777
     4.60499      3.96252      3.79071
     4.62693      3.95813      3.78366
     4.64888      3.95377      3.77662
     4.67082      3.94945      3.76959
     4.69277      3.94517      3.76258
     4.71471      3.94093      3.75560
     4.73666      3.93671      3.74866
     4.75860      3.93249      3.74176
     4.78055      3.92825      3.73492
     4.80249      3.92395      3.72815
     4.82444      3.91956      3.72146
     4.84638      3.91504      3.71486
     4.86833      3.91036      3.70836
     4.89027      3.90551      3.70197
     4.91222      3.90046      3.69568
     4.93416      3.89520      3.68948
     4.95611      3.88975      3.68335
     4.97805      3.88409      3.67727
     5.00000      3.87825      3.67120
