# T/Tc, sigma/T(strange)_max,sigma/T(strange)_min, sigma/T(full)_max, sigma/T(full)_min
     1.00000      0.00053      0.00041      0.00299      0.00231
     1.07464      0.00071      0.00059      0.00391      0.00318
     1.14928      0.00088      0.00077      0.00473      0.00403
     1.22392      0.00104      0.00094      0.00541      0.00480
     1.29856      0.00119      0.00109      0.00595      0.00540
     1.37320      0.00133      0.00124      0.00642      0.00589
     1.44784      0.00146      0.00135      0.00682      0.00626
     1.52248      0.00158      0.00143      0.00715      0.00655
     1.59712      0.00169      0.00150      0.00741      0.00677
     1.67176      0.00179      0.00156      0.00764      0.00692
     1.74640      0.00188      0.00163      0.00784      0.00706
     1.82104      0.00196      0.00169      0.00804      0.00719
     1.89568      0.00203      0.00175      0.00822      0.00732
     1.97032      0.00213      0.00181      0.00839      0.00745
     2.04496      0.00222      0.00187      0.00855      0.00758
     2.11960      0.00231      0.00193      0.00870      0.00771
     2.19424      0.00238      0.00200      0.00883      0.00784
     2.26888      0.00247      0.00206      0.00899      0.00798
     2.34352      0.00255      0.00213      0.00913      0.00812
     2.41816      0.00263      0.00220      0.00928      0.00826
     2.49280      0.00271      0.00224      0.00941      0.00836
     2.56744      0.00279      0.00227      0.00954      0.00846
     2.64208      0.00286      0.00230      0.00973      0.00856
     2.71672      0.00294      0.00232      0.00992      0.00864
     2.79136      0.00301      0.00232      0.01011      0.00868
     2.86600      0.00308      0.00233      0.01030      0.00870
     2.94064      0.00315      0.00232      0.01050      0.00869
     3.01528      0.00321      0.00232      0.01069      0.00867
     3.08992      0.00328      0.00232      0.01087      0.00865
     3.16456      0.00334      0.00232      0.01106      0.00863
