# T/Tc, cs_max,cs_min
     0.63291      0.81017      0.50997
     0.65486      0.58268      0.42611
     0.67680      0.42829      0.35203
     0.69875      0.33614      0.29303
     0.72069      0.29096      0.24903
     0.74264      0.26337      0.21011
     0.76458      0.24317      0.18613
     0.78653      0.22807      0.17091
     0.80847      0.21618      0.16232
     0.83042      0.20605      0.15771
     0.85236      0.19674      0.15478
     0.87431      0.18788      0.15215
     0.89625      0.17963      0.14940
     0.91820      0.17251      0.14692
     0.94014      0.16715      0.14544
     0.96209      0.16409      0.14567
     0.98403      0.16358      0.14800
     1.00598      0.16558      0.15245
     1.02792      0.16971      0.15870
     1.04987      0.17553      0.16518
     1.07181      0.18278      0.17226
     1.09376      0.18970      0.17954
     1.11571      0.19594      0.18649
     1.13765      0.20137      0.19283
     1.15960      0.20600      0.19845
     1.18154      0.21033      0.20335
     1.20349      0.21447      0.20745
     1.22543      0.21782      0.21039
     1.24738      0.22046      0.21290
     1.26932      0.22255      0.21516
     1.29127      0.22435      0.21736
     1.31321      0.22614      0.21971
     1.33516      0.22817      0.22193
     1.35710      0.23061      0.22465
     1.37905      0.23353      0.22797
     1.40099      0.23698      0.23189
     1.42294      0.24090      0.23605
     1.44488      0.24532      0.24065
     1.46683      0.25060      0.24560
     1.48877      0.25598      0.25076
     1.51072      0.26128      0.25599
     1.53266      0.26633      0.26111
     1.55461      0.27138      0.26596
     1.57655      0.27602      0.27040
     1.59850      0.28007      0.27431
     1.62044      0.28347      0.27692
     1.64239      0.28623      0.27875
     1.66433      0.28835      0.27999
     1.68628      0.28991      0.28069
     1.70822      0.29096      0.28096
     1.73017      0.29160      0.28089
     1.75212      0.29193      0.28060
     1.77406      0.29202      0.28021
     1.79601      0.29196      0.27980
     1.81795      0.29182      0.27947
     1.83990      0.29167      0.27928
     1.86184      0.29154      0.27927
     1.88379      0.29148      0.27947
     1.90573      0.29152      0.27978
     1.92768      0.29166      0.28012
     1.94962      0.29192      0.28068
     1.97157      0.29230      0.28145
     1.99351      0.29304      0.28240
     2.01546      0.29385      0.28350
     2.03740      0.29471      0.28471
     2.05935      0.29559      0.28601
     2.08129      0.29647      0.28735
     2.10324      0.29732      0.28871
     2.12518      0.29813      0.29007
     2.14713      0.29886      0.29142
     2.16907      0.29951      0.29273
     2.19102      0.30008      0.29403
     2.21296      0.30056      0.29531
     2.23491      0.30097      0.29651
     2.25685      0.30132      0.29732
     2.27880      0.30163      0.29815
     2.30074      0.30249      0.29902
     2.32269      0.30375      0.29972
     2.34463      0.30504      0.30003
     2.36658      0.30638      0.30041
     2.38852      0.30777      0.30086
     2.41047      0.30919      0.30140
     2.43242      0.31065      0.30204
     2.45436      0.31213      0.30275
     2.47631      0.31362      0.30354
     2.49825      0.31509      0.30438
     2.52020      0.31654      0.30527
     2.54214      0.31811      0.30616
     2.56409      0.31962      0.30706
     2.58603      0.32104      0.30792
     2.60798      0.32236      0.30874
     2.62992      0.32359      0.30949
     2.65187      0.32470      0.31016
     2.67381      0.32570      0.31072
     2.69576      0.32658      0.31116
     2.71770      0.32734      0.31148
     2.73965      0.32796      0.31166
     2.76159      0.32844      0.31169
     2.78354      0.32879      0.31160
     2.80548      0.32901      0.31138
     2.82743      0.32911      0.31107
     2.84937      0.32911      0.31068
     2.87132      0.32903      0.31026
     2.89326      0.32892      0.30985
     2.91521      0.32880      0.30948
     2.93715      0.32872      0.30920
     2.95910      0.32871      0.30904
     2.98104      0.32881      0.30903
     3.00299      0.32905      0.30920
     3.02493      0.32945      0.30956
     3.04688      0.33003      0.31013
     3.06883      0.33078      0.31090
     3.09077      0.33172      0.31188
     3.11272      0.33285      0.31306
     3.13466      0.33416      0.31444
     3.15661      0.33564      0.31603
     3.17855      0.33729      0.31783
     3.20050      0.33913      0.31987
     3.22244      0.34116      0.32215
     3.24439      0.34340      0.32471
     3.26633      0.34587      0.32758
     3.28828      0.34861      0.33078
     3.31022      0.35165      0.33435
     3.33217      0.35500      0.33799
     3.35411      0.35872      0.34200
     3.37606      0.36280      0.34641
     3.39800      0.36727      0.35119
     3.41995      0.37212      0.35634
     3.44189      0.37734      0.36181
     3.46384      0.38296      0.36756
     3.48578      0.38903      0.37351
     3.50773      0.39522      0.37960
     3.52967      0.40145      0.38573
     3.55162      0.40774      0.39181
     3.57356      0.41424      0.39775
     3.59551      0.42071      0.40344
     3.61745      0.42705      0.40881
     3.63940      0.43317      0.41376
     3.66134      0.43899      0.41821
     3.68329      0.44444      0.42210
     3.70524      0.44968      0.42538
     3.72718      0.45458      0.42800
     3.74913      0.45885      0.42992
     3.77107      0.46240      0.43105
     3.79302      0.46518      0.43099
     3.81496      0.46716      0.43022
     3.83691      0.46828      0.42855
     3.85885      0.46855      0.42617
     3.88080      0.46798      0.42333
     3.90274      0.46680      0.42012
     3.92469      0.46476      0.41663
     3.94663      0.46193      0.41293
     3.96858      0.45861      0.40913
     3.99052      0.45528      0.40530
     4.01247      0.45156      0.40152
     4.03441      0.44755      0.39787
     4.05636      0.44334      0.39413
     4.07830      0.43902      0.39061
     4.10025      0.43468      0.38738
     4.12219      0.43039      0.38449
     4.14414      0.42623      0.38197
     4.16608      0.42227      0.37983
     4.18803      0.41856      0.37809
     4.20997      0.41516      0.37675
     4.23192      0.41208      0.37578
     4.25386      0.40937      0.37516
     4.27581      0.40703      0.37486
     4.29775      0.40507      0.37482
     4.31970      0.40349      0.37499
     4.34164      0.40228      0.37528
     4.36359      0.40140      0.37563
     4.38554      0.40085      0.37575
     4.40748      0.40057      0.37535
     4.42943      0.40051      0.37466
     4.45137      0.40063      0.37363
     4.47332      0.40084      0.37221
     4.49526      0.40106      0.37042
     4.51721      0.40122      0.36831
     4.53915      0.40120      0.36606
     4.56110      0.40091      0.36390
     4.58304      0.40023      0.36216
     4.60499      0.39905      0.35992
     4.62693      0.39729      0.35798
     4.64888      0.39487      0.35744
     4.67082      0.39178      0.35870
     4.69277      0.38804      0.35922
     4.71471      0.38378      0.35896
     4.73666      0.39257      0.36073
     4.75860      0.40606      0.36328
     4.78055      0.42228      0.36401
     4.80249      0.44121      0.36596
     4.82444      0.46267      0.36491
     4.84638      0.48611      0.36447
     4.86833      0.51055      0.36605
     4.89027      0.53455      0.36987
     4.91222      0.56044      0.37605
     4.93416      0.58406      0.38458
     4.95611      0.60616      0.39475
     4.97805      0.63053      0.40275
     5.00000      0.64899      0.41227
