# T/Tc,massG_min*eval, massG_max*eval, massL_min*eval, massL_max*eval, massS_min*eval, massS_max*eval
     0.98101      1.05532      1.24261      0.50956      0.54210      0.50956      0.54210
     1.00789      1.07473      1.25452      0.49341      0.52418      0.49341      0.52418
     1.03476      1.09276      1.26443      0.47773      0.50696      0.47773      0.50696
     1.06164      1.10945      1.27229      0.46265      0.49049      0.46265      0.49049
     1.08851      1.12480      1.27810      0.44824      0.47484      0.44824      0.47484
     1.11539      1.13820      1.28187      0.43457      0.46003      0.43457      0.46003
     1.14226      1.14522      1.28367      0.42168      0.44610      0.42168      0.44610
     1.16914      1.15144      1.28358      0.40959      0.43305      0.40959      0.43305
     1.19601      1.15703      1.28171      0.39834      0.42088      0.39834      0.42088
     1.22289      1.16200      1.27821      0.38791      0.40959      0.38791      0.40959
     1.24976      1.16633      1.27323      0.37830      0.39915      0.37830      0.39915
     1.27664      1.17002      1.26695      0.36948      0.38955      0.36948      0.38955
     1.30351      1.17307      1.25955      0.36144      0.38075      0.36144      0.38075
     1.33039      1.17548      1.25428      0.35414      0.37274      0.35414      0.37274
     1.35726      1.17531      1.25231      0.34756      0.36547      0.34756      0.36547
     1.38414      1.17103      1.24926      0.34166      0.35891      0.34166      0.35891
     1.41101      1.16662      1.24516      0.33640      0.35303      0.33640      0.35303
     1.43789      1.16212      1.24006      0.33174      0.34780      0.33174      0.34780
     1.46476      1.15756      1.23402      0.32765      0.34317      0.32765      0.34317
     1.49164      1.15299      1.22710      0.32410      0.33916      0.32410      0.33916
     1.51851      1.14842      1.21938      0.32104      0.33582      0.32104      0.33582
     1.54539      1.14389      1.21093      0.31845      0.33288      0.31845      0.33288
     1.57226      1.13941      1.20235      0.31630      0.33033      0.31630      0.33033
     1.59913      1.13499      1.19666      0.31454      0.32813      0.31454      0.32813
     1.62601      1.13065      1.19010      0.31316      0.32628      0.31316      0.32628
     1.65288      1.12591      1.18274      0.31213      0.32489      0.31213      0.32489
     1.67976      1.11681      1.17465      0.31142      0.32393      0.31142      0.32393
     1.70663      1.10820      1.16591      0.31101      0.32331      0.31101      0.32331
     1.73351      1.10007      1.15663      0.31088      0.32299      0.31088      0.32299
     1.76038      1.09245      1.14689      0.31100      0.32295      0.31100      0.32295
     1.78726      1.08533      1.13680      0.31137      0.32319      0.31137      0.32319
     1.81413      1.07870      1.12731      0.31196      0.32367      0.31196      0.32367
     1.84101      1.07256      1.12376      0.31276      0.32438      0.31276      0.32438
     1.86788      1.06690      1.12019      0.31376      0.32531      0.31376      0.32531
     1.89476      1.06171      1.11662      0.31494      0.32659      0.31494      0.32659
     1.92163      1.05696      1.11306      0.31590      0.32830      0.31590      0.32830
     1.94851      1.05264      1.10951      0.31692      0.33014      0.31692      0.33014
     1.97538      1.04756      1.10599      0.31806      0.33211      0.31806      0.33211
     2.00226      1.04145      1.10251      0.31920      0.33418      0.31920      0.33418
     2.02913      1.03484      1.09907      0.32051      0.33637      0.32051      0.33637
     2.05601      1.02814      1.09568      0.32202      0.33864      0.32202      0.33864
     2.08288      1.02206      1.09235      0.32371      0.34100      0.32371      0.34100
     2.10976      1.01661      1.08909      0.32559      0.34344      0.32559      0.34344
     2.13663      1.01177      1.08589      0.32767      0.34596      0.32767      0.34596
     2.16351      1.00753      1.08278      0.32993      0.34853      0.32993      0.34853
     2.19038      1.00386      1.07974      0.33239      0.35117      0.33239      0.35117
     2.21726      1.00016      1.07679      0.33505      0.35387      0.33505      0.35387
     2.24413      0.99590      1.07393      0.33789      0.35661      0.33789      0.35661
     2.27101      0.99222      1.07117      0.34093      0.35940      0.34093      0.35940
     2.29788      0.98913      1.06850      0.34416      0.36223      0.34416      0.36223
     2.32476      0.98660      1.06593      0.34758      0.36510      0.34758      0.36510
     2.35163      0.98461      1.06345      0.35119      0.36801      0.35119      0.36801
     2.37851      0.98313      1.06109      0.35497      0.37095      0.35497      0.37095
     2.40538      0.98215      1.05882      0.35894      0.37392      0.35894      0.37392
     2.43226      0.98165      1.05666      0.36309      0.37739      0.36309      0.37739
     2.45913      0.98159      1.05609      0.36741      0.38093      0.36741      0.38093
     2.48601      0.98196      1.05575      0.37190      0.38506      0.37190      0.38506
     2.51288      0.98274      1.05554      0.37561      0.38943      0.37561      0.38943
     2.53976      0.98389      1.05544      0.37926      0.39391      0.37926      0.39391
     2.56663      0.98540      1.05546      0.38297      0.39849      0.38297      0.39849
     2.59351      0.98724      1.05559      0.38673      0.40317      0.38673      0.40317
     2.62038      0.98940      1.05592      0.39055      0.40794      0.39055      0.40794
     2.64726      0.99186      1.05650      0.39442      0.41280      0.39442      0.41280
     2.67413      0.99459      1.05718      0.39835      0.41774      0.39835      0.41774
     2.70101      0.99758      1.05794      0.40232      0.42277      0.40232      0.42277
     2.72788      1.00082      1.05879      0.40634      0.42788      0.40634      0.42788
     2.75475      1.00428      1.05972      0.41040      0.43306      0.41040      0.43306
     2.78163      1.00795      1.06074      0.41451      0.43832      0.41451      0.43832
     2.80850      1.01123      1.06185      0.41866      0.44364      0.41866      0.44364
     2.83538      1.01351      1.06475      0.42260      0.44903      0.42260      0.44903
     2.86225      1.01599      1.06794      0.42591      0.45448      0.42591      0.45448
     2.88913      1.01866      1.07125      0.42923      0.45999      0.42923      0.45999
     2.91600      1.02153      1.07491      0.43256      0.46555      0.43256      0.46555
     2.94288      1.02458      1.07905      0.43591      0.47117      0.43591      0.47117
     2.96975      1.02781      1.08329      0.43926      0.47684      0.43926      0.47684
     2.99663      1.03121      1.08764      0.44250      0.48302      0.44250      0.48302
     3.02350      1.03457      1.09257      0.44573      0.48990      0.44573      0.48990
     3.05038      1.03463      1.09802      0.44897      0.49685      0.44897      0.49685
     3.07725      1.03477      1.10361      0.45220      0.50387      0.45220      0.50387
     3.10413      1.03499      1.10932      0.45544      0.51095      0.45544      0.51095
     3.13100      1.03529      1.11516      0.45868      0.51810      0.45868      0.51810
     3.15788      1.03566      1.12112      0.46193      0.52530      0.46193      0.52530
     3.18475      1.03612      1.12719      0.46517      0.53255      0.46517      0.53255
     3.21163      1.03665      1.13338      0.46841      0.53986      0.46841      0.53986
     3.23850      1.03726      1.13967      0.47166      0.54721      0.47166      0.54721
     3.26538      1.03795      1.14606      0.47491      0.55461      0.47491      0.55461
     3.29225      1.03870      1.15254      0.47816      0.56204      0.47816      0.56204
     3.31913      1.03954      1.15912      0.48141      0.56952      0.48141      0.56952
     3.34600      1.04044      1.16579      0.48466      0.57703      0.48466      0.57703
     3.37288      1.04142      1.17254      0.48790      0.58457      0.48790      0.58457
     3.39975      1.04246      1.17938      0.49115      0.59214      0.49115      0.59214
     3.42663      1.04358      1.18629      0.49440      0.59974      0.49440      0.59974
     3.45350      1.04476      1.19340      0.49765      0.60736      0.49765      0.60736
     3.48038      1.04602      1.20057      0.50090      0.61501      0.50090      0.61501
     3.50725      1.04734      1.20777      0.50415      0.62267      0.50415      0.62267
     3.53413      1.04873      1.21501      0.50740      0.63036      0.50740      0.63036
     3.56100      1.05018      1.22228      0.51065      0.63806      0.51065      0.63806
     3.58788      1.05170      1.22958      0.51389      0.64577      0.51389      0.64577
     3.61475      1.05329      1.23691      0.51714      0.65349      0.51714      0.65349
     3.64163      1.05494      1.24426      0.52039      0.66123      0.52039      0.66123
     3.66850      1.05666      1.25165      0.52363      0.66898      0.52363      0.66898
     3.69538      1.05843      1.25907      0.52687      0.67673      0.52687      0.67673
     3.72225      1.06027      1.26666      0.53012      0.68448      0.53012      0.68448
     3.74913      1.06217      1.27430      0.53336      0.69225      0.53336      0.69225
     3.77600      1.06413      1.28198      0.53660      0.70001      0.53660      0.70001
     3.80288      1.06615      1.28971      0.53984      0.70778      0.53984      0.70778
     3.82975      1.06823      1.29747      0.54307      0.71554      0.54307      0.71554
     3.85662      1.07037      1.30528      0.54631      0.72331      0.54631      0.72331
     3.88350      1.07257      1.31313      0.54955      0.73107      0.54955      0.73107
     3.91037      1.07483      1.32101      0.55278      0.73883      0.55278      0.73883
     3.93725      1.07714      1.32893      0.55601      0.74659      0.55601      0.74659
     3.96412      1.07951      1.33689      0.55924      0.75434      0.55924      0.75434
     3.99100      1.08193      1.34488      0.56247      0.76209      0.56247      0.76209
     4.01787      1.08441      1.35289      0.56570      0.76983      0.56570      0.76983
     4.04475      1.08694      1.36095      0.56893      0.77757      0.56893      0.77757
     4.07162      1.08952      1.36902      0.57215      0.78530      0.57215      0.78530
     4.09850      1.09216      1.37713      0.57537      0.79322      0.57537      0.79322
     4.12537      1.09485      1.38527      0.57860      0.80119      0.57860      0.80119
     4.15225      1.09759      1.39343      0.58182      0.80917      0.58182      0.80917
     4.17912      1.10038      1.40161      0.58503      0.81713      0.58503      0.81713
     4.20600      1.10322      1.40982      0.58825      0.82509      0.58825      0.82509
     4.23287      1.10610      1.41806      0.59147      0.83305      0.59147      0.83305
     4.25975      1.10904      1.42631      0.59468      0.84099      0.59468      0.84099
     4.28662      1.11202      1.43459      0.59789      0.84893      0.59789      0.84893
     4.31350      1.11505      1.44289      0.60110      0.85686      0.60110      0.85686
     4.34037      1.11813      1.45121      0.60431      0.86478      0.60431      0.86478
     4.36725      1.12125      1.45955      0.60752      0.87269      0.60752      0.87269
     4.39412      1.12441      1.46790      0.61072      0.88060      0.61072      0.88060
     4.42100      1.12762      1.47628      0.61393      0.88849      0.61393      0.88849
     4.44787      1.13087      1.48467      0.61713      0.89636      0.61713      0.89636
     4.47475      1.13417      1.49308      0.62033      0.90423      0.62033      0.90423
     4.50162      1.13750      1.50150      0.62353      0.91209      0.62353      0.91209
     4.52850      1.14088      1.50994      0.62672      0.91993      0.62672      0.91993
     4.55537      1.14430      1.51839      0.62992      0.92776      0.62992      0.92776
     4.58225      1.14775      1.52686      0.63311      0.93558      0.63311      0.93558
     4.60912      1.15125      1.53535      0.63630      0.94338      0.63630      0.94338
     4.63600      1.15478      1.54384      0.63950      0.95117      0.63950      0.95117
     4.66287      1.15835      1.55235      0.64268      0.95895      0.64268      0.95895
     4.68975      1.16195      1.56087      0.64587      0.96671      0.64587      0.96671
     4.71662      1.16560      1.56940      0.64906      0.97446      0.64906      0.97446
     4.74350      1.16927      1.57795      0.65224      0.98219      0.65224      0.98219
     4.77037      1.17299      1.58650      0.65542      0.98992      0.65542      0.98992
     4.79725      1.17673      1.59507      0.65860      0.99762      0.65860      0.99762
     4.82412      1.18052      1.60364      0.66178      1.00531      0.66178      1.00531
     4.85100      1.18433      1.61223      0.66496      1.01299      0.66496      1.01299
     4.87787      1.18817      1.62083      0.66814      1.02065      0.66814      1.02065
     4.90475      1.19205      1.62943      0.67131      1.02830      0.67131      1.02830
     4.93162      1.19596      1.63805      0.67448      1.03594      0.67448      1.03594
     4.95850      1.19990      1.64667      0.67766      1.04355      0.67766      1.04355
     4.98537      1.20387      1.65530      0.68083      1.05116      0.68083      1.05116
     5.01224      1.20787      1.66394      0.68399      1.05875      0.68399      1.05875
     5.03912      1.21189      1.67259      0.68716      1.06632      0.68716      1.06632
     5.06599      1.21595      1.68124      0.69033      1.07388      0.69033      1.07388
     5.09287      1.22003      1.68990      0.69349      1.08143      0.69349      1.08143
     5.11974      1.22414      1.69857      0.69665      1.08896      0.69665      1.08896
     5.14662      1.22828      1.70725      0.69981      1.09647      0.69981      1.09647
     5.17349      1.23244      1.71593      0.70297      1.10398      0.70297      1.10398
     5.20037      1.23663      1.72462      0.70613      1.11146      0.70613      1.11146
     5.22724      1.24084      1.73332      0.70929      1.11894      0.70929      1.11894
     5.25412      1.24508      1.74202      0.71244      1.12640      0.71244      1.12640
     5.28099      1.24935      1.75072      0.71560      1.13384      0.71560      1.13384
     5.30787      1.25363      1.75944      0.71875      1.14127      0.71875      1.14127
     5.33474      1.25794      1.76815      0.72190      1.14869      0.72190      1.14869
     5.36162      1.26228      1.77688      0.72505      1.15609      0.72505      1.15609
     5.38849      1.26663      1.78561      0.72820      1.16348      0.72820      1.16348
     5.41537      1.27101      1.79434      0.73135      1.17086      0.73135      1.17086
     5.44224      1.27541      1.80308      0.73449      1.17822      0.73449      1.17822
     5.46912      1.27983      1.81182      0.73764      1.18557      0.73764      1.18557
     5.49599      1.28427      1.82057      0.74078      1.19291      0.74078      1.19291
     5.52287      1.28873      1.82932      0.74392      1.20023      0.74392      1.20023
     5.54974      1.29321      1.83807      0.74706      1.20754      0.74706      1.20754
     5.57662      1.29771      1.84683      0.75020      1.21484      0.75020      1.21484
     5.60349      1.30223      1.85559      0.75334      1.22212      0.75334      1.22212
     5.63037      1.30677      1.86436      0.75648      1.22939      0.75648      1.22939
     5.65724      1.31132      1.87313      0.75961      1.23665      0.75961      1.23665
     5.68412      1.31590      1.88191      0.76275      1.24390      0.76275      1.24390
     5.71099      1.32049      1.89068      0.76588      1.25113      0.76588      1.25113
     5.73787      1.32510      1.89946      0.76901      1.25836      0.76901      1.25836
     5.76474      1.32973      1.90825      0.77214      1.26557      0.77214      1.26557
     5.79162      1.33437      1.91704      0.77527      1.27277      0.77527      1.27277
     5.81849      1.33903      1.92583      0.77840      1.27995      0.77840      1.27995
     5.84537      1.34371      1.93462      0.78153      1.28713      0.78153      1.28713
     5.87224      1.34840      1.94342      0.78465      1.29430      0.78465      1.29430
     5.89912      1.35311      1.95221      0.78778      1.30145      0.78778      1.30145
     5.92599      1.35783      1.96102      0.79090      1.30859      0.79090      1.30859
     5.95287      1.36257      1.96982      0.79402      1.31573      0.79402      1.31573
     5.97974      1.36733      1.97863      0.79714      1.32285      0.79714      1.32285
     6.00662      1.37209      1.98744      0.80027      1.32996      0.80027      1.32996
     6.03349      1.37687      1.99625      0.80338      1.33706      0.80338      1.33706
     6.06037      1.38167      2.00506      0.80650      1.34415      0.80650      1.34415
     6.08724      1.38648      2.01388      0.80962      1.35123      0.80962      1.35123
     6.11411      1.39130      2.02269      0.81273      1.35830      0.81273      1.35830
     6.14099      1.39614      2.03151      0.81585      1.36536      0.81585      1.36536
     6.16786      1.40099      2.04034      0.81896      1.37241      0.81896      1.37241
     6.19474      1.40585      2.04916      0.82208      1.37945      0.82208      1.37945
     6.22161      1.41072      2.05799      0.82519      1.38648      0.82519      1.38648
     6.24849      1.41561      2.06682      0.82830      1.39350      0.82830      1.39350
     6.27536      1.42050      2.07565      0.83141      1.40051      0.83141      1.40051
     6.30224      1.42541      2.08448      0.83452      1.40752      0.83452      1.40752
     6.32911      1.43033      2.09331      0.83762      1.41451      0.83762      1.41451
