# T/Tc, widthG_min*eval, widthG_max*eval, widthL_min*eval, widthL_max*eval, widthS_min*eval, widthS_max*eval
     0.98101      0.12896      0.15239      0.07662      0.10083      0.07096      0.09066
     1.00789      0.13057      0.15405      0.07983      0.10265      0.07323      0.09184
     1.03476      0.13214      0.15546      0.08306      0.10446      0.07546      0.09295
     1.06164      0.13366      0.15660      0.08631      0.10628      0.07766      0.09400
     1.08851      0.13515      0.15749      0.08958      0.10836      0.07982      0.09499
     1.11539      0.13659      0.15812      0.09286      0.11098      0.08194      0.09591
     1.14226      0.13800      0.15851      0.09615      0.11359      0.08402      0.09678
     1.16914      0.13937      0.15868      0.09945      0.11619      0.08605      0.09758
     1.19601      0.14071      0.15863      0.10275      0.11877      0.08803      0.09834
     1.22289      0.14201      0.15840      0.10604      0.12133      0.08997      0.09904
     1.24976      0.14327      0.15799      0.10934      0.12388      0.09185      0.09969
     1.27664      0.14451      0.15845      0.11263      0.12641      0.09283      0.10030
     1.30351      0.14570      0.15937      0.11591      0.12915      0.09357      0.10086
     1.33039      0.14686      0.16011      0.11918      0.13202      0.09430      0.10137
     1.35726      0.14792      0.16069      0.12244      0.13486      0.09503      0.10196
     1.38414      0.14770      0.16111      0.12558      0.13768      0.09538      0.10286
     1.41101      0.14740      0.16136      0.12831      0.14046      0.09575      0.10368
     1.43789      0.14710      0.16147      0.13106      0.14320      0.09613      0.10439
     1.46476      0.14682      0.16143      0.13381      0.14591      0.09652      0.10510
     1.49164      0.14655      0.16126      0.13658      0.14859      0.09693      0.10652
     1.51851      0.14631      0.16096      0.13934      0.15122      0.09735      0.10788
     1.54539      0.14610      0.16054      0.14211      0.15382      0.09779      0.10920
     1.57226      0.14591      0.16003      0.14488      0.15678      0.09824      0.11046
     1.59913      0.14575      0.15942      0.14764      0.15981      0.09871      0.11167
     1.62601      0.14563      0.15874      0.15009      0.16279      0.09919      0.11283
     1.65288      0.14553      0.15865      0.15249      0.16572      0.09969      0.11394
     1.67976      0.14545      0.15853      0.15464      0.16859      0.10021      0.11500
     1.70663      0.14500      0.15915      0.15668      0.17140      0.10074      0.11600
     1.73351      0.14461      0.15973      0.15873      0.17416      0.10129      0.11696
     1.76038      0.14430      0.16028      0.16077      0.17686      0.10185      0.11787
     1.78726      0.14405      0.16078      0.16282      0.17950      0.10243      0.11873
     1.81413      0.14387      0.16125      0.16487      0.18209      0.10302      0.11955
     1.84101      0.14375      0.16167      0.16692      0.18463      0.10363      0.12031
     1.86788      0.14370      0.16206      0.16898      0.18712      0.10425      0.12104
     1.89476      0.14370      0.16241      0.17105      0.18955      0.10489      0.12171
     1.92163      0.14376      0.16272      0.17313      0.19194      0.10551      0.12234
     1.94851      0.14387      0.16300      0.17522      0.19427      0.10587      0.12293
     1.97538      0.14404      0.16324      0.17731      0.19657      0.10601      0.12347
     2.00226      0.14424      0.16344      0.17942      0.19882      0.10606      0.12398
     2.02913      0.14445      0.16361      0.18153      0.20102      0.10610      0.12444
     2.05601      0.14438      0.16374      0.18366      0.20319      0.10614      0.12486
     2.08288      0.14436      0.16383      0.18579      0.20532      0.10618      0.12524
     2.10976      0.14439      0.16389      0.18794      0.20742      0.10622      0.12559
     2.13663      0.14446      0.16392      0.19009      0.20948      0.10626      0.12589
     2.16351      0.14457      0.16391      0.19226      0.21151      0.10631      0.12617
     2.19038      0.14473      0.16388      0.19444      0.21351      0.10635      0.12640
     2.21726      0.14493      0.16381      0.19663      0.21548      0.10640      0.12660
     2.24413      0.14490      0.16371      0.19882      0.21742      0.10645      0.12677
     2.27101      0.14492      0.16357      0.20103      0.21934      0.10650      0.12691
     2.29788      0.14498      0.16341      0.20322      0.22124      0.10656      0.12701
     2.32476      0.14511      0.16322      0.20498      0.22312      0.10662      0.12709
     2.35163      0.14529      0.16300      0.20673      0.22497      0.10668      0.12713
     2.37851      0.14552      0.16276      0.20847      0.22681      0.10675      0.12715
     2.40538      0.14580      0.16248      0.21020      0.22863      0.10682      0.12714
     2.43226      0.14612      0.16218      0.21192      0.23043      0.10690      0.12730
     2.45913      0.14650      0.16186      0.21363      0.23222      0.10698      0.12808
     2.48601      0.14691      0.16151      0.21533      0.23400      0.10707      0.12887
     2.51288      0.14737      0.16114      0.21703      0.23576      0.10716      0.12965
     2.53976      0.14786      0.16074      0.21872      0.23751      0.10726      0.13043
     2.56663      0.14840      0.16033      0.22038      0.23925      0.10736      0.13121
     2.59351      0.14896      0.15989      0.22130      0.24099      0.10746      0.13199
     2.62038      0.14957      0.16054      0.22218      0.24271      0.10758      0.13276
     2.64726      0.15020      0.16138      0.22302      0.24443      0.10769      0.13354
     2.67413      0.15086      0.16223      0.22384      0.24614      0.10782      0.13447
     2.70101      0.15118      0.16310      0.22462      0.24784      0.10795      0.13570
     2.72788      0.15146      0.16397      0.22537      0.24954      0.10808      0.13695
     2.75475      0.15176      0.16486      0.22610      0.25131      0.10822      0.13820
     2.78163      0.15207      0.16576      0.22680      0.25336      0.10836      0.13948
     2.80850      0.15238      0.16667      0.22747      0.25541      0.10851      0.14076
     2.83538      0.15271      0.16759      0.22812      0.25745      0.10867      0.14205
     2.86225      0.15304      0.16852      0.22875      0.25949      0.10883      0.14336
     2.88913      0.15333      0.16946      0.22935      0.26153      0.10900      0.14468
     2.91600      0.15343      0.17040      0.22993      0.26378      0.10917      0.14600
     2.94288      0.15282      0.17136      0.23050      0.26627      0.10935      0.14734
     2.96975      0.15220      0.17233      0.23104      0.26877      0.10953      0.14868
     2.99663      0.15158      0.17330      0.23157      0.27128      0.10972      0.15004
     3.02350      0.15095      0.17428      0.23207      0.27379      0.10992      0.15140
     3.05038      0.15033      0.17527      0.23257      0.27631      0.11012      0.15277
     3.07725      0.14970      0.17627      0.23304      0.27884      0.11032      0.15415
     3.10413      0.14907      0.17728      0.23351      0.28137      0.11053      0.15553
     3.13100      0.14843      0.17829      0.23396      0.28391      0.11075      0.15692
     3.15788      0.14780      0.17931      0.23439      0.28645      0.11097      0.15832
     3.18475      0.14717      0.18036      0.23482      0.28900      0.11120      0.15972
     3.21163      0.14655      0.18143      0.23523      0.29156      0.11143      0.16113
     3.23850      0.14593      0.18252      0.23564      0.29412      0.11166      0.16255
     3.26538      0.14531      0.18361      0.23603      0.29669      0.11190      0.16397
     3.29225      0.14469      0.18470      0.23642      0.29926      0.11215      0.16539
     3.31913      0.14409      0.18580      0.23679      0.30183      0.11240      0.16682
     3.34600      0.14348      0.18690      0.23716      0.30441      0.11266      0.16826
     3.37288      0.14289      0.18801      0.23753      0.30699      0.11292      0.16969
     3.39975      0.14230      0.18912      0.23788      0.30958      0.11318      0.17114
     3.42663      0.14172      0.19024      0.23823      0.31217      0.11345      0.17258
     3.45350      0.14116      0.19136      0.23858      0.31476      0.11372      0.17403
     3.48038      0.14060      0.19248      0.23892      0.31736      0.11400      0.17549
     3.50725      0.14005      0.19361      0.23925      0.31996      0.11429      0.17694
     3.53413      0.13951      0.19474      0.23958      0.32256      0.11457      0.17840
     3.56100      0.13898      0.19587      0.23991      0.32516      0.11456      0.17986
     3.58788      0.13846      0.19701      0.24024      0.32777      0.11425      0.18133
     3.61475      0.13796      0.19815      0.24056      0.33038      0.11396      0.18280
     3.64163      0.13746      0.19929      0.24088      0.33299      0.11368      0.18427
     3.66850      0.13698      0.20043      0.24120      0.33560      0.11340      0.18574
     3.69538      0.13652      0.20158      0.24151      0.33821      0.11314      0.18722
     3.72225      0.13606      0.20273      0.24183      0.34083      0.11288      0.18870
     3.74913      0.13562      0.20388      0.24215      0.34345      0.11263      0.19017
     3.77600      0.13519      0.20503      0.24246      0.34607      0.11239      0.19166
     3.80288      0.13477      0.20619      0.24277      0.34869      0.11217      0.19314
     3.82975      0.13437      0.20735      0.24309      0.35131      0.11195      0.19462
     3.85662      0.13398      0.20851      0.24341      0.35393      0.11174      0.19611
     3.88350      0.13361      0.20967      0.24372      0.35655      0.11155      0.19760
     3.91037      0.13325      0.21084      0.24404      0.35917      0.11136      0.19909
     3.93725      0.13290      0.21201      0.24436      0.36180      0.11118      0.20058
     3.96412      0.13257      0.21317      0.24468      0.36442      0.11102      0.20207
     3.99100      0.13225      0.21434      0.24500      0.36705      0.11086      0.20356
     4.01787      0.13195      0.21552      0.24532      0.36967      0.11072      0.20506
     4.04475      0.13166      0.21669      0.24565      0.37230      0.11058      0.20655
     4.07162      0.13138      0.21787      0.24597      0.37492      0.11046      0.20805
     4.09850      0.13112      0.21904      0.24630      0.37755      0.11034      0.20955
     4.12537      0.13087      0.22022      0.24663      0.38017      0.11024      0.21105
     4.15225      0.13063      0.22140      0.24697      0.38280      0.11014      0.21255
     4.17912      0.13041      0.22259      0.24731      0.38543      0.11006      0.21405
     4.20600      0.13020      0.22377      0.24765      0.38805      0.10999      0.21555
     4.23287      0.13000      0.22496      0.24799      0.39068      0.10992      0.21705
     4.25975      0.12982      0.22614      0.24834      0.39331      0.10987      0.21855
     4.28662      0.12965      0.22733      0.24869      0.39593      0.10983      0.22005
     4.31350      0.12949      0.22852      0.24904      0.39856      0.10979      0.22155
     4.34037      0.12935      0.22971      0.24940      0.40118      0.10977      0.22305
     4.36725      0.12922      0.23090      0.24976      0.40381      0.10975      0.22456
     4.39412      0.12910      0.23209      0.25013      0.40643      0.10974      0.22606
     4.42100      0.12899      0.23329      0.25049      0.40906      0.10975      0.22757
     4.44787      0.12889      0.23449      0.25087      0.41168      0.10976      0.22907
     4.47475      0.12881      0.23568      0.25124      0.41430      0.10978      0.23057
     4.50162      0.12874      0.23688      0.25162      0.41692      0.10981      0.23208
     4.52850      0.12868      0.23808      0.25201      0.41955      0.10985      0.23358
     4.55537      0.12863      0.23928      0.25240      0.42217      0.10990      0.23509
     4.58225      0.12859      0.24049      0.25279      0.42479      0.10995      0.23659
     4.60912      0.12856      0.24186      0.25319      0.42741      0.11002      0.23810
     4.63600      0.12855      0.24324      0.25359      0.43003      0.11009      0.23960
     4.66287      0.12854      0.24462      0.25399      0.43265      0.11017      0.24111
     4.68975      0.12855      0.24599      0.25440      0.43527      0.11026      0.24261
     4.71662      0.12856      0.24737      0.25482      0.43789      0.11035      0.24412
     4.74350      0.12859      0.24876      0.25523      0.44050      0.11045      0.24562
     4.77037      0.12862      0.25014      0.25566      0.44312      0.11056      0.24713
     4.79725      0.12867      0.25152      0.25608      0.44573      0.11068      0.24863
     4.82412      0.12872      0.25291      0.25652      0.44835      0.11081      0.25014
     4.85100      0.12878      0.25429      0.25695      0.45096      0.11094      0.25164
     4.87787      0.12886      0.25568      0.25739      0.45358      0.11108      0.25314
     4.90475      0.12894      0.25707      0.25784      0.45619      0.11122      0.25465
     4.93162      0.12903      0.25846      0.25829      0.45880      0.11138      0.25615
     4.95850      0.12913      0.25984      0.25874      0.46142      0.11153      0.25765
     4.98537      0.12923      0.26123      0.25920      0.46403      0.11170      0.25916
     5.01224      0.12935      0.26262      0.25966      0.46664      0.11187      0.26066
     5.03912      0.12947      0.26402      0.26013      0.46925      0.11205      0.26216
     5.06599      0.12960      0.26541      0.26060      0.47185      0.11223      0.26367
     5.09287      0.12974      0.26680      0.26108      0.47446      0.11242      0.26517
     5.11974      0.12989      0.26820      0.26156      0.47707      0.11262      0.26667
     5.14662      0.13004      0.26959      0.26205      0.47967      0.11282      0.26817
     5.17349      0.13020      0.27098      0.26254      0.48228      0.11302      0.26967
     5.20037      0.13037      0.27238      0.26303      0.48488      0.11323      0.27117
     5.22724      0.13055      0.27378      0.26353      0.48749      0.11345      0.27267
     5.25412      0.13073      0.27517      0.26403      0.49009      0.11367      0.27417
     5.28099      0.13092      0.27657      0.26454      0.49269      0.11390      0.27567
     5.30787      0.13111      0.27797      0.26505      0.49530      0.11413      0.27717
     5.33474      0.13132      0.27937      0.26557      0.49790      0.11437      0.27867
     5.36162      0.13152      0.28076      0.26609      0.50050      0.11461      0.28017
     5.38849      0.13174      0.28216      0.26662      0.50310      0.11485      0.28167
     5.41537      0.13196      0.28356      0.26715      0.50569      0.11511      0.28317
     5.44224      0.13219      0.28496      0.26768      0.50829      0.11536      0.28466
     5.46912      0.13242      0.28636      0.26822      0.51089      0.11562      0.28616
     5.49599      0.13265      0.28776      0.26876      0.51349      0.11588      0.28766
     5.52287      0.13290      0.28917      0.26930      0.51608      0.11615      0.28915
     5.54974      0.13315      0.29057      0.26985      0.51868      0.11642      0.29065
     5.57662      0.13340      0.29197      0.27041      0.52127      0.11670      0.29214
     5.60349      0.13366      0.29337      0.27097      0.52386      0.11698      0.29364
     5.63037      0.13392      0.29478      0.27153      0.52646      0.11726      0.29513
     5.65724      0.13419      0.29618      0.27210      0.52905      0.11755      0.29663
     5.68412      0.13447      0.29758      0.27267      0.53164      0.11784      0.29812
     5.71099      0.13474      0.29899      0.27324      0.53423      0.11814      0.29961
     5.73787      0.13503      0.30039      0.27382      0.53682      0.11843      0.30111
     5.76474      0.13531      0.30179      0.27440      0.53941      0.11874      0.30260
     5.79162      0.13561      0.30320      0.27499      0.54200      0.11904      0.30409
     5.81849      0.13590      0.30460      0.27558      0.54459      0.11935      0.30558
     5.84537      0.13620      0.30601      0.27617      0.54717      0.11966      0.30707
     5.87224      0.13651      0.30741      0.27677      0.54976      0.11997      0.30856
     5.89912      0.13682      0.30882      0.27737      0.55234      0.12029      0.31005
     5.92599      0.13713      0.31023      0.27798      0.55493      0.12061      0.31154
     5.95287      0.13745      0.31163      0.27859      0.55751      0.12094      0.31303
     5.97974      0.13777      0.31304      0.27920      0.56010      0.12126      0.31452
     6.00662      0.13809      0.31444      0.27982      0.56268      0.12159      0.31601
     6.03349      0.13842      0.31585      0.28044      0.56526      0.12192      0.31749
     6.06037      0.13875      0.31726      0.28106      0.56785      0.12226      0.31898
     6.08724      0.13909      0.31867      0.28169      0.57043      0.12260      0.32047
     6.11411      0.13943      0.32007      0.28232      0.57301      0.12294      0.32195
     6.14099      0.13977      0.32148      0.28295      0.57559      0.12328      0.32344
     6.16786      0.14012      0.32289      0.28359      0.57817      0.12362      0.32493
     6.19474      0.14046      0.32430      0.28423      0.58074      0.12397      0.32641
     6.22161      0.14082      0.32570      0.28488      0.58332      0.12432      0.32789
     6.24849      0.14117      0.32711      0.28552      0.58590      0.12467      0.32938
     6.27536      0.14153      0.32852      0.28617      0.58848      0.12503      0.33086
     6.30224      0.14189      0.32993      0.28683      0.59105      0.12539      0.33235
     6.32911      0.14225      0.33134      0.28749      0.59363      0.12575      0.33383
