# T/Tc, Ag_min^2, Ag_max^2, Aq_min^2, Aq_max^2
     0.98101      0.73361      0.98309      0.13616      0.21579
     1.00789      0.75597      0.97804      0.12811      0.19574
     1.03476      0.77799      0.97313      0.12069      0.17809
     1.06164      0.79945      0.96840      0.11390      0.16291
     1.08851      0.82013      0.96383      0.10772      0.15064
     1.11539      0.83326      0.95944      0.10216      0.13975
     1.14226      0.84553      0.95522      0.09719      0.13012
     1.16914      0.85741      0.95118      0.09278      0.12159
     1.19601      0.86879      0.94731      0.08892      0.11482
     1.22289      0.87958      0.94360      0.08556      0.10899
     1.24976      0.88676      0.94379      0.08268      0.10381
     1.27664      0.89101      0.94829      0.08025      0.09922
     1.30351      0.89511      0.95165      0.07823      0.09515
     1.33039      0.89906      0.95395      0.07589      0.09155
     1.35726      0.90282      0.95525      0.07368      0.08837
     1.38414      0.90526      0.95563      0.07188      0.08556
     1.41101      0.90667      0.95845      0.07045      0.08310
     1.43789      0.90802      0.96019      0.06936      0.08094
     1.46476      0.90928      0.96080      0.06858      0.07906
     1.49164      0.91046      0.96041      0.06809      0.07744
     1.51851      0.91117      0.95916      0.06786      0.07605
     1.54539      0.90879      0.95717      0.06769      0.07504
     1.57226      0.90649      0.95457      0.06716      0.07479
     1.59913      0.90425      0.95148      0.06687      0.07475
     1.62601      0.90208      0.95169      0.06678      0.07543
     1.65288      0.89998      0.95148      0.06689      0.07630
     1.67976      0.89794      0.95089      0.06718      0.07726
     1.70663      0.89499      0.95200      0.06764      0.07831
     1.73351      0.89054      0.95318      0.06825      0.07942
     1.76038      0.88622      0.95400      0.06900      0.08060
     1.78726      0.88210      0.95446      0.06980      0.08184
     1.81413      0.87822      0.95457      0.07071      0.08313
     1.84101      0.87465      0.95434      0.07175      0.08446
     1.86788      0.87142      0.95380      0.07292      0.08583
     1.89476      0.86855      0.95295      0.07411      0.08723
     1.92163      0.86608      0.95182      0.07494      0.08867
     1.94851      0.86400      0.95042      0.07585      0.09012
     1.97538      0.86233      0.94877      0.07684      0.09161
     2.00226      0.86105      0.94690      0.07793      0.09311
     2.02913      0.86016      0.94481      0.07912      0.09462
     2.05601      0.85963      0.94253      0.08040      0.09616
     2.08288      0.85945      0.94006      0.08177      0.09770
     2.10976      0.85924      0.93744      0.08323      0.09925
     2.13663      0.85702      0.93467      0.08479      0.10098
     2.16351      0.85504      0.93177      0.08643      0.10303
     2.19038      0.85331      0.92875      0.08817      0.10506
     2.21726      0.85182      0.92562      0.09000      0.10708
     2.24413      0.85057      0.92240      0.09192      0.10909
     2.27101      0.84955      0.91909      0.09392      0.11108
     2.29788      0.84877      0.91572      0.09602      0.11304
     2.32476      0.84821      0.91228      0.09820      0.11498
     2.35163      0.84787      0.90879      0.10047      0.11690
     2.37851      0.84775      0.90526      0.10283      0.11879
     2.40538      0.84783      0.90169      0.10528      0.12066
     2.43226      0.84812      0.89809      0.10781      0.12250
     2.45913      0.84860      0.89540      0.11042      0.12443
     2.48601      0.84927      0.89429      0.11312      0.12642
     2.51288      0.85012      0.89322      0.11590      0.12840
     2.53976      0.85114      0.89219      0.11877      0.13043
     2.56663      0.85233      0.89120      0.12059      0.13355
     2.59351      0.85368      0.89025      0.12235      0.13672
     2.62038      0.85518      0.88935      0.12412      0.13994
     2.64726      0.85683      0.88848      0.12588      0.14322
     2.67413      0.85861      0.88766      0.12763      0.14654
     2.70101      0.86053      0.88687      0.12938      0.14992
     2.72788      0.85824      0.88612      0.13113      0.15335
     2.75475      0.85470      0.88599      0.13243      0.15683
     2.78163      0.85119      0.88635      0.13358      0.16036
     2.80850      0.84771      0.88661      0.13471      0.16394
     2.83538      0.84426      0.88678      0.13581      0.16758
     2.86225      0.84085      0.88685      0.13688      0.17126
     2.88913      0.83747      0.88684      0.13792      0.17499
     2.91600      0.83413      0.88673      0.13893      0.17876
     2.94288      0.83082      0.88880      0.13992      0.18258
     2.96975      0.82756      0.89190      0.14089      0.18645
     2.99663      0.82433      0.89504      0.14182      0.19073
     3.02350      0.82115      0.89825      0.14274      0.19548
     3.05038      0.81801      0.90150      0.14363      0.20031
     3.07725      0.81490      0.90480      0.14450      0.20519
     3.10413      0.81185      0.90814      0.14535      0.21013
     3.13100      0.80883      0.91152      0.14617      0.21513
     3.15788      0.80586      0.91493      0.14697      0.22018
     3.18475      0.80293      0.91837      0.14776      0.22528
     3.21163      0.80004      0.92184      0.14852      0.23043
     3.23850      0.79720      0.92534      0.14927      0.23561
     3.26538      0.79441      0.92885      0.15000      0.24084
     3.29225      0.79165      0.93239      0.15071      0.24609
     3.31913      0.78894      0.93594      0.15140      0.25138
     3.34600      0.78627      0.93950      0.15207      0.25669
     3.37288      0.78365      0.94308      0.15273      0.26202
     3.39975      0.78107      0.94666      0.15338      0.26738
     3.42663      0.77853      0.95025      0.15401      0.27274
     3.45350      0.77604      0.95384      0.15462      0.27811
     3.48038      0.77358      0.95744      0.15522      0.28350
     3.50725      0.77117      0.96104      0.15581      0.28888
     3.53413      0.76880      0.96463      0.15638      0.29426
     3.56100      0.76647      0.96823      0.15694      0.29964
     3.58788      0.76418      0.97182      0.15749      0.30501
     3.61475      0.76194      0.97540      0.15802      0.31037
     3.64163      0.75973      0.97898      0.15854      0.31571
     3.66850      0.75756      0.98255      0.15906      0.32103
     3.69538      0.75542      0.98610      0.15956      0.32634
     3.72225      0.75333      0.98965      0.16005      0.33161
     3.74913      0.75127      0.99319      0.16053      0.33686
     3.77600      0.74925      0.99671      0.16099      0.34208
     3.80288      0.74727      1.00022      0.16145      0.34727
     3.82975      0.74532      1.00371      0.16190      0.35242
     3.85662      0.74341      1.00719      0.16234      0.35753
     3.88350      0.74153      1.01064      0.16277      0.36260
     3.91037      0.73968      1.01409      0.16319      0.36763
     3.93725      0.73787      1.01751      0.16361      0.37262
     3.96412      0.73609      1.02091      0.16401      0.37756
     3.99100      0.73435      1.02429      0.16441      0.38245
     4.01787      0.73264      1.02765      0.16480      0.38728
     4.04475      0.73095      1.03099      0.16518      0.39207
     4.07162      0.72930      1.03431      0.16555      0.39681
     4.09850      0.72768      1.03761      0.16592      0.40149
     4.12537      0.72609      1.04088      0.16627      0.40611
     4.15225      0.72452      1.04413      0.16663      0.41068
     4.17912      0.72299      1.04735      0.16697      0.41519
     4.20600      0.72148      1.05055      0.16731      0.41964
     4.23287      0.72000      1.05372      0.16764      0.42404
     4.25975      0.71855      1.05687      0.16796      0.42837
     4.28662      0.71712      1.05999      0.16828      0.43264
     4.31350      0.71572      1.06309      0.16859      0.43686
     4.34037      0.71435      1.06616      0.16890      0.44101
     4.36725      0.71300      1.06921      0.16920      0.44510
     4.39412      0.71167      1.07223      0.16949      0.44913
     4.42100      0.71037      1.07522      0.16978      0.45309
     4.44787      0.70909      1.07819      0.17007      0.45700
     4.47475      0.70784      1.08112      0.17034      0.46084
     4.50162      0.70661      1.08403      0.17062      0.46462
     4.52850      0.70540      1.08692      0.17088      0.46834
     4.55537      0.70421      1.08977      0.17115      0.47200
     4.58225      0.70304      1.09260      0.17140      0.47560
     4.60912      0.70189      1.09540      0.17166      0.47914
     4.63600      0.70077      1.09818      0.17190      0.48262
     4.66287      0.69966      1.10092      0.17215      0.48604
     4.68975      0.69858      1.10364      0.17239      0.48940
     4.71662      0.69751      1.10633      0.17262      0.49270
     4.74350      0.69646      1.10900      0.17285      0.49594
     4.77037      0.69543      1.11163      0.17308      0.49913
     4.79725      0.69442      1.11424      0.17330      0.50225
     4.82412      0.69342      1.11682      0.17351      0.50533
     4.85100      0.69244      1.11938      0.17373      0.50834
     4.87787      0.69148      1.12191      0.17394      0.51130
     4.90475      0.69054      1.12441      0.17414      0.51421
     4.93162      0.68961      1.12688      0.17434      0.51706
     4.95850      0.68870      1.12933      0.17454      0.51986
     4.98537      0.68780      1.13175      0.17474      0.52261
     5.01224      0.68692      1.13414      0.17493      0.52531
     5.03912      0.68606      1.13651      0.17511      0.52795
     5.06599      0.68521      1.13885      0.17530      0.53055
     5.09287      0.68437      1.14117      0.17548      0.53310
     5.11974      0.68355      1.14345      0.17566      0.53559
     5.14662      0.68274      1.14572      0.17583      0.53805
     5.17349      0.68194      1.14796      0.17600      0.54045
     5.20037      0.68116      1.15017      0.17617      0.54281
     5.22724      0.68039      1.15236      0.17633      0.54620
     5.25412      0.67964      1.15452      0.17649      0.54977
     5.28099      0.67889      1.15666      0.17665      0.55331
     5.30787      0.67816      1.15877      0.17681      0.55681
     5.33474      0.67744      1.16086      0.17696      0.56029
     5.36162      0.67673      1.16293      0.17711      0.56373
     5.38849      0.67603      1.16497      0.17726      0.56714
     5.41537      0.67535      1.16698      0.17740      0.57051
     5.44224      0.67467      1.16898      0.17754      0.57386
     5.46912      0.67401      1.17095      0.17768      0.57717
     5.49599      0.67336      1.17290      0.17782      0.58045
     5.52287      0.67272      1.17482      0.17795      0.58370
     5.54974      0.67208      1.17672      0.17808      0.58691
     5.57662      0.67146      1.17860      0.17821      0.59010
     5.60349      0.67085      1.18046      0.17834      0.59325
     5.63037      0.67024      1.18230      0.17846      0.59638
     5.65724      0.66965      1.18411      0.17858      0.59947
     5.68412      0.66907      1.18590      0.17870      0.60253
     5.71099      0.66849      1.18768      0.17882      0.60556
     5.73787      0.66792      1.18943      0.17893      0.60856
     5.76474      0.66737      1.19116      0.17904      0.61153
     5.79162      0.66682      1.19287      0.17916      0.61446
     5.81849      0.66628      1.19456      0.17926      0.61737
     5.84537      0.66574      1.19622      0.17937      0.62025
     5.87224      0.66522      1.19787      0.17947      0.62310
     5.89912      0.66470      1.19950      0.17958      0.62592
     5.92599      0.66419      1.20111      0.17968      0.62871
     5.95287      0.66369      1.20270      0.17978      0.63147
     5.97974      0.66319      1.20428      0.17987      0.63421
     6.00662      0.66271      1.20583      0.17997      0.63691
     6.03349      0.66223      1.20736      0.18006      0.63959
     6.06037      0.66175      1.20888      0.18015      0.64223
     6.08724      0.66129      1.21038      0.18024      0.64485
     6.11411      0.66083      1.21186      0.18033      0.64745
     6.14099      0.66038      1.21332      0.18041      0.65001
     6.16786      0.65993      1.21477      0.18050      0.65255
     6.19474      0.65949      1.21620      0.18058      0.65506
     6.22161      0.65906      1.21761      0.18066      0.65754
     6.24849      0.65863      1.21900      0.18074      0.66000
     6.27536      0.65821      1.22038      0.18082      0.66243
     6.30224      0.65779      1.22174      0.18089      0.66484
     6.32911      0.65738      1.22309      0.18097      0.66722
