# T/Tc, entr_max, entr_min, chib_max, chib_min, chis_max, chis_min
     0.98101      5.77659      5.29109      0.09980      0.08950      0.29633      0.26656
     0.99358      6.01633      5.50999      0.10539      0.09499      0.31284      0.28258
     1.00614      6.27081      5.74337      0.11109      0.10061      0.32967      0.29894
     1.01870      6.53761      5.99097      0.11689      0.10634      0.34678      0.31560
     1.03126      6.81312      6.25135      0.12276      0.11215      0.36409      0.33250
     1.04383      7.09285      6.52185      0.12868      0.11804      0.38154      0.34958
     1.05639      7.37183      6.79878      0.13463      0.12396      0.39908      0.36679
     1.06895      7.64508      7.07774      0.14059      0.12991      0.41662      0.38406
     1.08152      7.90822      7.35403      0.14653      0.13586      0.43410      0.40133
     1.09408      8.15773      7.62323      0.15243      0.14179      0.45146      0.41853
     1.10664      8.39135      7.88153      0.15828      0.14767      0.46863      0.43560
     1.11920      8.60810      8.12610      0.16404      0.15349      0.48556      0.45250
     1.13177      8.80819      8.35520      0.16970      0.15922      0.50219      0.46915
     1.14433      8.99284      8.56831      0.17524      0.16485      0.51846      0.48552
     1.15689      9.16402      8.76590      0.18065      0.17036      0.53434      0.50156
     1.16945      9.32421      8.94934      0.18591      0.17574      0.54979      0.51722
     1.18202      9.47604      9.12053      0.19102      0.18097      0.56477      0.53247
     1.19458      9.62221      9.28178      0.19596      0.18605      0.57927      0.54728
     1.20714      9.76519      9.43550      0.20075      0.19097      0.59327      0.56164
     1.21971      9.90716      9.58408      0.20536      0.19572      0.60677      0.57552
     1.23227     10.04990      9.72969      0.20980      0.20031      0.61977      0.58893
     1.24483     10.19477      9.87421      0.21408      0.20473      0.63226      0.60186
     1.25739     10.34270     10.01917      0.21819      0.20898      0.64427      0.61431
     1.26996     10.49412     10.16569      0.22215      0.21308      0.65579      0.62629
     1.28252     10.64916     10.31452      0.22594      0.21702      0.66684      0.63781
     1.29508     10.80754     10.46600      0.22959      0.22080      0.67743      0.64888
     1.30765     10.96867     10.62015      0.23308      0.22443      0.68758      0.65951
     1.32021     11.13174     10.77666      0.23643      0.22792      0.69729      0.66972
     1.33277     11.29579     10.93499      0.23964      0.23126      0.70659      0.67951
     1.34533     11.45972     11.09437      0.24272      0.23447      0.71548      0.68891
     1.35790     11.62243     11.25395      0.24566      0.23755      0.72399      0.69792
     1.37046     11.78279     11.41273      0.24847      0.24050      0.73211      0.70656
     1.38302     11.93974     11.56972      0.25116      0.24332      0.73987      0.71484
     1.39559     12.09237     11.72397      0.25374      0.24602      0.74727      0.72276
     1.40815     12.23985     11.87455      0.25619      0.24860      0.75433      0.73033
     1.42071     12.38148     12.02066      0.25853      0.25107      0.76106      0.73758
     1.43327     12.51676     12.16161      0.26077      0.25343      0.76747      0.74451
     1.44584     12.64535     12.29681      0.26290      0.25568      0.77357      0.75112
     1.45840     12.76699     12.42585      0.26492      0.25783      0.77937      0.75743
     1.47096     12.88164     12.54842      0.26685      0.25987      0.78489      0.76345
     1.48353     12.98934     12.66441      0.26869      0.26182      0.79013      0.76918
     1.49609     13.09028     12.77378      0.27044      0.26368      0.79511      0.77465
     1.50865     13.18468     12.87660      0.27210      0.26545      0.79984      0.77985
     1.52121     13.27288     12.97307      0.27368      0.26713      0.80432      0.78479
     1.53378     13.35528     13.06348      0.27518      0.26873      0.80858      0.78950
     1.54634     13.43230     13.14812      0.27661      0.27025      0.81261      0.79397
     1.55890     13.50441     13.22740      0.27797      0.27170      0.81644      0.79822
     1.57146     13.57206     13.30173      0.27926      0.27307      0.82007      0.80225
     1.58403     13.63574     13.37157      0.28048      0.27438      0.82351      0.80608
     1.59659     13.69592     13.43737      0.28165      0.27562      0.82677      0.80972
     1.60915     13.75305     13.49959      0.28275      0.27680      0.82986      0.81318
     1.62172     13.80757     13.55869      0.28381      0.27792      0.83279      0.81646
     1.63428     13.85989     13.61511      0.28481      0.27899      0.83558      0.81958
     1.64684     13.91039     13.66926      0.28576      0.28000      0.83822      0.82254
     1.65940     13.95943     13.72154      0.28667      0.28097      0.84073      0.82535
     1.67197     14.00733     13.77233      0.28753      0.28189      0.84311      0.82803
     1.68453     14.05436     13.82196      0.28836      0.28276      0.84538      0.83058
     1.69709     14.10077     13.87072      0.28914      0.28360      0.84754      0.83300
     1.70966     14.14678     13.91889      0.28990      0.28439      0.84960      0.83531
     1.72222     14.19257     13.96671      0.29061      0.28516      0.85156      0.83751
     1.73478     14.23828     14.01435      0.29130      0.28588      0.85343      0.83961
     1.74734     14.28402     14.06197      0.29196      0.28658      0.85522      0.84162
     1.75991     14.32986     14.10972      0.29258      0.28725      0.85693      0.84354
     1.77247     14.37589     14.15768      0.29319      0.28789      0.85856      0.84537
     1.78503     14.42213     14.20591      0.29377      0.28850      0.86013      0.84713
     1.79760     14.46855     14.25442      0.29432      0.28909      0.86164      0.84882
     1.81016     14.51519     14.30325      0.29485      0.28965      0.86309      0.85044
     1.82272     14.56200     14.35236      0.29536      0.29020      0.86448      0.85200
     1.83528     14.60892     14.40174      0.29586      0.29072      0.86581      0.85350
     1.84785     14.65592     14.45130      0.29633      0.29123      0.86710      0.85494
     1.86041     14.70293     14.50100      0.29678      0.29172      0.86835      0.85633
     1.87297     14.74989     14.55074      0.29722      0.29219      0.86955      0.85768
     1.88554     14.79670     14.60046      0.29764      0.29264      0.87071      0.85897
     1.89810     14.84331     14.64812      0.29805      0.29308      0.87183      0.86022
     1.91066     14.88965     14.69341      0.29844      0.29350      0.87291      0.86144
     1.92322     14.93564     14.73851      0.29882      0.29391      0.87396      0.86261
     1.93579     14.98121     14.78335      0.29918      0.29431      0.87497      0.86374
     1.94835     15.02668     14.82785      0.29953      0.29469      0.87595      0.86484
     1.96091     15.08117     14.87196      0.29987      0.29506      0.87697      0.86590
     1.97347     15.13468     14.91561      0.30019      0.29542      0.87804      0.86693
     1.98604     15.18714     14.95872      0.30050      0.29576      0.87906      0.86793
     1.99860     15.23849     15.00125      0.30080      0.29610      0.88004      0.86889
     2.01116     15.28869     15.04314      0.30108      0.29642      0.88098      0.86982
     2.02373     15.33771     15.08434      0.30136      0.29673      0.88189      0.87072
     2.03629     15.38553     15.12481      0.30162      0.29703      0.88275      0.87159
     2.04885     15.43212     15.16452      0.30187      0.29732      0.88357      0.87243
     2.06141     15.47750     15.20146      0.30210      0.29759      0.88436      0.87324
     2.07398     15.52164     15.23754      0.30233      0.29786      0.88515      0.87402
     2.08654     15.56460     15.27299      0.30254      0.29811      0.88590      0.87476
     2.09910     15.60637     15.30778      0.30275      0.29836      0.88661      0.87548
     2.11167     15.64697     15.34195      0.30294      0.29859      0.88728      0.87617
     2.12423     15.68646     15.37551      0.30312      0.29881      0.88791      0.87677
     2.13679     15.72483     15.40848      0.30329      0.29903      0.88850      0.87733
     2.14935     15.76214     15.44089      0.30344      0.29923      0.88906      0.87787
     2.16192     15.79845     15.47278      0.30359      0.29942      0.88957      0.87838
     2.17448     15.83376     15.50420      0.30373      0.29960      0.89005      0.87888
     2.18704     15.86816     15.53519      0.30386      0.29977      0.89049      0.87935
     2.19961     15.90251     15.56579      0.30397      0.29993      0.89089      0.87980
     2.21217     15.93765     15.59604      0.30408      0.30008      0.89126      0.88023
     2.22473     15.97200     15.62602      0.30417      0.30023      0.89159      0.88064
     2.23729     16.00554     15.65575      0.30426      0.30036      0.89188      0.88103
     2.24986     16.03831     15.68527      0.30434      0.30048      0.89214      0.88139
     2.26242     16.07031     15.71462      0.30440      0.30060      0.89237      0.88174
     2.27498     16.10155     15.74383      0.30446      0.30070      0.89256      0.88207
     2.28755     16.13205     15.77292      0.30452      0.30080      0.89272      0.88238
     2.30011     16.16175     15.80190      0.30456      0.30089      0.89285      0.88267
     2.31267     16.19069     15.83078      0.30459      0.30097      0.89295      0.88294
     2.32523     16.21881     15.85953      0.30462      0.30104      0.89302      0.88320
     2.33780     16.24610     15.88817      0.30464      0.30111      0.89306      0.88344
     2.35036     16.27253     15.91665      0.30466      0.30117      0.89307      0.88367
     2.36292     16.29808     15.94496      0.30467      0.30123      0.89306      0.88388
     2.37549     16.32270     15.97305      0.30467      0.30128      0.89303      0.88408
     2.38805     16.34639     16.00089      0.30467      0.30132      0.89298      0.88427
     2.40061     16.36910     16.02843      0.30466      0.30136      0.89290      0.88440
     2.41317     16.39084     16.05562      0.30465      0.30139      0.89280      0.88449
     2.42574     16.41156     16.08242      0.30463      0.30142      0.89269      0.88456
     2.43830     16.43128     16.10879      0.30461      0.30145      0.89255      0.88463
     2.45086     16.44998     16.13467      0.30459      0.30147      0.89242      0.88468
     2.46342     16.46767     16.15828      0.30457      0.30149      0.89240      0.88472
     2.47599     16.48436     16.18122      0.30454      0.30150      0.89238      0.88476
     2.48855     16.50007     16.20348      0.30451      0.30152      0.89234      0.88478
     2.50111     16.51482     16.22503      0.30448      0.30153      0.89231      0.88480
     2.51368     16.52864     16.24585      0.30444      0.30154      0.89226      0.88476
     2.52624     16.54157     16.26596      0.30441      0.30155      0.89222      0.88444
     2.53880     16.55364     16.28534      0.30437      0.30155      0.89217      0.88412
     2.55136     16.56489     16.30401      0.30433      0.30156      0.89211      0.88379
     2.56393     16.57536     16.32198      0.30430      0.30157      0.89206      0.88346
     2.57649     16.58509     16.33927      0.30426      0.30157      0.89200      0.88312
     2.58905     16.59413     16.35591      0.30422      0.30152      0.89195      0.88278
     2.60162     16.60251     16.37192      0.30418      0.30140      0.89189      0.88243
     2.61418     16.61027     16.38734      0.30415      0.30128      0.89184      0.88209
     2.62674     16.61746     16.40221      0.30411      0.30116      0.89178      0.88174
     2.63930     16.62410     16.41655      0.30407      0.30103      0.89173      0.88139
     2.65187     16.63023     16.43042      0.30403      0.30091      0.89168      0.88103
     2.66443     16.63587     16.44383      0.30400      0.30078      0.89163      0.88068
     2.67699     16.64106     16.45683      0.30396      0.30065      0.89159      0.88033
     2.68956     16.64583     16.46946      0.30397      0.30052      0.89154      0.87998
     2.70212     16.65021     16.48177      0.30402      0.30039      0.89150      0.87962
     2.71468     16.65421     16.49377      0.30407      0.30026      0.89146      0.87927
     2.72724     16.65932     16.50551      0.30412      0.30013      0.89142      0.87892
     2.73981     16.67007     16.51704      0.30418      0.30000      0.89138      0.87856
     2.75237     16.68063     16.52839      0.30423      0.29987      0.89135      0.87821
     2.76493     16.69105     16.53960      0.30429      0.29974      0.89136      0.87786
     2.77750     16.70137     16.55071      0.30435      0.29961      0.89157      0.87750
     2.79006     16.71162     16.56175      0.30440      0.29947      0.89177      0.87715
     2.80262     16.72184     16.57278      0.30446      0.29934      0.89198      0.87679
     2.81518     16.73209     16.58383      0.30452      0.29920      0.89219      0.87643
     2.82775     16.74239     16.59494      0.30457      0.29906      0.89240      0.87607
     2.84031     16.75278     16.60614      0.30463      0.29892      0.89261      0.87571
     2.85287     16.76332     16.61747      0.30469      0.29875      0.89282      0.87535
     2.86543     16.77402     16.62558      0.30474      0.29857      0.89302      0.87498
     2.87800     16.78491     16.63383      0.30479      0.29840      0.89322      0.87461
     2.89056     16.79601     16.64227      0.30485      0.29822      0.89342      0.87424
     2.90312     16.80734     16.65091      0.30490      0.29803      0.89362      0.87386
     2.91569     16.81888     16.65976      0.30495      0.29785      0.89381      0.87348
     2.92825     16.83064     16.66883      0.30500      0.29766      0.89400      0.87309
     2.94081     16.84259     16.67809      0.30504      0.29747      0.89418      0.87270
     2.95337     16.85471     16.68754      0.30510      0.29728      0.89435      0.87230
     2.96594     16.86695     16.69712      0.30515      0.29709      0.89452      0.87189
     2.97850     16.88371     16.70680      0.30520      0.29689      0.89467      0.87148
     2.99106     16.90123     16.71241      0.30525      0.29669      0.89483      0.87106
     3.00363     16.91872     16.71748      0.30529      0.29648      0.89497      0.87064
     3.01619     16.93611     16.72107      0.30534      0.29628      0.89510      0.87021
     3.02875     16.95333     16.72432      0.30538      0.29607      0.89522      0.86976
     3.04131     16.97031     16.72742      0.30541      0.29585      0.89536      0.86931
     3.05388     16.98698     16.73030      0.30545      0.29564      0.89549      0.86886
     3.06644     17.00329     16.73292      0.30548      0.29542      0.89562      0.86828
     3.07900     17.01917     16.73522      0.30551      0.29520      0.89573      0.86761
     3.09157     17.03456     16.73715      0.30553      0.29497      0.89583      0.86694
     3.10413     17.04942     16.73868      0.30555      0.29474      0.89591      0.86625
     3.11669     17.06372     16.73976      0.30557      0.29451      0.89599      0.86555
     3.12925     17.07741     16.74035      0.30558      0.29427      0.89605      0.86483
     3.14182     17.09045     16.74044      0.30559      0.29403      0.89609      0.86411
     3.15438     17.10283     16.74000      0.30560      0.29379      0.89613      0.86338
     3.16694     17.11453     16.73901      0.30560      0.29355      0.89615      0.86264
     3.17951     17.12550     16.73746      0.30560      0.29330      0.89615      0.86188
     3.19207     17.13574     16.73532      0.30560      0.29305      0.89614      0.86112
     3.20463     17.14522     16.73260      0.30559      0.29279      0.89612      0.86034
     3.21719     17.15393     16.72929      0.30558      0.29253      0.89608      0.85956
     3.22976     17.16182     16.72536      0.30556      0.29227      0.89603      0.85876
     3.24232     17.16887     16.72080      0.30554      0.29201      0.89596      0.85796
     3.25488     17.17503     16.71561      0.30552      0.29174      0.89587      0.85714
     3.26744     17.18026     16.70975      0.30549      0.29147      0.89577      0.85632
     3.28001     17.18451     16.70320      0.30546      0.29120      0.89566      0.85549
     3.29257     17.18773     16.69593      0.30542      0.29092      0.89552      0.85465
     3.30513     17.18984     16.68790      0.30538      0.29064      0.89538      0.85380
     3.31770     17.19079     16.67907      0.30533      0.29036      0.89521      0.85294
     3.33026     17.19051     16.66940      0.30529      0.29008      0.89503      0.85207
     3.34282     17.18890     16.65883      0.30523      0.28979      0.89484      0.85120
     3.35538     17.18593     16.64732      0.30518      0.28950      0.89463      0.85031
     3.36795     17.18151     16.63482      0.30512      0.28921      0.89440      0.84942
     3.38051     17.17557     16.62125      0.30505      0.28892      0.89416      0.84853
     3.39307     17.16808     16.60660      0.30499      0.28862      0.89390      0.84762
     3.40564     17.15896     16.59078      0.30492      0.28833      0.89362      0.84671
     3.41820     17.14819     16.57376      0.30484      0.28803      0.89334      0.84580
     3.43076     17.13573     16.55551      0.30476      0.28773      0.89303      0.84487
     3.44332     17.12157     16.53598      0.30468      0.28743      0.89271      0.84395
     3.45589     17.10571     16.51514      0.30460      0.28712      0.89238      0.84301
     3.46845     17.08815     16.49298      0.30451      0.28682      0.89203      0.84208
     3.48101     17.06891     16.46947      0.30442      0.28651      0.89168      0.84113
