# T/Tc, g_max^2, g_min^2
     0.98101     82.30339     54.30911
     0.99835     79.58403     53.28119
     1.01568     77.05161     52.26814
     1.03301     74.53992     51.26981
     1.05035     72.05389     50.28602
     1.06768     69.59819     49.24093
     1.08501     67.17762     48.10055
     1.10235     64.79661     46.98204
     1.11968     62.45943     45.88536
     1.13701     60.17008     44.81049
     1.15435     57.93227     43.75727
     1.17168     55.74929     42.72555
     1.18901     53.62420     41.71502
     1.20635     51.55949     40.66986
     1.22368     49.55746     39.59301
     1.24102     47.61979     38.55247
     1.25835     45.74786     37.51734
     1.27568     43.94268     36.50485
     1.29302     42.24329     35.52901
     1.31035     41.00512     34.58817
     1.32768     39.79049     33.68066
     1.34502     38.59962     32.80492
     1.36235     37.43280     31.95938
     1.37968     36.29027     31.14259
     1.39702     35.17226     30.35309
     1.41435     34.07910     29.53547
     1.43168     33.01102     28.67331
     1.44902     31.96831     27.84499
     1.46635     30.95124     27.03886
     1.48368     29.96004     26.24366
     1.50102     28.99492     25.47828
     1.51835     28.05612     24.74162
     1.53568     27.14377     24.03264
     1.55302     26.25803     23.35030
     1.57035     25.50985     22.69360
     1.58769     24.81810     22.06156
     1.60502     24.13801     21.35765
     1.62235     23.47015     20.66669
     1.63969     22.81507     20.01131
     1.65702     22.17334     19.38958
     1.67435     21.54545     18.79966
     1.69169     20.93190     18.23983
     1.70902     20.33311     17.70839
     1.72635     19.74948     17.20373
     1.74369     19.18137     16.72437
     1.76102     18.62904     16.26882
     1.77835     18.21662     15.83574
     1.79569     17.81781     15.42383
     1.81302     17.42992     15.03187
     1.83035     17.05266     14.65869
     1.84769     16.68572     14.30322
     1.86502     16.32880     13.96442
     1.88235     15.98162     13.64135
     1.89969     15.64390     13.33309
     1.91702     15.31538     13.03879
     1.93436     14.99579     12.75767
     1.95169     14.68488     12.48898
     1.96902     14.38241     12.23201
     1.98636     14.08815     11.98610
     2.00369     13.80185     11.75065
     2.02102     13.52329     11.52507
     2.03836     13.25226     11.26595
     2.05569     12.98853     11.00457
     2.07302     12.73191     10.75570
     2.09036     12.48218     10.51878
     2.10769     12.23916     10.29322
     2.12502     12.00265     10.07847
     2.14236     11.77246      9.87402
     2.15969     11.54842      9.67935
     2.17702     11.33034      9.49399
     2.19436     11.11806      9.31745
     2.21169     10.91140      9.14931
     2.22902     10.71021      8.98914
     2.24636     10.51433      8.83654
     2.26369     10.32359      8.69110
     2.28103     10.13787      8.55248
     2.29836      9.95700      8.42031
     2.31569      9.78085      8.29427
     2.33303      9.60927      8.17405
     2.35036      9.44215      8.05934
     2.36769      9.27935      7.94985
     2.38503      9.12073      7.84532
     2.40236      8.96618      7.74550
     2.41969      8.81558      7.65014
     2.43703      8.66883      7.55901
     2.45436      8.52579      7.47189
     2.47169      8.38638      7.38824
     2.48903      8.25047      7.28828
     2.50636      8.11798      7.19227
     2.52369      7.98879      7.10003
     2.54103      7.86283      7.01138
     2.55836      7.73998      6.92615
     2.57569      7.65087      6.84419
     2.59303      7.57294      6.76533
     2.61036      7.49707      6.68944
     2.62770      7.42317      6.61638
     2.64503      7.35119      6.54505
     2.66236      7.28104      6.47283
     2.67970      7.21267      6.40292
     2.69703      7.14602      6.33522
     2.71436      7.08102      6.26962
     2.73170      7.01763      6.20602
     2.74903      6.95580      6.14432
     2.76636      6.89547      6.08444
     2.78370      6.83659      6.02630
     2.80103      6.77912      5.96980
     2.81836      6.72301      5.91489
     2.83570      6.66822      5.86149
     2.85303      6.61472      5.80952
     2.87036      6.56245      5.75894
     2.88770      6.51139      5.70968
     2.90503      6.46149      5.66168
     2.92236      6.41273      5.61489
     2.93970      6.36506      5.56926
     2.95703      6.31846      5.52322
     2.97437      6.27290      5.47812
     2.99170      6.22835      5.43433
     3.00903      6.18477      5.39178
     3.02637      6.14215      5.33423
     3.04370      6.10044      5.27098
     3.06103      6.05964      5.20913
     3.07837      6.01970      5.14865
     3.09570      5.98063      5.08950
     3.11303      5.94237      5.03166
     3.13037      5.90492      4.97509
     3.14770      5.86826      4.91975
     3.16503      5.83235      4.86562
     3.18237      5.79719      4.81267
     3.19970      5.76275      4.76087
     3.21703      5.72901      4.71018
     3.23437      5.69913      4.66060
     3.25170      5.67079      4.61208
     3.26904      5.65040      4.56460
     3.28637      5.63425      4.51814
     3.30370      5.61849      4.47267
     3.32104      5.60311      4.42818
     3.33837      5.58810      4.38462
     3.35570      5.57344      4.34200
     3.37304      5.55913      4.30027
     3.39037      5.54514      4.25943
     3.40770      5.53146      4.21944
     3.42504      5.51809      4.18030
     3.44237      5.50500      4.14198
     3.45970      5.49220      4.10446
     3.47704      5.47967      4.06773
     3.49437      5.46740      4.03177
     3.51170      5.45538      3.99655
     3.52904      5.44360      3.96206
     3.54637      5.43205      3.92828
     3.56370      5.42074      3.89521
     3.58104      5.40964      3.86282
     3.59837      5.39875      3.83109
     3.61571      5.38806      3.80002
     3.63304      5.37757      3.76959
     3.65037      5.36727      3.73978
     3.66771      5.35716      3.71057
     3.68504      5.34722      3.68196
     3.70237      5.33746      3.65394
     3.71971      5.32786      3.62648
     3.73704      5.31842      3.59958
     3.75437      5.30914      3.57322
     3.77171      5.30001      3.54740
     3.78904      5.29103      3.52210
     3.80637      5.28219      3.49730
     3.82371      5.27350      3.47300
     3.84104      5.26493      3.44919
     3.85837      5.25650      3.42585
     3.87571      5.24819      3.40298
     3.89304      5.24000      3.38056
     3.91037      5.23194      3.35859
     3.92771      5.22399      3.33705
     3.94504      5.21615      3.31594
     3.96238      5.20843      3.29525
     3.97971      5.20082      3.27496
     3.99704      5.19390      3.25506
     4.01438      5.18875      3.23556
     4.03171      5.18373      3.21644
     4.04904      5.17885      3.19769
     4.06638      5.17409      3.17931
     4.08371      5.16946      3.16128
     4.10104      5.16496      3.14360
     4.11838      5.16057      3.12626
     4.13571      5.15629      3.10926
     4.15304      5.15212      3.09258
     4.17038      5.14807      3.07622
     4.18771      5.14411      3.06018
     4.20504      5.14026      3.04444
     4.22238      5.13651      3.02900
     4.23971      5.13285      3.01385
     4.25704      5.12929      2.99899
     4.27438      5.12581      2.98440
     4.29171      5.12243      2.97010
     4.30905      5.11913      2.95606
     4.32638      5.11591      2.94228
     4.34371      5.11277      2.92876
     4.36105      5.10971      2.91549
     4.37838      5.10673      2.90247
     4.39571      5.10382      2.88969
     4.41305      5.10098      2.87714
     4.43038      5.09821      2.86483
