# T/Tc, eta_max,eta_min
     1.00000      0.19292      0.16677
     1.05282      0.18511      0.16401
     1.10563      0.17759      0.16185
     1.15845      0.17487      0.16387
     1.21126      0.17829      0.16937
     1.26408      0.18292      0.17589
     1.31689      0.18759      0.18013
     1.36971      0.19117      0.18149
     1.42252      0.19437      0.18283
     1.47534      0.19835      0.18502
     1.52815      0.20296      0.18862
     1.58097      0.20841      0.19380
     1.63378      0.21467      0.20047
     1.68660      0.22156      0.20703
     1.73942      0.22890      0.21393
     1.79223      0.23653      0.22126
     1.84505      0.24431      0.22894
     1.89786      0.25285      0.23688
     1.95068      0.26169      0.24462
     2.00349      0.27037      0.25163
     2.05631      0.27949      0.25872
     2.10912      0.28870      0.26593
     2.16194      0.29726      0.27332
     2.21475      0.30524      0.28046
     2.26757      0.31269      0.28731
     2.32038      0.31970      0.29440
     2.37320      0.32630      0.30177
     2.42601      0.33256      0.30944
     2.47883      0.33852      0.31743
     2.53165      0.34430      0.32572
