# T/Tc, I/T^4_max,I/T^4_min
     0.63291      8.75649      5.49284
     0.65486      7.44839      4.58890
     0.67680      6.38820      3.86668
     0.69875      5.53269      3.29681
     0.72069      4.84780      2.85769
     0.74264      4.30592      2.53324
     0.76458      3.88366      2.31039
     0.78653      3.56014      2.17644
     0.80847      3.31616      2.11668
     0.83042      3.13418      2.11348
     0.85236      2.99915      2.14777
     0.87431      2.89970      2.19802
     0.89625      2.84014      2.23340
     0.91820      2.81940      2.28373
     0.94014      2.82478      2.35202
     0.96209      2.86321      2.44535
     0.98403      2.94096      2.57159
     1.00598      3.06000      2.73529
     1.02792      3.21508      2.93388
     1.04987      3.39281      3.15574
     1.07181      3.57381      3.38158
     1.09376      3.73734      3.58921
     1.11571      3.86675      3.73626
     1.13765      3.95322      3.84182
     1.15960      4.01773      3.90763
     1.18154      4.03901      3.93740
     1.20349      4.02834      3.93930
     1.22543      3.99979      3.92346
     1.24738      3.96372      3.89644
     1.26932      3.92788      3.86458
     1.29127      3.89781      3.83931
     1.31321      3.87608      3.82309
     1.33516      3.86344      3.81594
     1.35710      3.85738      3.81359
     1.37905      3.86803      3.81361
     1.40099      3.88080      3.81532
     1.42294      3.89078      3.81329
     1.44488      3.89461      3.80104
     1.46683      3.88973      3.78238
     1.48877      3.87445      3.75630
     1.51072      3.84813      3.72237
     1.53266      3.81090      3.67995
     1.55461      3.76363      3.63048
     1.57655      3.70765      3.57072
     1.59850      3.64458      3.50469
     1.62044      3.57612      3.43582
     1.64239      3.50392      3.36589
     1.66433      3.42948      3.29484
     1.68628      3.35405      3.22368
     1.70822      3.27868      3.15494
     1.73017      3.20422      3.08939
     1.75212      3.13127      3.02749
     1.77406      3.06959      2.96947
     1.79601      3.01053      2.91538
     1.81795      2.95369      2.86514
     1.83990      2.89927      2.81859
     1.86184      2.84752      2.77556
     1.88379      2.79862      2.73585
     1.90573      2.75273      2.68686
     1.92768      2.70997      2.64006
     1.94962      2.67703      2.59351
     1.97157      2.64692      2.54924
     1.99351      2.61905      2.50787
     2.01546      2.59304      2.46918
     2.03740      2.56843      2.43284
     2.05935      2.54471      2.39850
     2.08129      2.52130      2.36577
     2.10324      2.49777      2.33426
     2.12518      2.47465      2.30363
     2.14713      2.45024      2.27353
     2.16907      2.42420      2.24368
     2.19102      2.39626      2.21384
     2.21296      2.36629      2.18382
     2.23491      2.33422      2.15347
     2.25685      2.30009      2.12268
     2.27880      2.26687      2.09137
     2.30074      2.23209      2.05948
     2.32269      2.19549      2.02699
     2.34463      2.15741      1.99389
     2.36658      2.11862      1.96021
     2.38852      2.07831      1.92598
     2.41047      2.03664      1.89128
     2.43242      1.99381      1.85621
     2.45436      1.95003      1.82087
     2.47631      1.90549      1.78539
     2.49825      1.86037      1.74992
     2.52020      1.81487      1.71461
     2.54214      1.76914      1.67961
     2.56409      1.72332      1.64505
     2.58603      1.67751      1.61106
     2.60798      1.63310      1.57581
     2.62992      1.59158      1.53096
     2.65187      1.55034      1.48683
     2.67381      1.50934      1.44340
     2.69576      1.46853      1.40065
     2.71770      1.42862      1.35848
     2.73965      1.39429      1.31687
     2.76159      1.36257      1.27575
     2.78354      1.33359      1.23508
     2.80548      1.30483      1.19487
     2.82743      1.27628      1.15516
     2.84937      1.24801      1.11603
     2.87132      1.22010      1.07037
     2.89326      1.19272      1.02436
     2.91521      1.16602      0.97880
     2.93715      1.14016      0.93387
     2.95910      1.11530      0.88972
     2.98104      1.09154      0.84649
     3.00299      1.06893      0.80426
     3.02493      1.04748      0.76308
     3.04688      1.02713      0.72294
     3.06883      1.00776      0.68380
     3.09077      0.98923      0.64557
     3.11272      0.97136      0.60814
     3.13466      0.95392      0.57138
     3.15661      0.93666      0.53512
     3.17855      0.91930      0.49917
     3.20050      0.90153      0.46333
     3.22244      0.88301      0.42738
     3.24439      0.86334      0.39108
     3.26633      0.84217      0.35420
     3.28828      0.81910      0.31649
     3.31022      0.79376      0.27772
     3.33217      0.76582      0.23769
     3.35411      0.73497      0.19622
     3.37606      0.70097      0.15314
     3.39800      0.66363      0.10836
     3.41995      0.62281      0.06180
     3.44189      0.57844      0.01341
     3.46384      0.53048     -0.03684
     3.48578      0.47895     -0.08890
     3.50773      0.42391     -0.14276
     3.52967      0.36546     -0.19837
     3.55162      0.30373     -0.25566
     3.57356      0.23889     -0.31456
     3.59551      0.17116     -0.37498
     3.61745      0.10077     -0.43683
     3.63940      0.02800     -0.50001
     3.66134      0.00000     -0.56438
     3.68329      0.00000     -0.62982
     3.70524      0.00000     -0.69617
     3.72718      0.00000     -0.76324
     3.74913      0.00000     -0.83087
     3.77107      0.00000     -0.89884
     3.79302      0.00000     -0.96693
     3.81496      0.00000     -1.03491
     3.83691      0.00000     -1.10255
     3.85885      0.00000     -1.16957
     3.88080      0.00000     -1.23575
     3.90274      0.00000     -1.30082
     3.92469      0.00000     -1.36455
     3.94663      0.00000     -1.42669
     3.96858      0.00000     -1.48701
     3.99052      0.00000     -1.54528
     4.01247      0.00000     -1.60131
     4.03441      0.00000     -1.65490
     4.05636      0.00000     -1.70590
     4.07830      0.00000     -1.75414
     4.10025      0.00000     -1.79950
     4.12219      0.00000     -1.84188
     4.14414      0.00000     -1.88119
     4.16608      0.00000     -1.91736
     4.18803      0.00000     -1.95039
     4.20997      0.00000     -1.98026
     4.23192      0.00000     -2.00700
     4.25386      0.00000     -2.03065
     4.27581      0.00000     -2.05129
     4.29775      0.00000     -2.06904
     4.31970      0.00000     -2.08402
     4.34164      0.00000     -2.09639
     4.36359      0.00000     -2.10634
     4.38554      0.00000     -2.11407
     4.40748      0.00000     -2.11979
     4.42943      0.00000     -2.12375
     4.45137      0.00000     -2.12620
     4.47332      0.00000     -2.12739
     4.49526      0.00000     -2.12757
     4.51721      0.00000     -2.12699
     4.53915      0.00000     -2.12589
     4.56110      0.00000     -2.12449
     4.58304      0.00000     -2.12302
     4.60499      0.00000     -2.12163
     4.62693      0.00000     -2.12049
     4.64888      0.00000     -2.11973
     4.67082      0.00000     -2.11942
     4.69277      0.00000     -2.11962
     4.71471      0.00000     -2.12035
     4.73666      0.00000     -2.12158
     4.75860      0.00000     -2.12325
     4.78055      0.00000     -2.12525
     4.80249      0.00000     -2.12743
     4.82444      0.00000     -2.12961
     4.84638      0.00000     -2.13154
     4.86833      0.00000     -2.13293
     4.89027      0.00000     -2.13346
     4.91222      0.00000     -2.13273
     4.93416      0.00000     -2.13030
     4.95611      0.00000     -2.12566
     4.97805      0.00000     -2.11822
     5.00000      0.00000     -2.10736
