# T/Tc, P/T^4_max,P/T^4_min
     0.63291      0.00000     -1.16510
     0.65486      0.00000     -0.88958
     0.67680      0.00000     -0.66205
     0.69875      0.00000     -0.47228
     0.72069      0.00000     -0.31212
     0.74264      0.07731     -0.17512
     0.76458      0.14762     -0.05611
     0.78653      0.21092      0.04902
     0.80847      0.27331      0.14294
     0.83042      0.33250      0.22633
     0.85236      0.38942      0.30444
     0.87431      0.44503      0.37851
     0.89625      0.49992      0.44941
     0.91820      0.55452      0.51781
     0.94014      0.60922      0.58441
     0.96209      0.66451      0.64996
     0.98403      0.72101      0.71533
     1.00598      0.78143      0.77946
     1.02792      0.84908      0.84057
     1.04987      0.91884      0.90485
     1.07181      0.99091      0.97248
     1.09376      1.06504      1.04316
     1.11571      1.14063      1.11623
     1.13765      1.21686      1.19074
     1.15960      1.29287      1.26571
     1.18154      1.36791      1.34026
     1.20349      1.44144      1.41371
     1.22543      1.51314      1.48563
     1.24738      1.58292      1.55581
     1.26932      1.65083      1.62422
     1.29127      1.71704      1.69093
     1.31321      1.78176      1.75608
     1.33516      1.84521      1.81985
     1.35710      1.90759      1.88237
     1.37905      1.96902      1.94378
     1.40099      2.02960      2.00414
     1.42294      2.08932      2.06349
     1.44488      2.14815      2.12182
     1.46683      2.20602      2.17911
     1.48877      2.26281      2.23527
     1.51072      2.31842      2.29025
     1.53266      2.37272      2.34397
     1.55461      2.42561      2.39635
     1.57655      2.47702      2.44733
     1.59850      2.52689      2.49687
     1.62044      2.57519      2.54494
     1.64239      2.62191      2.59153
     1.66433      2.66707      2.63664
     1.68628      2.71070      2.68029
     1.70822      2.75285      2.72251
     1.73017      2.79358      2.76335
     1.75212      2.83293      2.80286
     1.77406      2.87099      2.84108
     1.79601      2.90781      2.87808
     1.81795      2.94345      2.91392
     1.83990      2.97798      2.94866
     1.86184      3.01145      2.98237
     1.88379      3.04393      3.01510
     1.90573      3.07547      3.04691
     1.92768      3.10612      3.07787
     1.94962      3.13594      3.10803
     1.97157      3.16497      3.13744
     1.99351      3.19327      3.16615
     2.01546      3.22088      3.19420
     2.03740      3.24783      3.22163
     2.05935      3.27417      3.24848
     2.08129      3.29991      3.27477
     2.10324      3.32508      3.30052
     2.12518      3.34970      3.32574
     2.14713      3.37378      3.35045
     2.16907      3.39733      3.37465
     2.19102      3.42037      3.39835
     2.21296      3.44289      3.42154
     2.23491      3.46489      3.44422
     2.25685      3.48638      3.46640
     2.27880      3.50735      3.48806
     2.30074      3.52780      3.50920
     2.32269      3.54814      3.52982
     2.34463      3.56840      3.54992
     2.36658      3.58807      3.56949
     2.38852      3.60715      3.58759
     2.41047      3.62564      3.60505
     2.43242      3.64355      3.62203
     2.45436      3.66105      3.63854
     2.47631      3.67799      3.65460
     2.49825      3.69437      3.67019
     2.52020      3.71022      3.68534
     2.54214      3.72569      3.70006
     2.56409      3.74063      3.71434
     2.58603      3.75505      3.72822
     2.60798      3.76895      3.74169
     2.62992      3.78235      3.75477
     2.65187      3.79526      3.76748
     2.67381      3.80768      3.77982
     2.69576      3.81963      3.79181
     2.71770      3.83111      3.80346
     2.73965      3.84213      3.81477
     2.76159      3.85270      3.82576
     2.78354      3.86282      3.83643
     2.80548      3.87250      3.84679
     2.82743      3.88174      3.85684
     2.84937      3.89056      3.86660
     2.87132      3.89895      3.87607
     2.89326      3.90700      3.88525
     2.91521      3.91481      3.89417
     2.93715      3.92224      3.90281
     2.95910      3.92929      3.91121
     2.98104      3.93597      3.91892
     3.00299      3.94229      3.92536
     3.02493      3.94840      3.93147
     3.04688      3.95531      3.93727
     3.06883      3.96201      3.94275
     3.09077      3.96851      3.94795
     3.11272      3.97482      3.95286
     3.13466      3.98094      3.95749
     3.15661      3.98690      3.96186
     3.17855      3.99268      3.96597
     3.20050      3.99829      3.96983
     3.22244      4.00373      3.97343
     3.24439      4.00899      3.97678
     3.26633      4.01408      3.97989
     3.28828      4.01898      3.98275
     3.31022      4.02368      3.98535
     3.33217      4.02817      3.98769
     3.35411      4.03244      3.98977
     3.37606      4.03646      3.99158
     3.39800      4.04023      3.99311
     3.41995      4.04372      3.99436
     3.44189      4.04691      3.99531
     3.46384      4.04980      3.99596
     3.48578      4.05248      3.99630
     3.50773      4.05532      3.99633
     3.52967      4.05778      3.99603
     3.55162      4.05986      3.99541
     3.57356      4.06153      3.99415
     3.59551      4.06278      3.99204
     3.61745      4.06361      3.98957
     3.63940      4.06400      3.98674
     3.66134      4.06395      3.98354
     3.68329      4.06344      3.97998
     3.70524      4.06248      3.97604
     3.72718      4.06106      3.97173
     3.74913      4.05918      3.96705
     3.77107      4.05685      3.96200
     3.79302      4.05408      3.95659
     3.81496      4.05086      3.95082
     3.83691      4.04722      3.94469
     3.85885      4.04317      3.93821
     3.88080      4.03872      3.93139
     3.90274      4.03389      3.92423
     3.92469      4.02869      3.91676
     3.94663      4.02315      3.90898
     3.96858      4.01730      3.90090
     3.99052      4.01114      3.89254
     4.01247      4.00471      3.88391
     4.03441      3.99804      3.87503
     4.05636      3.99114      3.86591
     4.07830      3.98404      3.85657
     4.10025      3.97677      3.84704
     4.12219      3.96935      3.83732
     4.14414      3.96180      3.82743
     4.16608      3.95415      3.81740
     4.18803      3.94642      3.80724
     4.20997      3.93862      3.79697
     4.23192      3.93079      3.78660
     4.25386      3.92293      3.77616
     4.27581      3.91505      3.76565
     4.29775      3.90718      3.75511
     4.31970      3.89932      3.74453
     4.34164      3.89149      3.73394
     4.36359      3.88368      3.72334
     4.38554      3.87591      3.71275
     4.40748      3.86817      3.70219
     4.42943      3.86047      3.69165
     4.45137      3.85281      3.68114
     4.47332      3.84518      3.67068
     4.49526      3.83759      3.66027
     4.51721      3.83002      3.64991
     4.53915      3.82247      3.63961
     4.56110      3.81495      3.62936
     4.58304      3.80744      3.61916
     4.60499      3.79993      3.60903
     4.62693      3.79244      3.59894
     4.64888      3.78494      3.58891
     4.67082      3.77745      3.57893
     4.69277      3.76996      3.56899
     4.71471      3.76247      3.55910
     4.73666      3.75499      3.54925
     4.75860      3.74752      3.53944
     4.78055      3.74007      3.52967
     4.80249      3.73265      3.51993
     4.82444      3.72528      3.51023
     4.84638      3.71797      3.50056
     4.86833      3.71074      3.49092
     4.89027      3.70363      3.48133
     4.91222      3.69665      3.47178
     4.93416      3.68983      3.46228
     4.95611      3.68321      3.45283
     4.97805      3.67681      3.44345
     5.00000      3.67065      3.43416
