# T/Tc, sigma/T(strange)_max,sigma/T(strange)_min, sigma/T(full)_max, sigma/T(full)_min
     1.00000      0.00039      0.00029      0.00484      0.00370
     1.07464      0.00047      0.00039      0.00621      0.00513
     1.14928      0.00054      0.00050      0.00751      0.00656
     1.22392      0.00061      0.00059      0.00869      0.00790
     1.29856      0.00071      0.00065      0.00989      0.00907
     1.37320      0.00080      0.00071      0.01082      0.00982
     1.44784      0.00090      0.00077      0.01152      0.01038
     1.52248      0.00100      0.00085      0.01205      0.01087
     1.59712      0.00110      0.00093      0.01268      0.01133
     1.67176      0.00121      0.00102      0.01334      0.01178
     1.74640      0.00133      0.00113      0.01394      0.01212
     1.82104      0.00145      0.00124      0.01448      0.01243
     1.89568      0.00161      0.00138      0.01501      0.01271
     1.97032      0.00181      0.00153      0.01553      0.01297
     2.04496      0.00202      0.00169      0.01602      0.01326
     2.11960      0.00226      0.00185      0.01651      0.01357
     2.19424      0.00252      0.00202      0.01696      0.01395
     2.26888      0.00277      0.00221      0.01738      0.01438
     2.34352      0.00300      0.00242      0.01776      0.01487
     2.41816      0.00323      0.00265      0.01809      0.01540
     2.49280      0.00349      0.00282      0.01843      0.01591
     2.56744      0.00377      0.00300      0.01876      0.01649
     2.64208      0.00404      0.00318      0.01909      0.01713
     2.71672      0.00450      0.00336      0.01972      0.01784
     2.79136      0.00503      0.00354      0.02039      0.01820
     2.86600      0.00562      0.00372      0.02138      0.01840
     2.94064      0.00629      0.00391      0.02281      0.01849
     3.01528      0.00706      0.00409      0.02442      0.01857
     3.08992      0.00794      0.00428      0.02624      0.01863
     3.16456      0.00895      0.00441      0.02827      0.01864
