# T/Tc, cs_max,cs_min
     0.63291      0.73166      0.52214
     0.65486      0.55801      0.42765
     0.67680      0.43088      0.35810
     0.69875      0.35332      0.30761
     0.72069      0.30219      0.26695
     0.74264      0.26787      0.23097
     0.76458      0.24548      0.20620
     0.78653      0.22920      0.18965
     0.80847      0.21700      0.17938
     0.83042      0.20725      0.17277
     0.85236      0.19873      0.16805
     0.87431      0.19074      0.16385
     0.89625      0.18311      0.15979
     0.91820      0.17611      0.15605
     0.94014      0.17026      0.15319
     0.96209      0.16614      0.15181
     0.98403      0.16414      0.15223
     1.00598      0.16461      0.15454
     1.02792      0.16761      0.15876
     1.04987      0.17271      0.16423
     1.07181      0.17882      0.17080
     1.09376      0.18540      0.17788
     1.11571      0.19199      0.18504
     1.13765      0.19832      0.19198
     1.15960      0.20420      0.19856
     1.18154      0.20955      0.20473
     1.20349      0.21427      0.21038
     1.22543      0.21826      0.21438
     1.24738      0.22149      0.21768
     1.26932      0.22465      0.22036
     1.29127      0.22741      0.22254
     1.31321      0.22970      0.22443
     1.33516      0.23176      0.22623
     1.35710      0.23379      0.22814
     1.37905      0.23598      0.23033
     1.40099      0.23842      0.23289
     1.42294      0.24116      0.23586
     1.44488      0.24445      0.23923
     1.46683      0.24815      0.24297
     1.48877      0.25206      0.24699
     1.51072      0.25607      0.25121
     1.53266      0.26007      0.25552
     1.55461      0.26394      0.25927
     1.57655      0.26756      0.26291
     1.59850      0.27086      0.26636
     1.62044      0.27377      0.26957
     1.64239      0.27626      0.27243
     1.66433      0.27831      0.27497
     1.68628      0.28069      0.27719
     1.70822      0.28297      0.27876
     1.73017      0.28491      0.27994
     1.75212      0.28653      0.28087
     1.77406      0.28786      0.28158
     1.79601      0.28892      0.28191
     1.81795      0.28977      0.28212
     1.83990      0.29041      0.28224
     1.86184      0.29089      0.28231
     1.88379      0.29123      0.28236
     1.90573      0.29147      0.28240
     1.92768      0.29164      0.28247
     1.94962      0.29177      0.28260
     1.97157      0.29189      0.28282
     1.99351      0.29204      0.28314
     2.01546      0.29223      0.28352
     2.03740      0.29249      0.28397
     2.05935      0.29283      0.28459
     2.08129      0.29328      0.28540
     2.10324      0.29383      0.28639
     2.12518      0.29449      0.28758
     2.14713      0.29527      0.28896
     2.16907      0.29614      0.29034
     2.19102      0.29711      0.29185
     2.21296      0.29818      0.29350
     2.23491      0.29931      0.29528
     2.25685      0.30051      0.29715
     2.27880      0.30235      0.29911
     2.30074      0.30449      0.30111
     2.32269      0.30662      0.30287
     2.34463      0.30871      0.30454
     2.36658      0.31074      0.30622
     2.38852      0.31270      0.30775
     2.41047      0.31457      0.30917
     2.43242      0.31634      0.31056
     2.45436      0.31801      0.31180
     2.47631      0.31958      0.31286
     2.49825      0.32103      0.31383
     2.52020      0.32239      0.31473
     2.54214      0.32365      0.31555
     2.56409      0.32482      0.31630
     2.58603      0.32593      0.31699
     2.60798      0.32698      0.31764
     2.62992      0.32833      0.31826
     2.65187      0.32981      0.31886
     2.67381      0.33132      0.31946
     2.69576      0.33285      0.32006
     2.71770      0.33440      0.32067
     2.73965      0.33597      0.32128
     2.76159      0.33755      0.32189
     2.78354      0.33911      0.32248
     2.80548      0.34064      0.32304
     2.82743      0.34212      0.32354
     2.84937      0.34353      0.32398
     2.87132      0.34484      0.32434
     2.89326      0.34605      0.32461
     2.91521      0.34716      0.32479
     2.93715      0.34815      0.32488
     2.95910      0.34903      0.32490
     2.98104      0.34983      0.32488
     3.00299      0.35057      0.32482
     3.02493      0.35127      0.32477
     3.04688      0.35196      0.32476
     3.06883      0.35268      0.32483
     3.09077      0.35346      0.32502
     3.11272      0.35435      0.32537
     3.13466      0.35537      0.32593
     3.15661      0.35658      0.32673
     3.17855      0.35799      0.32782
     3.20050      0.35965      0.32922
     3.22244      0.36158      0.33098
     3.24439      0.36380      0.33311
     3.26633      0.36651      0.33565
     3.28828      0.36955      0.33861
     3.31022      0.37292      0.34202
     3.33217      0.37661      0.34588
     3.35411      0.38065      0.35020
     3.37606      0.38501      0.35498
     3.39800      0.38969      0.36022
     3.41995      0.39469      0.36592
     3.44189      0.39999      0.37207
     3.46384      0.40558      0.37864
     3.48578      0.41146      0.38562
     3.50773      0.41759      0.39299
     3.52967      0.42398      0.40071
     3.55162      0.43060      0.40831
     3.57356      0.43743      0.41528
     3.59551      0.44445      0.42249
     3.61745      0.45162      0.42988
     3.63940      0.45892      0.43740
     3.66134      0.46631      0.44498
     3.68329      0.47372      0.45255
     3.70524      0.48126      0.45999
     3.72718      0.48895      0.46721
     3.74913      0.49651      0.47410
     3.77107      0.50384      0.48054
     3.79302      0.51087      0.48640
     3.81496      0.51748      0.49156
     3.83691      0.52357      0.49592
     3.85885      0.52904      0.49939
     3.88080      0.53380      0.50187
     3.90274      0.53775      0.50333
     3.92469      0.54081      0.50248
     3.94663      0.54292      0.49976
     3.96858      0.54405      0.49597
     3.99052      0.54417      0.49124
     4.01247      0.54329      0.48569
     4.03441      0.54142      0.47948
     4.05636      0.53862      0.47275
     4.07830      0.53494      0.46568
     4.10025      0.53047      0.45841
     4.12219      0.52531      0.45110
     4.14414      0.51956      0.44389
     4.16608      0.51334      0.43690
     4.18803      0.50678      0.43024
     4.20997      0.49998      0.42401
     4.23192      0.49308      0.41828
     4.25386      0.48617      0.41313
     4.27581      0.47938      0.40860
     4.29775      0.47279      0.40472
     4.31970      0.46649      0.40152
     4.34164      0.46056      0.39901
     4.36359      0.45507      0.39718
     4.38554      0.45007      0.39550
     4.40748      0.44560      0.39407
     4.42943      0.44170      0.39330
     4.45137      0.43839      0.39314
     4.47332      0.43567      0.39355
     4.49526      0.43355      0.39445
     4.51721      0.43202      0.39576
     4.53915      0.43137      0.39740
     4.56110      0.43239      0.39924
     4.58304      0.43364      0.40117
     4.60499      0.43501      0.40302
     4.62693      0.43638      0.40465
     4.64888      0.43761      0.40586
     4.67082      0.43851      0.40648
     4.69277      0.43892      0.40630
     4.71471      0.43869      0.40432
     4.73666      0.43990      0.40010
     4.75860      0.44069      0.39438
     4.78055      0.44086      0.38713
     4.80249      0.44054      0.37844
     4.82444      0.43953      0.36855
     4.84638      0.43744      0.35780
     4.86833      0.43407      0.34669
     4.89027      0.42925      0.33584
     4.91222      0.42285      0.32592
     4.93416      0.41480      0.31764
     4.95611      0.40516      0.31169
     4.97805      0.39409      0.30869
     5.00000      0.38191      0.30525
