# T/Tc, entr_max, entr_min, chib_max, chib_min, chis_max, chis_min
     0.98101      5.75302      5.40458      0.09195      0.08667      0.28043      0.25137
     0.99358      5.96349      5.62268      0.09662      0.09189      0.29491      0.26734
     1.00614      6.18868      5.85618      0.10140      0.09722      0.30970      0.28379
     1.01870      6.42786      6.10479      0.10628      0.10264      0.32478      0.30069
     1.03126      6.67928      6.36710      0.11140      0.10804      0.34009      0.31797
     1.04383      6.94026      6.64061      0.11675      0.11333      0.35558      0.33557
     1.05639      7.20726      6.92183      0.12214      0.11868      0.37121      0.35339
     1.06895      7.47631      7.20658      0.12753      0.12408      0.38691      0.37114
     1.08152      7.74319      7.49037      0.13293      0.12951      0.40263      0.38836
     1.09408      8.00400      7.76880      0.13831      0.13494      0.41832      0.40551
     1.10664      8.25533      8.03804      0.14365      0.14036      0.43522      0.42262
     1.11920      8.49456      8.29501      0.14893      0.14576      0.45225      0.43961
     1.13177      8.72003      8.53398      0.15414      0.15110      0.46896      0.45643
     1.14433      8.93099      8.75226      0.15926      0.15638      0.48530      0.47301
     1.15689      9.12754      8.95751      0.16430      0.16157      0.50121      0.48931
     1.16945      9.31052      9.15006      0.16939      0.16662      0.51665      0.50525
     1.18202      9.48131      9.33079      0.17433      0.17139      0.53157      0.52080
     1.19458      9.64162      9.50095      0.17910      0.17601      0.54595      0.53558
     1.20714      9.79334      9.66220      0.18371      0.18050      0.55978      0.54969
     1.21971      9.93845      9.81622      0.18814      0.18483      0.57304      0.56299
     1.23227     10.08066      9.96476      0.19240      0.18901      0.58573      0.57547
     1.24483     10.22068     10.10949      0.19648      0.19304      0.59787      0.58753
     1.25739     10.35838     10.25191      0.20039      0.19691      0.60947      0.59915
     1.26996     10.49501     10.39219      0.20413      0.20064      0.62125      0.61035
     1.28252     10.63152     10.52796      0.20770      0.20416      0.63247      0.62113
     1.29508     10.76855     10.66394      0.21112      0.20751      0.64314      0.63149
     1.30765     10.90647     10.80062      0.21438      0.21070      0.65328      0.64145
     1.32021     11.04537     10.93824      0.21750      0.21377      0.66292      0.65101
     1.33277     11.18520     11.07684      0.22054      0.21670      0.67206      0.66019
     1.34533     11.32567     11.21629      0.22351      0.21950      0.68074      0.66900
     1.35790     11.46664     11.35628      0.22634      0.22219      0.68896      0.67745
     1.37046     11.61078     11.49645      0.22909      0.22476      0.69675      0.68555
     1.38302     11.75459     11.63630      0.23176      0.22723      0.70455      0.69331
     1.39559     11.89741     11.77529      0.23434      0.22959      0.71202      0.70049
     1.40815     12.03855     11.91289      0.23679      0.23186      0.71915      0.70724
     1.42071     12.17735     12.04644      0.23913      0.23403      0.72596      0.71366
     1.43327     12.31315     12.17643      0.24136      0.23611      0.73249      0.71979
     1.44584     12.44544     12.30360      0.24348      0.23811      0.73868      0.72563
     1.45840     12.57374     12.42754      0.24549      0.24003      0.74453      0.73119
     1.47096     12.69760     12.54795      0.24746      0.24187      0.75013      0.73650
     1.48353     12.81676     12.66457      0.24934      0.24363      0.75545      0.74155
     1.49609     12.93103     12.77722      0.25114      0.24533      0.76051      0.74637
     1.50865     13.04029     12.88575      0.25286      0.24695      0.76531      0.75095
     1.52121     13.14449     12.99008      0.25450      0.24851      0.76985      0.75533
     1.53378     13.24575     13.09024      0.25607      0.25001      0.77416      0.75949
     1.54634     13.34341     13.18622      0.25756      0.25145      0.77824      0.76346
     1.55890     13.43614     13.27814      0.25899      0.25283      0.78209      0.76723
     1.57146     13.52414     13.36610      0.26034      0.25415      0.78574      0.77083
     1.58403     13.60769     13.45026      0.26163      0.25542      0.78917      0.77426
     1.59659     13.68705     13.53081      0.26286      0.25665      0.79241      0.77753
     1.60915     13.76250     13.60795      0.26403      0.25782      0.79547      0.78063
     1.62172     13.83435     13.67784      0.26514      0.25895      0.79834      0.78360
     1.63428     13.90290     13.74313      0.26619      0.26003      0.80105      0.78642
     1.64684     13.96843     13.80636      0.26720      0.26107      0.80359      0.78911
     1.65940     14.03120     13.86789      0.26815      0.26207      0.80599      0.79167
     1.67197     14.09149     13.92795      0.26906      0.26304      0.80823      0.79412
     1.68453     14.14953     13.98683      0.26992      0.26396      0.81034      0.79645
     1.69709     14.20553     14.04474      0.27074      0.26486      0.81232      0.79868
     1.70966     14.25970     14.10185      0.27152      0.26572      0.81417      0.80080
     1.72222     14.31219     14.15833      0.27226      0.26655      0.81591      0.80280
     1.73478     14.36320     14.21267      0.27296      0.26735      0.81754      0.80436
     1.74734     14.41286     14.26549      0.27363      0.26812      0.81906      0.80586
     1.75991     14.46128     14.31795      0.27427      0.26887      0.82049      0.80729
     1.77247     14.50862     14.37012      0.27488      0.26959      0.82183      0.80867
     1.78503     14.55497     14.42207      0.27546      0.27029      0.82309      0.81000
     1.79760     14.60153     14.47385      0.27601      0.27097      0.82426      0.81129
     1.81016     14.64974     14.52549      0.27654      0.27163      0.82537      0.81245
     1.82272     14.69739     14.57700      0.27704      0.27226      0.82640      0.81332
     1.83528     14.74451     14.62844      0.27752      0.27288      0.82737      0.81415
     1.84785     14.79116     14.67978      0.27798      0.27348      0.82828      0.81497
     1.86041     14.83739     14.73106      0.27842      0.27407      0.82913      0.81576
     1.87297     14.88326     14.78229      0.27884      0.27463      0.82993      0.81654
     1.88554     14.92879     14.83348      0.27924      0.27519      0.83068      0.81730
     1.89810     14.97405     14.88368      0.27962      0.27572      0.83139      0.81805
     1.91066     15.01933     14.93093      0.27999      0.27625      0.83205      0.81879
     1.92322     15.06644     14.97815      0.28033      0.27675      0.83268      0.81952
     1.93579     15.11350     15.02535      0.28067      0.27725      0.83326      0.82024
     1.94835     15.16053     15.07254      0.28099      0.27772      0.83381      0.82096
     1.96091     15.20753     15.11973      0.28129      0.27806      0.83439      0.82167
     1.97347     15.25452     15.16691      0.28158      0.27840      0.83511      0.82238
     1.98604     15.30148     15.21407      0.28186      0.27872      0.83579      0.82309
     1.99860     15.34890     15.26117      0.28212      0.27904      0.83643      0.82379
     2.01116     15.39933     15.30802      0.28237      0.27936      0.83704      0.82448
     2.02373     15.44950     15.34811      0.28261      0.27967      0.83761      0.82517
     2.03629     15.49930     15.38803      0.28283      0.27996      0.83815      0.82585
     2.04885     15.54867     15.42774      0.28304      0.28026      0.83865      0.82652
     2.06141     15.59752     15.46722      0.28324      0.28054      0.83916      0.82719
     2.07398     15.64575     15.50638      0.28342      0.28082      0.83969      0.82784
     2.08654     15.69328     15.54517      0.28360      0.28109      0.84019      0.82849
     2.09910     15.74000     15.58357      0.28376      0.28135      0.84066      0.82912
     2.11167     15.78583     15.62150      0.28391      0.28160      0.84109      0.82973
     2.12423     15.83068     15.65894      0.28404      0.28184      0.84150      0.83033
     2.13679     15.87446     15.69581      0.28426      0.28207      0.84186      0.83092
     2.14935     15.91711     15.73208      0.28450      0.28229      0.84220      0.83148
     2.16192     15.95856     15.76772      0.28472      0.28245      0.84250      0.83202
     2.17448     15.99874     15.80268      0.28493      0.28257      0.84277      0.83255
     2.18704     16.03761     15.83693      0.28512      0.28268      0.84300      0.83304
     2.19961     16.07513     15.87046      0.28530      0.28277      0.84329      0.83352
     2.21217     16.11127     15.90322      0.28546      0.28286      0.84367      0.83397
     2.22473     16.14600     15.93519      0.28561      0.28294      0.84401      0.83439
     2.23729     16.17932     15.96636      0.28575      0.28301      0.84431      0.83479
     2.24986     16.21120     15.99673      0.28587      0.28307      0.84458      0.83515
     2.26242     16.24166     16.02627      0.28598      0.28312      0.84481      0.83549
     2.27498     16.27160     16.05498      0.28607      0.28316      0.84500      0.83575
     2.28755     16.30196     16.08285      0.28615      0.28319      0.84516      0.83578
     2.30011     16.33100     16.10987      0.28622      0.28321      0.84528      0.83580
     2.31267     16.35873     16.13605      0.28627      0.28323      0.84537      0.83579
     2.32523     16.38515     16.16137      0.28633      0.28323      0.84542      0.83577
     2.33780     16.41030     16.18586      0.28638      0.28323      0.84543      0.83572
     2.35036     16.43419     16.20951      0.28640      0.28322      0.84541      0.83565
     2.36292     16.45685     16.23234      0.28642      0.28320      0.84536      0.83556
     2.37549     16.47829     16.25435      0.28642      0.28317      0.84527      0.83545
     2.38805     16.49855     16.27556      0.28641      0.28314      0.84514      0.83532
     2.40061     16.51765     16.29598      0.28638      0.28310      0.84499      0.83518
     2.41317     16.53564     16.31565      0.28634      0.28305      0.84480      0.83501
     2.42574     16.55254     16.33456      0.28628      0.28300      0.84458      0.83483
     2.43830     16.56839     16.35277      0.28622      0.28294      0.84433      0.83463
     2.45086     16.58323     16.37029      0.28614      0.28287      0.84405      0.83442
     2.46342     16.59708     16.38715      0.28604      0.28280      0.84374      0.83419
     2.47599     16.61000     16.40337      0.28594      0.28273      0.84341      0.83395
     2.48855     16.62203     16.41900      0.28582      0.28265      0.84304      0.83369
     2.50111     16.63318     16.43408      0.28570      0.28256      0.84265      0.83342
     2.51368     16.64381     16.44863      0.28556      0.28247      0.84223      0.83314
     2.52624     16.65388     16.46269      0.28541      0.28237      0.84179      0.83285
     2.53880     16.66320     16.47629      0.28525      0.28228      0.84132      0.83255
     2.55136     16.67179     16.48947      0.28509      0.28217      0.84082      0.83214
     2.56393     16.67967     16.50227      0.28491      0.28207      0.84031      0.83172
     2.57649     16.68689     16.51471      0.28472      0.28196      0.83976      0.83130
     2.58905     16.69345     16.52681      0.28452      0.28185      0.83920      0.83087
     2.60162     16.69937     16.53861      0.28432      0.28174      0.83861      0.83045
     2.61418     16.70468     16.55013      0.28410      0.28162      0.83801      0.83002
     2.62674     16.70936     16.56138      0.28388      0.28150      0.83737      0.82959
     2.63930     16.71346     16.57236      0.28367      0.28138      0.83672      0.82916
     2.65187     16.71693     16.58310      0.28345      0.28126      0.83605      0.82873
     2.66443     16.71979     16.59359      0.28322      0.28113      0.83535      0.82829
     2.67699     16.72206     16.60383      0.28298      0.28100      0.83464      0.82786
     2.68956     16.72369     16.61381      0.28274      0.28087      0.83390      0.82744
     2.70212     16.72471     16.62354      0.28249      0.28074      0.83314      0.82701
     2.71468     16.72508     16.63298      0.28223      0.28061      0.83236      0.82658
     2.72724     16.72594     16.64214      0.28196      0.28047      0.83156      0.82605
     2.73981     16.72670     16.65100      0.28169      0.28031      0.83074      0.82545
     2.75237     16.72703     16.65538      0.28141      0.28005      0.82990      0.82484
     2.76493     16.72830     16.65619      0.28112      0.27979      0.82903      0.82410
     2.77750     16.72901     16.65539      0.28082      0.27952      0.82815      0.82312
     2.79006     16.72914     16.65399      0.28056      0.27925      0.82778      0.82211
     2.80262     16.72873     16.65199      0.28045      0.27898      0.82746      0.82109
     2.81518     16.72833     16.64941      0.28035      0.27871      0.82714      0.82004
     2.82775     16.73142     16.64626      0.28024      0.27843      0.82681      0.81897
     2.84031     16.73418     16.64256      0.28014      0.27811      0.82649      0.81788
     2.85287     16.73664     16.63833      0.28003      0.27776      0.82616      0.81677
     2.86543     16.73883     16.63361      0.27992      0.27740      0.82583      0.81564
     2.87800     16.74080     16.62843      0.27981      0.27703      0.82549      0.81448
     2.89056     16.74258     16.62282      0.27970      0.27665      0.82516      0.81330
     2.90312     16.74423     16.61683      0.27959      0.27627      0.82481      0.81210
     2.91569     16.74579     16.61049      0.27947      0.27588      0.82447      0.81088
     2.92825     16.74788     16.60385      0.27936      0.27548      0.82412      0.80963
     2.94081     16.75286     16.59693      0.27924      0.27507      0.82376      0.80836
     2.95337     16.75784     16.58978      0.27912      0.27465      0.82341      0.80707
     2.96594     16.76286     16.58243      0.27900      0.27423      0.82304      0.80575
     2.97850     16.76793     16.57492      0.27887      0.27380      0.82267      0.80441
     2.99106     16.77309     16.56727      0.27875      0.27336      0.82229      0.80305
     3.00363     16.77833     16.55950      0.27862      0.27291      0.82191      0.80167
     3.01619     16.78366     16.55161      0.27849      0.27246      0.82152      0.80027
     3.02875     16.78908     16.54365      0.27835      0.27200      0.82112      0.79884
     3.04131     16.79460     16.53560      0.27822      0.27153      0.82072      0.79739
     3.05388     16.80018     16.52489      0.27808      0.27105      0.82031      0.79592
     3.06644     16.80582     16.51402      0.27794      0.27056      0.81989      0.79443
     3.07900     16.81151     16.50305      0.27779      0.27007      0.81946      0.79292
     3.09157     16.81719     16.49196      0.27765      0.26958      0.81902      0.79139
     3.10413     16.82286     16.48075      0.27750      0.26907      0.81858      0.78984
     3.11669     16.82847     16.46937      0.27734      0.26856      0.81813      0.78827
     3.12925     16.83398     16.45783      0.27719      0.26804      0.81767      0.78668
     3.14182     16.83935     16.44609      0.27703      0.26752      0.81720      0.78507
     3.15438     16.84454     16.43412      0.27686      0.26699      0.81672      0.78344
     3.16694     16.84948     16.42189      0.27670      0.26645      0.81623      0.78180
     3.17951     16.85413     16.40939      0.27653      0.26591      0.81574      0.78014
     3.19207     16.85843     16.39656      0.27636      0.26536      0.81523      0.77846
     3.20463     16.86230     16.38338      0.27618      0.26480      0.81472      0.77677
     3.21719     16.86569     16.36979      0.27600      0.26422      0.81419      0.77506
     3.22976     16.86851     16.35575      0.27582      0.26362      0.81366      0.77334
     3.24232     16.87070     16.34123      0.27564      0.26301      0.81312      0.77161
     3.25488     16.87217     16.32618      0.27545      0.26240      0.81257      0.76986
     3.26744     16.87284     16.31055      0.27526      0.26178      0.81201      0.76811
     3.28001     16.87264     16.29430      0.27506      0.26116      0.81144      0.76634
     3.29257     16.87149     16.27737      0.27487      0.26054      0.81087      0.76456
     3.30513     16.86931     16.25974      0.27467      0.25991      0.81028      0.76277
     3.31770     16.86603     16.24134      0.27446      0.25927      0.80969      0.76097
     3.33026     16.86158     16.22215      0.27426      0.25864      0.80909      0.75917
     3.34282     16.85588     16.20213      0.27405      0.25800      0.80848      0.75736
     3.35538     16.84889     16.18123      0.27384      0.25735      0.80786      0.75554
     3.36795     16.84053     16.15944      0.27362      0.25671      0.80723      0.75372
     3.38051     16.83077     16.13672      0.27341      0.25606      0.80660      0.75189
     3.39307     16.81955     16.11304      0.27319      0.25541      0.80595      0.75006
     3.40564     16.80684     16.08840      0.27296      0.25476      0.80530      0.74822
     3.41820     16.79260     16.06276      0.27274      0.25410      0.80464      0.74639
     3.43076     16.77681     16.03614      0.27251      0.25345      0.80398      0.74455
     3.44332     16.75944     16.00849      0.27228      0.25279      0.80330      0.74271
     3.45589     16.74048     15.97983      0.27205      0.25213      0.80262      0.74086
     3.46845     16.71991     15.95014      0.27181      0.25147      0.80193      0.73902
     3.48101     16.69772     15.91944      0.27158      0.25082      0.80124      0.73718
