# T/Tc,massG_min*eval, massG_max*eval, massL_min*eval, massL_max*eval, massS_min*eval, massS_max*eval
     0.98101      0.84051      0.94592      0.51789      0.53280      0.54789      0.56280
     1.00789      0.85809      0.95099      0.50301      0.51571      0.53301      0.54571
     1.03476      0.87495      0.95518      0.48861      0.49934      0.51861      0.52934
     1.06164      0.89102      0.95860      0.47487      0.48378      0.50487      0.51378
     1.08851      0.90625      0.96134      0.46183      0.46909      0.49183      0.49909
     1.11539      0.92059      0.96350      0.44953      0.45586      0.47953      0.48586
     1.14226      0.93398      0.96788      0.43799      0.44395      0.46799      0.47395
     1.16914      0.94481      0.97180      0.42722      0.43309      0.45722      0.46309
     1.19601      0.95118      0.97495      0.41674      0.42306      0.44674      0.45306
     1.22289      0.95694      0.97734      0.40670      0.41404      0.43670      0.44404
     1.24976      0.96061      0.98196      0.39768      0.40581      0.42768      0.43581
     1.27664      0.96365      0.98569      0.38962      0.39832      0.41962      0.42832
     1.30351      0.96624      0.99173      0.38248      0.39191      0.41248      0.42191
     1.33039      0.96680      0.99721      0.37618      0.38632      0.40618      0.41632
     1.35726      0.96590      1.00145      0.37065      0.38139      0.40065      0.41139
     1.38414      0.96473      1.00443      0.36584      0.37705      0.39584      0.40705
     1.41101      0.96329      1.00617      0.36112      0.37324      0.39112      0.40324
     1.43789      0.96157      1.00667      0.35651      0.36990      0.38651      0.39990
     1.46476      0.95957      1.00599      0.35248      0.36700      0.38248      0.39700
     1.49164      0.95729      1.00414      0.34900      0.36447      0.37900      0.39447
     1.51851      0.95472      1.00120      0.34605      0.36228      0.37605      0.39228
     1.54539      0.95187      0.99723      0.34360      0.36040      0.37360      0.39040
     1.57226      0.94875      0.99232      0.34161      0.35878      0.37161      0.38878
     1.59913      0.94537      0.98654      0.34007      0.35740      0.37007      0.38740
     1.62601      0.94173      0.97999      0.33894      0.35624      0.36894      0.38624
     1.65288      0.93785      0.97279      0.33820      0.35528      0.36820      0.38528
     1.67976      0.93376      0.96526      0.33777      0.35450      0.36777      0.38450
     1.70663      0.92947      0.96020      0.33736      0.35390      0.36736      0.38390
     1.73351      0.92501      0.95458      0.33724      0.35345      0.36724      0.38345
     1.76038      0.91823      0.94844      0.33740      0.35316      0.36740      0.38316
     1.78726      0.91087      0.94184      0.33783      0.35301      0.36783      0.38301
     1.81413      0.90358      0.93486      0.33852      0.35301      0.36852      0.38301
     1.84101      0.89639      0.92756      0.33946      0.35316      0.36946      0.38316
     1.86788      0.88937      0.92002      0.34065      0.35346      0.37065      0.38346
     1.89476      0.88255      0.91232      0.34206      0.35391      0.37206      0.38391
     1.92163      0.87598      0.90532      0.34371      0.35451      0.37371      0.38451
     1.94851      0.86969      0.89997      0.34557      0.35527      0.37557      0.38527
     1.97538      0.86370      0.89488      0.34765      0.35634      0.37765      0.38634
     2.00226      0.85804      0.89045      0.34994      0.35836      0.37994      0.38836
     2.02913      0.85273      0.88614      0.35206      0.36048      0.38206      0.39048
     2.05601      0.84778      0.88196      0.35399      0.36270      0.38399      0.39270
     2.08288      0.84200      0.87793      0.35611      0.36504      0.38611      0.39504
     2.10976      0.83665      0.87434      0.35844      0.36749      0.38844      0.39749
     2.13663      0.83194      0.87145      0.36097      0.37007      0.39097      0.40007
     2.16351      0.82786      0.86873      0.36372      0.37278      0.39372      0.40278
     2.19038      0.82438      0.86618      0.36669      0.37604      0.39669      0.40604
     2.21726      0.82150      0.86380      0.36988      0.37975      0.39988      0.40975
     2.24413      0.81918      0.86159      0.37331      0.38360      0.40331      0.41360
     2.27101      0.81663      0.85956      0.37697      0.38757      0.40697      0.41757
     2.29788      0.81435      0.85770      0.38076      0.39165      0.41076      0.42165
     2.32476      0.81258      0.85602      0.38434      0.39585      0.41434      0.42585
     2.35163      0.81131      0.85451      0.38800      0.40017      0.41800      0.43017
     2.37851      0.81052      0.85318      0.39190      0.40459      0.42190      0.43459
     2.40538      0.81022      0.85203      0.39605      0.40911      0.42605      0.43911
     2.43226      0.81039      0.85105      0.40045      0.41374      0.43045      0.44374
     2.45913      0.81101      0.85024      0.40511      0.41847      0.43511      0.44847
     2.48601      0.81206      0.84960      0.41002      0.42330      0.44002      0.45330
     2.51288      0.81354      0.84913      0.41519      0.42823      0.44519      0.45823
     2.53976      0.81543      0.84883      0.42062      0.43338      0.45062      0.46338
     2.56663      0.81771      0.84869      0.42631      0.43864      0.45631      0.46864
     2.59351      0.82036      0.84872      0.43227      0.44402      0.46227      0.47402
     2.62038      0.82330      0.84890      0.43849      0.44951      0.46849      0.47951
     2.64726      0.82572      0.84924      0.44498      0.45512      0.47498      0.48512
     2.67413      0.82847      0.85015      0.45173      0.46085      0.48173      0.49085
     2.70101      0.83156      0.85136      0.45874      0.46669      0.48874      0.49669
     2.72788      0.83496      0.85272      0.46603      0.47265      0.49603      0.50265
     2.75475      0.83805      0.85423      0.47343      0.47988      0.50343      0.50988
     2.78163      0.84130      0.85589      0.48103      0.48737      0.51103      0.51737
     2.80850      0.84388      0.85789      0.48779      0.49501      0.51779      0.52501
     2.83538      0.84664      0.86118      0.49364      0.50280      0.52364      0.53280
     2.86225      0.84928      0.86487      0.49955      0.51072      0.52955      0.54072
     2.88913      0.85141      0.86973      0.50553      0.51922      0.53553      0.54922
     2.91600      0.85373      0.87570      0.51156      0.52835      0.54156      0.55835
     2.94288      0.85623      0.88186      0.51765      0.53771      0.54765      0.56771
     2.96975      0.85890      0.88820      0.52379      0.54729      0.55379      0.57729
     2.99663      0.86174      0.89472      0.52998      0.55711      0.55998      0.58711
     3.02350      0.86474      0.90140      0.53622      0.56714      0.56622      0.59714
     3.05038      0.86791      0.90824      0.54252      0.57740      0.57252      0.60740
     3.07725      0.87124      0.91523      0.54885      0.58786      0.57885      0.61786
     3.10413      0.87472      0.92236      0.55523      0.59852      0.58523      0.62852
     3.13100      0.87835      0.92963      0.56166      0.60938      0.59166      0.63938
     3.15788      0.88138      0.93702      0.56812      0.62044      0.59812      0.65044
     3.18475      0.88422      0.94453      0.57462      0.63168      0.60462      0.66168
     3.21163      0.88715      0.95216      0.58116      0.64310      0.61116      0.67310
     3.23850      0.89017      0.95990      0.58773      0.65469      0.61773      0.68469
     3.26538      0.89329      0.96774      0.59434      0.66644      0.62434      0.69644
     3.29225      0.89649      0.97568      0.60097      0.67835      0.63097      0.70835
     3.31913      0.89977      0.98371      0.60764      0.69041      0.63764      0.72041
     3.34600      0.90314      0.99183      0.61434      0.70261      0.64434      0.73261
     3.37288      0.90659      1.00004      0.62106      0.71494      0.65106      0.74494
     3.39975      0.91011      1.00833      0.62781      0.72740      0.65781      0.75740
     3.42663      0.91371      1.01669      0.63458      0.73999      0.66458      0.76999
     3.45350      0.91739      1.02513      0.64137      0.75268      0.67137      0.78268
     3.48038      0.92113      1.03363      0.64819      0.76547      0.67819      0.79547
     3.50725      0.92495      1.04221      0.65502      0.77837      0.68502      0.80837
     3.53413      0.92883      1.05084      0.66188      0.79158      0.69188      0.82158
     3.56100      0.93278      1.05954      0.66875      0.80507      0.69875      0.83507
     3.58788      0.93680      1.06829      0.67564      0.81866      0.70564      0.84866
     3.61475      0.94087      1.07710      0.68254      0.83233      0.71254      0.86233
     3.64163      0.94501      1.08596      0.68946      0.84607      0.71946      0.87607
     3.66850      0.94920      1.09487      0.69639      0.85989      0.72639      0.88989
     3.69538      0.95345      1.10383      0.70333      0.87377      0.73333      0.90377
     3.72225      0.95775      1.11283      0.71028      0.88771      0.74028      0.91771
     3.74913      0.96211      1.12187      0.71702      0.90170      0.74702      0.93170
     3.77600      0.96652      1.13095      0.72344      0.91573      0.75344      0.94573
     3.80288      0.97098      1.14008      0.72986      0.92979      0.75986      0.95979
     3.82975      0.97548      1.14924      0.73626      0.94389      0.76626      0.97389
     3.85662      0.98004      1.15843      0.74265      0.95801      0.77265      0.98801
     3.88350      0.98464      1.16766      0.74903      0.97215      0.77903      1.00215
     3.91037      0.98928      1.17692      0.75540      0.98630      0.78540      1.01630
     3.93725      0.99397      1.18621      0.76175      1.00046      0.79175      1.03046
     3.96412      0.99870      1.19554      0.76809      1.01463      0.79809      1.04463
     3.99100      1.00347      1.20488      0.77442      1.02879      0.80442      1.05879
     4.01787      1.00827      1.21426      0.78074      1.04294      0.81074      1.07294
     4.04475      1.01312      1.22366      0.78705      1.05708      0.81705      1.08708
     4.07162      1.01800      1.23308      0.79334      1.07121      0.82334      1.10121
     4.09850      1.02292      1.24252      0.79962      1.08532      0.82962      1.11532
     4.12537      1.02787      1.25199      0.80590      1.09941      0.83590      1.12941
     4.15225      1.03286      1.26148      0.81216      1.11347      0.84216      1.14347
     4.17912      1.03788      1.27098      0.81841      1.12750      0.84841      1.15750
     4.20600      1.04292      1.28051      0.82465      1.14150      0.85465      1.17150
     4.23287      1.04800      1.29005      0.83088      1.15547      0.86088      1.18547
     4.25975      1.05311      1.29961      0.83710      1.16940      0.86710      1.19940
     4.28662      1.05825      1.30918      0.84331      1.18329      0.87331      1.21329
     4.31350      1.06341      1.31877      0.84950      1.19714      0.87950      1.22714
     4.34037      1.06861      1.32837      0.85569      1.21095      0.88569      1.24095
     4.36725      1.07382      1.33799      0.86187      1.22471      0.89187      1.25471
     4.39412      1.07906      1.34762      0.86805      1.23842      0.89805      1.26842
     4.42100      1.08433      1.35726      0.87421      1.25209      0.90421      1.28209
     4.44787      1.08962      1.36691      0.88036      1.26571      0.91036      1.29571
     4.47475      1.09493      1.37657      0.88651      1.27928      0.91651      1.30928
     4.50162      1.10027      1.38624      0.89264      1.29280      0.92264      1.32280
     4.52850      1.10562      1.39592      0.89877      1.30626      0.92877      1.33626
     4.55537      1.11100      1.40561      0.90489      1.31968      0.93489      1.34968
     4.58225      1.11639      1.41531      0.91101      1.33304      0.94101      1.36304
     4.60912      1.12181      1.42501      0.91711      1.34642      0.94711      1.37642
     4.63600      1.12724      1.43472      0.92321      1.35994      0.95321      1.38994
     4.66287      1.13270      1.44444      0.92930      1.37341      0.95930      1.40341
     4.68975      1.13817      1.45417      0.93539      1.38683      0.96539      1.41683
     4.71662      1.14365      1.46390      0.94146      1.40019      0.97146      1.43019
     4.74350      1.14915      1.47363      0.94754      1.41351      0.97754      1.44351
     4.77037      1.15467      1.48337      0.95360      1.42676      0.98360      1.45676
     4.79725      1.16021      1.49312      0.95966      1.43997      0.98966      1.46997
     4.82412      1.16576      1.50286      0.96571      1.45312      0.99571      1.48312
     4.85100      1.17132      1.51262      0.97176      1.46622      1.00176      1.49622
     4.87787      1.17690      1.52237      0.97780      1.47926      1.00780      1.50926
     4.90475      1.18249      1.53213      0.98384      1.49225      1.01384      1.52225
     4.93162      1.18809      1.54189      0.98987      1.50519      1.01987      1.53519
     4.95850      1.19371      1.55165      0.99589      1.51808      1.02589      1.54808
     4.98537      1.19934      1.56142      1.00191      1.53091      1.03191      1.56091
     5.01224      1.20498      1.57119      1.00793      1.54369      1.03793      1.57369
     5.03912      1.21063      1.58095      1.01394      1.55642      1.04394      1.58642
     5.06599      1.21629      1.59072      1.01995      1.56910      1.04995      1.59910
     5.09287      1.22197      1.60049      1.02595      1.58173      1.05595      1.61173
     5.11974      1.22765      1.61027      1.03195      1.59431      1.06195      1.62431
     5.14662      1.23335      1.62004      1.03794      1.60684      1.06794      1.63684
     5.17349      1.23905      1.62981      1.04393      1.61931      1.07393      1.64931
     5.20037      1.24477      1.63958      1.04992      1.63175      1.07992      1.66175
     5.22724      1.25049      1.64935      1.05590      1.64413      1.08590      1.67413
     5.25412      1.25623      1.65913      1.06188      1.65646      1.09188      1.68646
     5.28099      1.26197      1.66890      1.06785      1.66875      1.09785      1.69875
     5.30787      1.26772      1.67867      1.07382      1.68100      1.10382      1.71100
     5.33474      1.27348      1.68844      1.07979      1.69319      1.10979      1.72319
     5.36162      1.27924      1.69821      1.08576      1.70535      1.11576      1.73535
     5.38849      1.28502      1.70798      1.09172      1.71746      1.12172      1.74746
     5.41537      1.29080      1.71774      1.09768      1.72952      1.12768      1.75952
     5.44224      1.29659      1.72751      1.10363      1.74154      1.13363      1.77154
     5.46912      1.30238      1.73727      1.10958      1.75352      1.13958      1.78352
     5.49599      1.30819      1.74703      1.11553      1.76546      1.14553      1.79546
     5.52287      1.31400      1.75679      1.12148      1.77736      1.15148      1.80736
     5.54974      1.31981      1.76655      1.12742      1.78922      1.15742      1.81922
     5.57662      1.32563      1.77631      1.13336      1.80104      1.16336      1.83104
     5.60349      1.33146      1.78606      1.13930      1.81282      1.16930      1.84282
     5.63037      1.33730      1.79581      1.14524      1.82456      1.17524      1.85456
     5.65724      1.34314      1.80556      1.15117      1.83626      1.18117      1.86626
     5.68412      1.34898      1.81531      1.15711      1.84793      1.18711      1.87793
     5.71099      1.35484      1.82505      1.16304      1.85956      1.19304      1.88956
     5.73787      1.36069      1.83479      1.16896      1.87115      1.19896      1.90115
     5.76474      1.36655      1.84453      1.17489      1.88271      1.20489      1.91271
     5.79162      1.37242      1.85427      1.18081      1.89424      1.21081      1.92424
     5.81849      1.37829      1.86400      1.18673      1.90573      1.21673      1.93573
     5.84537      1.38417      1.87373      1.19265      1.91719      1.22265      1.94719
     5.87224      1.39005      1.88346      1.19857      1.92861      1.22857      1.95861
     5.89912      1.39594      1.89318      1.20449      1.94001      1.23449      1.97001
     5.92599      1.40183      1.90290      1.21040      1.95137      1.24040      1.98137
     5.95287      1.40772      1.91262      1.21631      1.96270      1.24631      1.99270
     5.97974      1.41362      1.92234      1.22222      1.97400      1.25222      2.00400
     6.00662      1.41953      1.93205      1.22813      1.98528      1.25813      2.01528
     6.03349      1.42543      1.94176      1.23404      1.99652      1.26404      2.02652
     6.06037      1.43134      1.95146      1.23994      2.00773      1.26994      2.03773
     6.08724      1.43726      1.96116      1.24585      2.01892      1.27585      2.04892
     6.11411      1.44318      1.97086      1.25175      2.03008      1.28175      2.06008
     6.14099      1.44910      1.98056      1.25765      2.04121      1.28765      2.07121
     6.16786      1.45502      1.99025      1.26355      2.05232      1.29355      2.08232
     6.19474      1.46095      1.99994      1.26945      2.06340      1.29945      2.09340
     6.22161      1.46688      2.00962      1.27535      2.07445      1.30535      2.10445
     6.24849      1.47282      2.01930      1.28124      2.08548      1.31124      2.11548
     6.27536      1.47876      2.02898      1.28714      2.09648      1.31714      2.12648
     6.30224      1.48470      2.03866      1.29303      2.10746      1.32303      2.13746
     6.32911      1.49065      2.04833      1.29892      2.11842      1.32892      2.14842
