# T/Tc, Ag_min^2, Ag_max^2, Aq_min^2, Aq_max^2
     0.98101      0.72921      0.85748      0.24080      0.30894
     1.00789      0.74803      0.86131      0.22819      0.28356
     1.03476      0.76691      0.86512      0.21659      0.26073
     1.06164      0.78557      0.86886      0.20600      0.24027
     1.08851      0.80376      0.87249      0.19638      0.22200
     1.11539      0.82124      0.87599      0.18642      0.20572
     1.14226      0.83731      0.87932      0.17740      0.19127
     1.16914      0.84885      0.88246      0.16931      0.17848
     1.19601      0.85621      0.88537      0.16073      0.16871
     1.22289      0.86343      0.88803      0.15311      0.16209
     1.24976      0.87045      0.89476      0.14636      0.15650
     1.27664      0.87641      0.90270      0.14041      0.15229
     1.30351      0.88071      0.91045      0.13472      0.14862
     1.33039      0.88477      0.91774      0.12919      0.14545
     1.35726      0.88862      0.92373      0.12453      0.14272
     1.38414      0.89225      0.92909      0.12065      0.14040
     1.41101      0.89566      0.93342      0.11749      0.13845
     1.43789      0.89885      0.93673      0.11500      0.13682
     1.46476      0.89959      0.93908      0.11312      0.13549
     1.49164      0.89951      0.94050      0.11180      0.13444
     1.51851      0.89919      0.94108      0.11102      0.13364
     1.54539      0.89864      0.94087      0.11072      0.13307
     1.57226      0.89788      0.93993      0.11087      0.13270
     1.59913      0.89692      0.93833      0.11145      0.13254
     1.62601      0.89579      0.93735      0.11242      0.13255
     1.65288      0.89449      0.93623      0.11376      0.13273
     1.67976      0.89304      0.93441      0.11494      0.13308
     1.70663      0.89147      0.93192      0.11592      0.13357
     1.73351      0.88978      0.92882      0.11716      0.13421
     1.76038      0.88799      0.92574      0.11864      0.13498
     1.78726      0.88612      0.92305      0.12035      0.13589
     1.81413      0.88417      0.92093      0.12198      0.13693
     1.84101      0.88217      0.91849      0.12366      0.13810
     1.86788      0.88013      0.91578      0.12553      0.13950
     1.89476      0.87805      0.91281      0.12761      0.14191
     1.92163      0.87595      0.90962      0.12987      0.14452
     1.94851      0.87384      0.90624      0.13231      0.14722
     1.97538      0.87173      0.90271      0.13494      0.14999
     2.00226      0.86962      0.89904      0.13774      0.15294
     2.02913      0.86752      0.89528      0.14071      0.15651
     2.05601      0.86544      0.89143      0.14375      0.16008
     2.08288      0.86195      0.88754      0.14615      0.16363
     2.10976      0.85697      0.88361      0.14868      0.16716
     2.13663      0.85224      0.87967      0.15135      0.17064
     2.16351      0.84778      0.87640      0.15416      0.17410
     2.19038      0.84361      0.87326      0.15710      0.17771
     2.21726      0.83973      0.87015      0.16018      0.18142
     2.24413      0.83615      0.86707      0.16340      0.18513
     2.27101      0.83287      0.86452      0.16676      0.18884
     2.29788      0.82988      0.86195      0.17026      0.19255
     2.32476      0.82717      0.85933      0.17391      0.19628
     2.35163      0.82416      0.85667      0.17770      0.20001
     2.37851      0.82144      0.85397      0.18164      0.20376
     2.40538      0.81899      0.85123      0.18572      0.20754
     2.43226      0.81682      0.84846      0.18996      0.21134
     2.45913      0.81492      0.84564      0.19435      0.21517
     2.48601      0.81328      0.84280      0.19889      0.21905
     2.51288      0.81190      0.83993      0.20359      0.22303
     2.53976      0.81075      0.83703      0.20844      0.22738
     2.56663      0.80984      0.83410      0.21346      0.23174
     2.59351      0.80915      0.83284      0.21863      0.23611
     2.62038      0.80868      0.83174      0.22397      0.24047
     2.64726      0.80808      0.83068      0.22946      0.24484
     2.67413      0.80700      0.82968      0.23513      0.24921
     2.70101      0.80607      0.82872      0.24096      0.25379
     2.72788      0.80504      0.82780      0.24695      0.25905
     2.75475      0.80324      0.82693      0.25311      0.26437
     2.78163      0.80155      0.82610      0.25944      0.26974
     2.80850      0.79996      0.82531      0.26490      0.27516
     2.83538      0.79848      0.82456      0.27004      0.28063
     2.86225      0.79711      0.82385      0.27531      0.28614
     2.88913      0.79537      0.82317      0.28071      0.29169
     2.91600      0.79204      0.82253      0.28575      0.29750
     2.94288      0.78867      0.82193      0.29047      0.30427
     2.96975      0.78525      0.82136      0.29519      0.31116
     2.99663      0.78179      0.82082      0.29994      0.31815
     3.02350      0.77827      0.82031      0.30469      0.32525
     3.05038      0.77471      0.82169      0.30946      0.33245
     3.07725      0.77111      0.82336      0.31419      0.34016
     3.10413      0.76746      0.82509      0.31846      0.34848
     3.13100      0.76378      0.82687      0.32272      0.35697
     3.15788      0.76005      0.82870      0.32698      0.36561
     3.18475      0.75630      0.83058      0.33122      0.37440
     3.21163      0.75251      0.83250      0.33545      0.38334
     3.23850      0.74869      0.83445      0.33967      0.39243
     3.26538      0.74485      0.83644      0.34388      0.40167
     3.29225      0.74099      0.83846      0.34808      0.41104
     3.31913      0.73712      0.84050      0.35227      0.42055
     3.34600      0.73323      0.84257      0.35644      0.43020
     3.37288      0.72934      0.84466      0.36060      0.43997
     3.39975      0.72544      0.84676      0.36475      0.44987
     3.42663      0.72154      0.84888      0.36888      0.45988
     3.45350      0.71765      0.85101      0.37300      0.47002
     3.48038      0.71377      0.85315      0.37674      0.48026
     3.50725      0.70991      0.85530      0.37994      0.49061
     3.53413      0.70606      0.85745      0.38306      0.50105
     3.56100      0.70224      0.85961      0.38611      0.51160
     3.58788      0.69844      0.86178      0.38909      0.52223
     3.61475      0.69467      0.86394      0.39199      0.53295
     3.64163      0.69094      0.86610      0.39482      0.54375
     3.66850      0.68724      0.86826      0.39758      0.55462
     3.69538      0.68359      0.87041      0.40027      0.56556
     3.72225      0.67997      0.87257      0.40289      0.57657
     3.74913      0.67641      0.87471      0.40545      0.58763
     3.77600      0.67289      0.87685      0.40794      0.59874
     3.80288      0.66943      0.87898      0.41036      0.60990
     3.82975      0.66601      0.88110      0.41273      0.62110
     3.85662      0.66265      0.88321      0.41504      0.63233
     3.88350      0.65935      0.88531      0.41728      0.64360
     3.91037      0.65611      0.88740      0.41947      0.65489
     3.93725      0.65292      0.88948      0.42160      0.66620
     3.96412      0.64980      0.89155      0.42368      0.67752
     3.99100      0.64673      0.89360      0.42570      0.68885
     4.01787      0.64373      0.89564      0.42767      0.70018
     4.04475      0.64078      0.89766      0.42959      0.71151
     4.07162      0.63790      0.89967      0.43146      0.72284
     4.09850      0.63508      0.90167      0.43329      0.73415
     4.12537      0.63232      0.90365      0.43506      0.74545
     4.15225      0.62962      0.90561      0.43679      0.75673
     4.17912      0.62698      0.90756      0.43848      0.76798
     4.20600      0.62441      0.90949      0.44013      0.77920
     4.23287      0.62189      0.91141      0.44173      0.79039
     4.25975      0.61943      0.91330      0.44329      0.80154
     4.28662      0.61703      0.91519      0.44481      0.81265
     4.31350      0.61469      0.91705      0.44630      0.82371
     4.34037      0.61241      0.91890      0.44774      0.83473
     4.36725      0.61018      0.92073      0.44916      0.84569
     4.39412      0.60800      0.92254      0.45053      0.85660
     4.42100      0.60588      0.92433      0.45188      0.86745
     4.44787      0.60381      0.92611      0.45318      0.87823
     4.47475      0.60179      0.92787      0.45446      0.88895
     4.50162      0.59983      0.92961      0.45571      0.89961
     4.52850      0.59791      0.93133      0.45693      0.91019
     4.55537      0.59604      0.93304      0.45811      0.92070
     4.58225      0.59422      0.93472      0.45927      0.93113
     4.60912      0.59245      0.93639      0.46040      0.94149
     4.63600      0.59072      0.93805      0.46151      0.95177
     4.66287      0.58903      0.93968      0.46259      0.96197
     4.68975      0.58739      0.94130      0.46364      0.97209
     4.71662      0.58579      0.94290      0.46467      0.98211
     4.74350      0.58422      0.94448      0.46568      0.99206
     4.77037      0.58270      0.94604      0.46666      1.00191
     4.79725      0.58122      0.94759      0.46762      1.01168
     4.82412      0.57977      0.94912      0.46856      1.02136
     4.85100      0.57837      0.95063      0.46948      1.03095
     4.87787      0.57699      0.95212      0.47038      1.04044
     4.90475      0.57565      0.95360      0.47126      1.04984
     4.93162      0.57435      0.95506      0.47212      1.05915
     4.95850      0.57307      0.95650      0.47296      1.06837
     4.98537      0.57183      0.95793      0.47378      1.07749
     5.01224      0.57062      0.95934      0.47459      1.08651
     5.03912      0.56944      0.96073      0.47538      1.09544
     5.06599      0.56829      0.96211      0.47615      1.10427
     5.09287      0.56716      0.96347      0.47690      1.11301
     5.11974      0.56607      0.96482      0.47765      1.12165
     5.14662      0.56500      0.96615      0.47837      1.13019
     5.17349      0.56395      0.96746      0.47908      1.13864
     5.20037      0.56293      0.96876      0.47978      1.14699
     5.22724      0.56194      0.97004      0.48046      1.15524
     5.25412      0.56097      0.97131      0.48113      1.16340
     5.28099      0.56002      0.97256      0.48178      1.17146
     5.30787      0.55910      0.97379      0.48243      1.17943
     5.33474      0.55819      0.97501      0.48306      1.18730
     5.36162      0.55731      0.97622      0.48367      1.19507
     5.38849      0.55645      0.97741      0.48428      1.20276
     5.41537      0.55560      0.97859      0.48488      1.21034
     5.44224      0.55478      0.97975      0.48546      1.21784
     5.46912      0.55398      0.98090      0.48603      1.22524
     5.49599      0.55319      0.98203      0.48660      1.23255
     5.52287      0.55242      0.98315      0.48715      1.23977
     5.54974      0.55167      0.98426      0.48769      1.24689
     5.57662      0.55094      0.98535      0.48822      1.25393
     5.60349      0.55022      0.98643      0.48875      1.26087
     5.63037      0.54952      0.98750      0.48926      1.26773
     5.65724      0.54883      0.98855      0.48976      1.27450
     5.68412      0.54816      0.98959      0.49026      1.28118
     5.71099      0.54750      0.99062      0.49075      1.28778
     5.73787      0.54686      0.99163      0.49123      1.29428
     5.76474      0.54623      0.99263      0.49170      1.30071
     5.79162      0.54561      0.99362      0.49216      1.30705
     5.81849      0.54501      0.99460      0.49262      1.31330
     5.84537      0.54442      0.99556      0.49307      1.31948
     5.87224      0.54384      0.99651      0.49351      1.32557
     5.89912      0.54328      0.99745      0.49394      1.33158
     5.92599      0.54272      0.99838      0.49437      1.33751
     5.95287      0.54218      0.99930      0.49479      1.34336
     5.97974      0.54165      1.00021      0.49520      1.34914
     6.00662      0.54113      1.00110      0.49561      1.35483
     6.03349      0.54062      1.00198      0.49601      1.36045
     6.06037      0.54012      1.00286      0.49640      1.36600
     6.08724      0.53963      1.00372      0.49679      1.37147
     6.11411      0.53915      1.00457      0.49717      1.37686
     6.14099      0.53868      1.00541      0.49755      1.38219
     6.16786      0.53822      1.00624      0.49792      1.38744
     6.19474      0.53776      1.00706      0.49829      1.39262
     6.22161      0.53732      1.00787      0.49865      1.39773
     6.24849      0.53689      1.00867      0.49900      1.40277
     6.27536      0.53646      1.00946      0.49935      1.40775
     6.30224      0.53604      1.01023      0.49969      1.41265
     6.32911      0.53563      1.01100      0.50003      1.41749
