# T/Tc, g_max^2, g_min^2
     0.98101     47.98349     37.17431
     0.99835     46.10254     36.57955
     1.01568     44.29984     35.98291
     1.03301     42.57558     35.38459
     1.05035     40.92916     34.78484
     1.06768     39.35946     34.18390
     1.08501     37.86488     33.58197
     1.10235     36.44339     32.97931
     1.11968     35.22421     32.37611
     1.13701     34.06112     31.77260
     1.15435     33.03799     31.16900
     1.17168     32.14333     30.37575
     1.18901     31.26735     29.60146
     1.20635     30.41016     28.85044
     1.22368     29.57185     28.02180
     1.24102     28.75244     27.16399
     1.25835     27.95194     26.33919
     1.27568     27.17035     25.54616
     1.29302     26.40758     24.78362
     1.31035     25.77215     24.05037
     1.32768     25.18146     23.33390
     1.34502     24.59372     22.63563
     1.36235     24.00931     21.96852
     1.37968     23.42865     21.33047
     1.39702     22.85212     20.71950
     1.41435     22.28021     20.13380
     1.43168     21.71334     19.57170
     1.44902     21.15201     19.03164
     1.46635     20.59669     18.51221
     1.48368     20.04789     18.01211
     1.50102     19.50611     17.53016
     1.51835     18.97185     17.06527
     1.53568     18.44564     16.61644
     1.55302     17.92798     16.18279
     1.57035     17.41935     15.76352
     1.58769     16.92025     15.35786
     1.60502     16.43112     14.96519
     1.62235     15.95240     14.58489
     1.63969     15.48449     14.21642
     1.65702     15.02776     13.85929
     1.67435     14.58255     13.51304
     1.69169     14.18152     13.17731
     1.70902     13.80400     12.85168
     1.72635     13.43428     12.53588
     1.74369     13.07244     12.18973
     1.76102     12.71860     11.85458
     1.77835     12.37291     11.53173
     1.79569     12.03551     11.22087
     1.81302     11.70653     10.92168
     1.83035     11.38618     10.63385
     1.84769     11.07458     10.35706
     1.86502     10.77187     10.09099
     1.88235     10.47819      9.83533
     1.89969     10.19364      9.58975
     1.91702      9.95600      9.35394
     1.93436      9.73269      9.12757
     1.95169      9.51719      8.91034
     1.96902      9.30924      8.70195
     1.98636      9.10859      8.49348
     2.00369      8.91498      8.27047
     2.02102      8.73456      8.05871
     2.03836      8.56529      7.85784
     2.05569      8.40141      7.66745
     2.07302      8.24276      7.48712
     2.09036      8.08916      7.31644
     2.10769      7.94043      7.15495
     2.12502      7.79643      7.00222
     2.14236      7.65698      6.85782
     2.15969      7.52196      6.72131
     2.17702      7.39119      6.59228
     2.19436      7.26455      6.47032
     2.21169      7.14190      6.35503
     2.22902      7.02310      6.24604
     2.24636      6.90804      6.14297
     2.26369      6.79658      6.04549
     2.28103      6.68861      5.95326
     2.29836      6.58400      5.86596
     2.31569      6.48266      5.78330
     2.33303      6.38446      5.70501
     2.35036      6.28932      5.63081
     2.36769      6.19712      5.56045
     2.38503      6.10777      5.49372
     2.40236      6.02118      5.43038
     2.41969      5.93725      5.37024
     2.43703      5.85590      5.31310
     2.45436      5.77703      5.25879
     2.47169      5.70058      5.20714
     2.48903      5.62645      5.15422
     2.50636      5.55458      5.10212
     2.52369      5.48489      5.05266
     2.54103      5.41731      5.00571
     2.55836      5.35177      4.96115
     2.57569      5.28819      4.91887
     2.59303      5.22653      4.87812
     2.61036      5.16671      4.83844
     2.62770      5.10867      4.80106
     2.64503      5.05236      4.76588
     2.66236      4.99772      4.73282
     2.67970      4.94470      4.70176
     2.69703      4.89324      4.67265
     2.71436      4.84329      4.64540
     2.73170      4.79481      4.61992
     2.74903      4.74774      4.58928
     2.76636      4.70205      4.55565
     2.78370      4.66012      4.52340
     2.80103      4.63196      4.49248
     2.81836      4.60511      4.46149
     2.83570      4.57954      4.42763
     2.85303      4.55518      4.39498
     2.87036      4.53198      4.36349
     2.88770      4.50991      4.33312
     2.90503      4.48892      4.30382
     2.92236      4.46896      4.27555
     2.93970      4.45272      4.24827
     2.95703      4.44365      4.22048
     2.97437      4.43547      4.18944
     2.99170      4.42815      4.15928
     3.00903      4.42164      4.12995
     3.02637      4.41591      4.10143
     3.04370      4.41092      4.07369
     3.06103      4.40664      4.04672
     3.07837      4.40304      4.02048
     3.09570      4.40009      3.99495
     3.11303      4.39775      3.97011
     3.13037      4.39600      3.94594
     3.14770      4.39481      3.92241
     3.16503      4.39415      3.89952
     3.18237      4.39400      3.87722
     3.19970      4.39465      3.85551
     3.21703      4.39761      3.83437
     3.23437      4.40106      3.81378
     3.25170      4.40498      3.79372
     3.26904      4.40936      3.77418
     3.28637      4.41416      3.75514
     3.30370      4.41937      3.73658
     3.32104      4.42496      3.71851
     3.33837      4.43092      3.70088
     3.35570      4.43722      3.68370
     3.37304      4.44385      3.66695
     3.39037      4.45079      3.65062
     3.40770      4.45802      3.63469
     3.42504      4.46553      3.61915
     3.44237      4.47330      3.60400
     3.45970      4.48131      3.58922
     3.47704      4.48954      3.57480
     3.49437      4.49799      3.56072
     3.51170      4.50664      3.54699
     3.52904      4.51547      3.53358
     3.54637      4.52447      3.52050
     3.56370      4.53364      3.50772
     3.58104      4.54295      3.49525
     3.59837      4.55240      3.48307
     3.61571      4.56198      3.47118
     3.63304      4.57166      3.45957
     3.65037      4.58145      3.44822
     3.66771      4.59133      3.43713
     3.68504      4.60130      3.42631
     3.70237      4.61134      3.41572
     3.71971      4.62144      3.40539
     3.73704      4.63161      3.39528
     3.75437      4.64182      3.38540
     3.77171      4.65207      3.37575
     3.78904      4.66235      3.36631
     3.80637      4.67266      3.35708
     3.82371      4.68299      3.34806
     3.84104      4.69332      3.33923
     3.85837      4.70367      3.33060
     3.87571      4.71401      3.32216
     3.89304      4.72435      3.31390
     3.91037      4.73467      3.30582
     3.92771      4.74498      3.29792
     3.94504      4.75527      3.29018
     3.96238      4.76553      3.28261
     3.97971      4.77576      3.27520
     3.99704      4.78595      3.26795
     4.01438      4.79611      3.26085
     4.03171      4.80621      3.25390
     4.04904      4.81628      3.24710
     4.06638      4.82629      3.24043
     4.08371      4.83625      3.23391
     4.10104      4.84615      3.22752
     4.11838      4.85600      3.22126
     4.13571      4.86578      3.21513
     4.15304      4.87549      3.20912
     4.17038      4.88514      3.20324
     4.18771      4.89472      3.19747
     4.20504      4.90423      3.19182
     4.22238      4.91366      3.18629
     4.23971      4.92302      3.18086
     4.25704      4.93231      3.17554
     4.27438      4.94151      3.17033
     4.29171      4.95064      3.16522
     4.30905      4.95968      3.16020
     4.32638      4.96864      3.15529
     4.34371      4.97753      3.15047
     4.36105      4.98632      3.14575
     4.37838      4.99503      3.14112
     4.39571      5.00367      3.13657
     4.41305      5.01220      3.13211
     4.43038      5.02066      3.12774
