# T/Tc, widthG_min*eval, widthG_max*eval, widthL_min*eval, widthL_max*eval, widthS_min*eval, widthS_max*eval
     0.98101      0.11570      0.13623      0.04092      0.05482      0.08429      0.12220
     1.00789      0.11826      0.13613      0.04278      0.05561      0.09124      0.12484
     1.03476      0.12071      0.13596      0.04464      0.05638      0.09823      0.12736
     1.06164      0.12305      0.13574      0.04649      0.05714      0.10518      0.12973
     1.08851      0.12527      0.13625      0.04833      0.05788      0.11202      0.13195
     1.11539      0.12737      0.13667      0.04977      0.05861      0.11776      0.13402
     1.14226      0.12934      0.13702      0.05121      0.05933      0.12331      0.13592
     1.16914      0.13118      0.13729      0.05265      0.06005      0.12868      0.13765
     1.19601      0.13270      0.13749      0.05410      0.06075      0.13382      0.13952
     1.22289      0.13279      0.13767      0.05553      0.06145      0.13862      0.14298
     1.24976      0.13287      0.13862      0.05690      0.06214      0.14041      0.14714
     1.27664      0.13295      0.13941      0.05780      0.06283      0.14203      0.15153
     1.30351      0.13303      0.14005      0.05875      0.06352      0.14347      0.15542
     1.33039      0.13311      0.14053      0.05975      0.06457      0.14430      0.15878
     1.35726      0.13319      0.14087      0.06081      0.06612      0.14478      0.16163
     1.38414      0.13313      0.14114      0.06191      0.06764      0.14509      0.16395
     1.41101      0.13300      0.14182      0.06306      0.06913      0.14523      0.16575
     1.43789      0.13288      0.14238      0.06424      0.07057      0.14520      0.16704
     1.46476      0.13276      0.14283      0.06546      0.07196      0.14502      0.16784
     1.49164      0.13263      0.14317      0.06672      0.07332      0.14470      0.16818
     1.51851      0.13250      0.14341      0.06765      0.07462      0.14423      0.16810
     1.54539      0.13236      0.14355      0.06857      0.07588      0.14363      0.16794
     1.57226      0.13221      0.14359      0.06950      0.07709      0.14291      0.16726
     1.59913      0.13198      0.14356      0.07042      0.07824      0.14208      0.16607
     1.62601      0.13176      0.14343      0.07134      0.07934      0.14114      0.16439
     1.65288      0.13154      0.14323      0.07214      0.08039      0.14010      0.16277
     1.67976      0.13132      0.14296      0.07279      0.08161      0.13898      0.16130
     1.70663      0.13110      0.14262      0.07344      0.08292      0.13779      0.15976
     1.73351      0.13089      0.14223      0.07410      0.08420      0.13652      0.15810
     1.76038      0.13068      0.14178      0.07475      0.08543      0.13520      0.15626
     1.78726      0.13048      0.14128      0.07541      0.08665      0.13383      0.15425
     1.81413      0.13029      0.14074      0.07607      0.08811      0.13242      0.15211
     1.84101      0.13011      0.14016      0.07673      0.08955      0.13031      0.14983
     1.86788      0.12943      0.13956      0.07739      0.09096      0.12732      0.14744
     1.89476      0.12852      0.13894      0.07806      0.09232      0.12436      0.14495
     1.92163      0.12768      0.13830      0.07873      0.09365      0.12145      0.14238
     1.94851      0.12691      0.13795      0.07941      0.09492      0.11860      0.13974
     1.97538      0.12623      0.13775      0.08009      0.09615      0.11584      0.13705
     2.00226      0.12565      0.13754      0.08077      0.09732      0.11318      0.13430
     2.02913      0.12516      0.13733      0.08146      0.09843      0.11063      0.13212
     2.05601      0.12477      0.13711      0.08216      0.09947      0.10819      0.13013
     2.08288      0.12448      0.13689      0.08286      0.10046      0.10585      0.12811
     2.10976      0.12429      0.13667      0.08357      0.10137      0.10311      0.12605
     2.13663      0.12421      0.13646      0.08428      0.10222      0.10056      0.12396
     2.16351      0.12421      0.13624      0.08501      0.10299      0.09820      0.12185
     2.19038      0.12431      0.13603      0.08573      0.10370      0.09602      0.11971
     2.21726      0.12450      0.13582      0.08647      0.10433      0.09401      0.11756
     2.24413      0.12476      0.13569      0.08721      0.10489      0.09216      0.11538
     2.27101      0.12511      0.13581      0.08796      0.10538      0.09044      0.11320
     2.29788      0.12553      0.13593      0.08872      0.10601      0.08886      0.11100
     2.32476      0.12601      0.13607      0.08948      0.10659      0.08740      0.10880
     2.35163      0.12655      0.13620      0.09026      0.10710      0.08604      0.10659
     2.37851      0.12716      0.13635      0.09104      0.10751      0.08478      0.10437
     2.40538      0.12781      0.13650      0.09182      0.10785      0.08360      0.10216
     2.43226      0.12838      0.13666      0.09262      0.10810      0.08249      0.09995
     2.45913      0.12899      0.13682      0.09342      0.10827      0.08101      0.09874
     2.48601      0.12899      0.13699      0.09423      0.10836      0.07949      0.09761
     2.51288      0.12892      0.13717      0.09505      0.10836      0.07806      0.09650
     2.53976      0.12888      0.13735      0.09587      0.10828      0.07672      0.09542
     2.56663      0.12888      0.13753      0.09671      0.10811      0.07545      0.09437
     2.59351      0.12891      0.13773      0.09755      0.10787      0.07426      0.09334
     2.62038      0.12897      0.13793      0.09839      0.10754      0.07315      0.09234
     2.64726      0.12906      0.13813      0.09925      0.10714      0.07203      0.09137
     2.67413      0.12918      0.13835      0.09988      0.10666      0.06986      0.09042
     2.70101      0.12932      0.13856      0.10032      0.10611      0.06773      0.08950
     2.72788      0.12950      0.13879      0.10076      0.10548      0.06564      0.08860
     2.75475      0.12970      0.13963      0.10119      0.10573      0.06359      0.08773
     2.78163      0.12992      0.14069      0.10163      0.10616      0.06158      0.08688
     2.80850      0.13017      0.14178      0.10206      0.10670      0.05960      0.08605
     2.83538      0.13044      0.14289      0.10216      0.10773      0.05766      0.08525
     2.86225      0.13073      0.14401      0.10138      0.10876      0.05577      0.08447
     2.88913      0.13104      0.14515      0.10038      0.10982      0.05390      0.08371
     2.91600      0.13138      0.14630      0.09933      0.11088      0.05208      0.08298
     2.94288      0.13173      0.14746      0.09823      0.11196      0.05030      0.08227
     2.96975      0.13209      0.14863      0.09708      0.11305      0.04855      0.08158
     2.99663      0.13248      0.14982      0.09590      0.11415      0.04685      0.08091
     3.02350      0.13288      0.15101      0.09467      0.11527      0.04518      0.08025
     3.05038      0.13330      0.15221      0.09341      0.11640      0.04355      0.07962
     3.07725      0.13373      0.15351      0.09212      0.11753      0.04196      0.07901
     3.10413      0.13417      0.15485      0.09080      0.11868      0.04041      0.07842
     3.13100      0.13463      0.15620      0.08946      0.11983      0.03890      0.07785
     3.15788      0.13510      0.15757      0.08809      0.12100      0.03742      0.07729
     3.18475      0.13559      0.15896      0.08671      0.12217      0.03599      0.07675
     3.21163      0.13608      0.16037      0.08531      0.12335      0.03459      0.07638
     3.23850      0.13656      0.16180      0.08390      0.12454      0.03323      0.07636
     3.26538      0.13682      0.16324      0.08248      0.12573      0.03191      0.07636
     3.29225      0.13709      0.16469      0.08105      0.12693      0.03063      0.07637
     3.31913      0.13737      0.16616      0.07963      0.12814      0.02939      0.07639
     3.34600      0.13766      0.16764      0.07820      0.12935      0.02818      0.07641
     3.37288      0.13796      0.16913      0.07677      0.13057      0.02701      0.07645
     3.39975      0.13827      0.17063      0.07535      0.13179      0.02588      0.07649
     3.42663      0.13859      0.17214      0.07393      0.13302      0.02478      0.07655
     3.45350      0.13892      0.17366      0.07253      0.13425      0.02372      0.07661
     3.48038      0.13925      0.17519      0.07114      0.13548      0.02270      0.07668
     3.50725      0.13960      0.17673      0.06975      0.13672      0.02171      0.07676
     3.53413      0.13995      0.17827      0.06839      0.13796      0.02075      0.07685
     3.56100      0.14031      0.17981      0.06704      0.13920      0.01983      0.07694
     3.58788      0.14068      0.18136      0.06571      0.14044      0.01894      0.07704
     3.61475      0.14106      0.18291      0.06439      0.14169      0.01808      0.07715
     3.64163      0.14144      0.18447      0.06310      0.14293      0.01725      0.07727
     3.66850      0.14183      0.18603      0.06183      0.14418      0.01646      0.07739
     3.69538      0.14223      0.18759      0.06058      0.14543      0.01569      0.07752
     3.72225      0.14264      0.18915      0.05935      0.14668      0.01496      0.07766
     3.74913      0.14305      0.19071      0.05815      0.14793      0.01425      0.07780
     3.77600      0.14347      0.19228      0.05697      0.14919      0.01357      0.07795
     3.80288      0.14390      0.19384      0.05582      0.15044      0.01292      0.07810
     3.82975      0.14433      0.19540      0.05469      0.15169      0.01229      0.07826
     3.85662      0.14477      0.19696      0.05359      0.15294      0.01169      0.07843
     3.88350      0.14522      0.19852      0.05252      0.15419      0.01111      0.07860
     3.91037      0.14567      0.20008      0.05146      0.15545      0.01056      0.07878
     3.93725      0.14613      0.20164      0.05044      0.15670      0.01003      0.07897
     3.96412      0.14659      0.20319      0.04944      0.15795      0.00952      0.07916
     3.99100      0.14706      0.20475      0.04847      0.15920      0.00904      0.07935
     4.01787      0.14753      0.20629      0.04752      0.16044      0.00857      0.07956
     4.04475      0.14801      0.20784      0.04660      0.16169      0.00813      0.07976
     4.07162      0.14850      0.20938      0.04570      0.16294      0.00763      0.07997
     4.09850      0.14899      0.21092      0.04483      0.16418      0.00706      0.08019
     4.12537      0.14948      0.21246      0.04398      0.16542      0.00652      0.08041
     4.15225      0.14998      0.21399      0.04316      0.16667      0.00600      0.08064
     4.17912      0.15049      0.21552      0.04236      0.16791      0.00551      0.08087
     4.20600      0.15100      0.21704      0.04158      0.16915      0.00505      0.08110
     4.23287      0.15151      0.21856      0.04082      0.17038      0.00461      0.08134
     4.25975      0.15203      0.22008      0.04009      0.17162      0.00419      0.08159
     4.28662      0.15255      0.22159      0.03938      0.17285      0.00380      0.08184
     4.31350      0.15308      0.22310      0.03870      0.17409      0.00343      0.08209
     4.34037      0.15361      0.22461      0.03803      0.17532      0.00308      0.08235
     4.36725      0.15414      0.22611      0.03738      0.17655      0.00276      0.08261
     4.39412      0.15468      0.22760      0.03676      0.17777      0.00245      0.08287
     4.42100      0.15523      0.22910      0.03615      0.17900      0.00217      0.08314
     4.44787      0.15577      0.23058      0.03556      0.18022      0.00190      0.08341
     4.47475      0.15632      0.23207      0.03499      0.18144      0.00166      0.08369
     4.50162      0.15688      0.23355      0.03444      0.18266      0.00144      0.08397
     4.52850      0.15743      0.23502      0.03391      0.18388      0.00123      0.08425
     4.55537      0.15800      0.23649      0.03339      0.18510      0.00104      0.08454
     4.58225      0.15856      0.23796      0.03289      0.18631      0.00087      0.08483
     4.60912      0.15913      0.23942      0.03241      0.18753      0.00072      0.08512
     4.63600      0.15970      0.24088      0.03194      0.18874      0.00058      0.08542
     4.66287      0.16028      0.24234      0.03148      0.18995      0.00046      0.08571
     4.68975      0.16085      0.24379      0.03104      0.19115      0.00035      0.08602
     4.71662      0.16144      0.24523      0.03062      0.19236      0.00026      0.08632
     4.74350      0.16202      0.24668      0.03021      0.19356      0.00018      0.08663
     4.77037      0.16261      0.24812      0.02981      0.19476      0.00012      0.08694
     4.79725      0.16320      0.24955      0.02943      0.19596      0.00007      0.08725
     4.82412      0.16379      0.25099      0.02906      0.19716      0.00004      0.08757
     4.85100      0.16439      0.25241      0.02870      0.19836      0.00001      0.08789
     4.87787      0.16499      0.25384      0.02835      0.19955      0.00000      0.08821
     4.90475      0.16559      0.25526      0.02801      0.20074      0.00000      0.08853
     4.93162      0.16619      0.25668      0.02769      0.20193      0.00001      0.08886
     4.95850      0.16680      0.25810      0.02737      0.20312      0.00004      0.08919
     4.98537      0.16741      0.25951      0.02707      0.20431      0.00007      0.08952
     5.01224      0.16802      0.26092      0.02677      0.20550      0.00012      0.08985
     5.03912      0.16863      0.26232      0.02649      0.20668      0.00017      0.09019
     5.06599      0.16925      0.26372      0.02621      0.20786      0.00023      0.09053
     5.09287      0.16987      0.26512      0.02595      0.20904      0.00019      0.09086
     5.11974      0.17049      0.26652      0.02569      0.21022      0.00015      0.09121
     5.14662      0.17111      0.26791      0.02544      0.21140      0.00011      0.09155
     5.17349      0.17174      0.26930      0.02520      0.21258      0.00008      0.09190
     5.20037      0.17237      0.27069      0.02497      0.21375      0.00006      0.09224
     5.22724      0.17300      0.27208      0.02474      0.21493      0.00004      0.09259
     5.25412      0.17363      0.27346      0.02453      0.21610      0.00002      0.09294
     5.28099      0.17427      0.27484      0.02432      0.21727      0.00001      0.09330
     5.30787      0.17490      0.27645      0.02411      0.21844      0.00000      0.09365
     5.33474      0.17554      0.27812      0.02392      0.21961      0.00000      0.09401
     5.36162      0.17618      0.27979      0.02373      0.22078      0.00000      0.09436
     5.38849      0.17682      0.28146      0.02354      0.22194      0.00001      0.09472
     5.41537      0.17747      0.28313      0.02337      0.22311      0.00001      0.09508
     5.44224      0.17812      0.28480      0.02319      0.22427      0.00002      0.09545
     5.46912      0.17876      0.28646      0.02303      0.22543      0.00004      0.09581
     5.49599      0.17941      0.28813      0.02287      0.22659      0.00005      0.09618
     5.52287      0.18007      0.28980      0.02272      0.22775      0.00003      0.09654
     5.54974      0.18072      0.29147      0.02257      0.22891      0.00002      0.09691
     5.57662      0.18138      0.29314      0.02242      0.23007      0.00002      0.09728
     5.60349      0.18203      0.29480      0.02228      0.23122      0.00001      0.09765
     5.63037      0.18269      0.29647      0.02215      0.23238      0.00000      0.09802
     5.65724      0.18335      0.29814      0.02202      0.23353      0.00000      0.09840
     5.68412      0.18402      0.29980      0.02189      0.23468      0.00000      0.09877
     5.71099      0.18468      0.30147      0.02177      0.23583      0.00000      0.09915
     5.73787      0.18535      0.30313      0.02166      0.23698      0.00000      0.09952
     5.76474      0.18601      0.30480      0.02154      0.23813      0.00000      0.09990
     5.79162      0.18668      0.30646      0.02143      0.23928      0.00001      0.10028
     5.81849      0.18735      0.30813      0.02133      0.24043      0.00001      0.10066
     5.84537      0.18802      0.30979      0.02123      0.24158      0.00002      0.10104
     5.87224      0.18870      0.31145      0.02113      0.24272      0.00003      0.10143
     5.89912      0.18937      0.31312      0.02104      0.24387      0.00004      0.10181
     5.92599      0.19005      0.31478      0.02095      0.24501      0.00004      0.10219
     5.95287      0.19072      0.31644      0.02086      0.24616      0.00006      0.10258
     5.97974      0.19140      0.31810      0.02078      0.24730      0.00007      0.10297
     6.00662      0.19208      0.31976      0.02069      0.24844      0.00008      0.10335
     6.03349      0.19276      0.32142      0.02062      0.24958      0.00009      0.10374
     6.06037      0.19345      0.32308      0.02054      0.25072      0.00011      0.10413
     6.08724      0.19413      0.32474      0.02047      0.25186      0.00012      0.10452
     6.11411      0.19482      0.32639      0.02040      0.25300      0.00014      0.10491
     6.14099      0.19550      0.32805      0.02033      0.25414      0.00015      0.10530
     6.16786      0.19619      0.32971      0.02027      0.25528      0.00017      0.10570
     6.19474      0.19688      0.33136      0.02021      0.25641      0.00019      0.10609
     6.22161      0.19757      0.33302      0.02015      0.25755      0.00021      0.10648
     6.24849      0.19826      0.33467      0.02009      0.25868      0.00023      0.10688
     6.27536      0.19895      0.33633      0.02004      0.25982      0.00024      0.10727
     6.30224      0.19965      0.33798      0.01999      0.26095      0.00026      0.10767
     6.32911      0.20034      0.33963      0.01994      0.26208      0.00029      0.10807
