# T/Tc, eta_max,eta_min
     1.00000      0.14973      0.11081
     1.05282      0.14276      0.10729
     1.10563      0.13841      0.10599
     1.15845      0.13854      0.10830
     1.21126      0.14065      0.11253
     1.26408      0.14212      0.11666
     1.31689      0.14214      0.12002
     1.36971      0.14140      0.12317
     1.42252      0.14098      0.12688
     1.47534      0.14156      0.13161
     1.52815      0.14417      0.13512
     1.58097      0.14793      0.13944
     1.63378      0.15358      0.14439
     1.68660      0.15974      0.14974
     1.73942      0.16626      0.15524
     1.79223      0.17324      0.16049
     1.84505      0.17978      0.16423
     1.89786      0.18590      0.16793
     1.95068      0.19168      0.17161
     2.00349      0.19721      0.17535
     2.05631      0.20256      0.17920
     2.10912      0.20790      0.18320
     2.16194      0.21392      0.18738
     2.21475      0.21989      0.19170
     2.26757      0.22574      0.19611
     2.32038      0.23145      0.20058
     2.37320      0.23701      0.20511
     2.42601      0.24247      0.20972
     2.47883      0.24790      0.21447
     2.53165      0.25334      0.21941
