# T/Tc, eta/s_max,eta/s_min
     1.00000      0.14973      0.11081
     1.04417      0.14387      0.10781
     1.08835      0.13930      0.10601
     1.13252      0.13803      0.10678
     1.17670      0.13921      0.10966
     1.22087      0.14102      0.11333
     1.26505      0.14214      0.11672
     1.30922      0.14221      0.11957
     1.35340      0.14164      0.12217
     1.39757      0.14108      0.12502
     1.44175      0.14106      0.12847
     1.48592      0.14181      0.13228
     1.53010      0.14430      0.13527
     1.57427      0.14742      0.13885
     1.61844      0.15184      0.14290
     1.66262      0.15692      0.14728
     1.70679      0.16212      0.15184
     1.75097      0.16782      0.15644
     1.79514      0.17361      0.16069
     1.83932      0.17909      0.16383
     1.88349      0.18428      0.16693
     1.92767      0.18920      0.17000
     1.97184      0.19393      0.17310
     2.01602      0.19849      0.17625
     2.06019      0.20295      0.17949
     2.10437      0.20736      0.18284
     2.14854      0.21240      0.18631
     2.19272      0.21741      0.18988
     2.23689      0.22236      0.19354
     2.28106      0.22721      0.19725
     2.32524      0.23196      0.20100
     2.36941      0.23661      0.20478
     2.41359      0.24119      0.20862
     2.45776      0.24574      0.21255
     2.50194      0.25028      0.21661
     2.54611      0.25484      0.22080
     2.59029      0.25941      0.22515
     2.63446      0.26399      0.22966
     2.67864      0.26858      0.23430
     2.72281      0.27315      0.23906
     2.76699      0.27772      0.24393
     2.81116      0.28226      0.24889
     2.85533      0.28676      0.25391
     2.89951      0.29120      0.25899
     2.94368      0.29558      0.26410
     2.98786      0.29990      0.26928
     3.03203      0.30420      0.27455
     3.07621      0.30852      0.27931
     3.12038      0.31291      0.28218
     3.16456      0.31740      0.28510
