# T/Tc, energy/T^4_max,energy/T^4_min
     0.63291      4.87285      0.00033
     0.65486      4.44074      0.00034
     0.67680      4.10932      0.00035
     0.69875      3.86665      0.00037
     0.72069      3.70311      0.00040
     0.74264      3.61012      0.00044
     0.76458      3.57907      0.00049
     0.78653      3.60062      0.00057
     0.80847      3.66473      0.00068
     0.83042      3.76141      0.00081
     0.85236      3.88219      0.00098
     0.87431      4.02182      0.00118
     0.89625      4.17942      0.00141
     0.91820      4.35889      0.00167
     0.94014      4.56783      0.00197
     0.96209      4.81527      0.00231
     0.98403      5.10810      0.00271
     1.00598      5.44695      0.00318
     1.02792      5.82311      0.00375
     1.04987      6.21816      0.00440
     1.07181      6.64671      0.00513
     1.09376      7.03225      0.00592
     1.11571      7.35989      0.00676
     1.13765      7.62997      0.00764
     1.15960      7.85465      0.00855
     1.18154      8.05516      0.00949
     1.20349      8.23490      0.01048
     1.22543      8.40727      0.01153
     1.24738      8.58173      0.01266
     1.26932      8.76348      0.01388
     1.29127      8.95401      0.01521
     1.31321      9.15170      0.01666
     1.33516      9.35298      0.01824
     1.35710      9.56126      0.01992
     1.37905      9.77618      0.02170
     1.40099      9.98126      0.02358
     1.42294     10.17195      0.02556
     1.44488     10.34492      0.02763
     1.46683     10.49832      0.02979
     1.48877     10.63166      0.03202
     1.51072     10.74559      0.03432
     1.53266     10.84167      0.03670
     1.55461     10.92201      0.03916
     1.57655     10.98910      0.04169
     1.59850     11.04544      0.04431
     1.62044     11.09352      0.04701
     1.64239     11.13566      0.04980
     1.66433     11.17385      0.05271
     1.68628     11.20980      0.05573
     1.70822     11.24535      0.05890
     1.73017     11.29718      0.06220
     1.75212     11.34996      0.06567
     1.77406     11.40404      0.06929
     1.79601     11.45954      0.07310
     1.81795     11.51630      0.07708
     1.83990     11.57403      0.08124
     1.86184     11.63229      0.08560
     1.88379     11.69059      0.09016
     1.90573     11.74842      0.09492
     1.92768     11.80528      0.09989
     1.94962     11.86074      0.10506
     1.97157     11.91439      0.11045
     1.99351     11.96593      0.11590
     2.01546     12.01510      0.12155
     2.03740     12.06172      0.12740
     2.05935     12.10570      0.13344
     2.08129     12.14700      0.13969
     2.10324     12.18570      0.14615
     2.12518     12.22190      0.15280
     2.14713     12.25583      0.15968
     2.16907     12.29772      0.16676
     2.19102     12.33979      0.17408
     2.21296     12.38010      0.18162
     2.23491     12.41891      0.18941
     2.25685     12.45642      0.19745
     2.27880     12.49279      0.20574
     2.30074     12.52808      0.21431
     2.32269     12.56227      0.22315
     2.34463     12.59527      0.23228
     2.36658     12.62689      0.24170
     2.38852     12.65692      0.25141
     2.41047     12.68511      0.26142
     2.43242     12.71122      0.27172
     2.45436     12.73505      0.28231
     2.47631     12.75643      0.29320
     2.49825     12.77529      0.30438
     2.52020     12.79156      0.31585
     2.54214     12.80530      0.32762
     2.56409     12.81658      0.33967
     2.58603     12.82551      0.35203
     2.60798     12.83270      0.36469
     2.62992     12.83807      0.37765
     2.65187     12.84153      0.39094
     2.67381     12.84325      0.40454
     2.69576     12.84337      0.41849
     2.71770     12.84205      0.43277
     2.73965     12.84255      0.44742
     2.76159     12.84737      0.46243
     2.78354     12.85664      0.47780
     2.80548     12.86587      0.49323
     2.82743     12.87523      0.50904
     2.84937     12.88486      0.52526
     2.87132     12.89492      0.54182
     2.89326     12.90550      0.55819
     2.91521     12.91664      0.57492
     2.93715     12.92830      0.59200
     2.95910     12.94037      0.60945
     2.98104     12.95614      0.62725
     3.00299     12.97526      0.64541
     3.02493     12.99410      0.66390
     3.04688     13.01231      0.68273
     3.06883     13.02958      0.70188
     3.09077     13.04570      0.72132
     3.11272     13.06050      0.74106
     3.13466     13.07394      0.76107
     3.15661     13.08598      0.78135
     3.17855     13.09666      0.80190
     3.20050     13.10599      0.82271
     3.22244     13.11390      0.84378
     3.24439     13.12021      0.86511
     3.26633     13.12463      0.88669
     3.28828     13.12676      0.90853
     3.31022     13.12609      0.93060
     3.33217     13.12206      0.95290
     3.35411     13.11414      0.97540
     3.37606     13.10185      0.99808
     3.39800     13.08477      1.02091
     3.41995     13.06261      1.04387
     3.44189     13.03519      1.06693
     3.46384     13.00241      1.09007
     3.48578     12.96428      1.11326
     3.50773     12.92082      1.13649
     3.52967     12.87218      1.15974
     3.55162     12.81847      1.18299
     3.57356     12.75988      1.20624
     3.59551     12.69662      1.22948
     3.61745     12.62892      1.25271
     3.63940     12.55710      1.27591
     3.66134     12.48145      1.29909
     3.68329     12.40240      1.32224
     3.70524     12.32035      1.34537
     3.72718     12.23577      1.36847
     3.74913     12.14917      1.39155
     3.77107     12.06109      1.41463
     3.79302     11.97205      1.43772
     3.81496     11.88262      1.46083
     3.83691     11.79333      1.48399
     3.85885     11.70471      1.50722
     3.88080     11.61727      1.53057
     3.90274     11.53147      1.55357
     3.92469     11.44777      1.57664
     3.94663     11.36655      1.59992
     3.96858     11.28818      1.62345
     3.99052     11.21296      1.64728
     4.01247     11.14116      1.67145
     4.03441     11.07296      1.69601
     4.05636     11.00856      1.72100
     4.07830     10.94801      1.74648
     4.10025     10.89137      1.77247
     4.12219     10.83864      1.79903
     4.14414     10.78973      1.82620
     4.16608     10.74453      1.85401
     4.18803     10.70285      1.88248
     4.20997     10.66448      1.91165
     4.23192     10.62913      1.94153
     4.25386     10.59648      1.97215
     4.27581     10.56619      2.00350
     4.29775     10.53789      2.03558
     4.31970     10.51118      2.06840
     4.34164     10.48566      2.10192
     4.36359     10.46096      2.13613
     4.38554     10.43667      2.17100
     4.40748     10.41247      2.20649
     4.42943     10.38802      2.24256
     4.45137     10.36307      2.27915
     4.47332     10.33740      2.31623
     4.49526     10.31085      2.35374
     4.51721     10.28334      2.39163
     4.53915     10.25483      2.42984
     4.56110     10.22540      2.46834
     4.58304     10.19515      2.50709
     4.60499     10.16430      2.54604
     4.62693     10.13314      2.58517
     4.64888     10.10203      2.62448
     4.67082     10.07141      2.66395
     4.69277     10.04181      2.70359
     4.71471     10.01383      2.74343
     4.73666      9.98819      2.78351
     4.75860      9.96564      2.82388
     4.78055      9.94702      2.86463
     4.80249      9.93323      2.90585
     4.82444      9.92519      2.94767
     4.84638      9.92373      2.99025
     4.86833      9.92960      3.03378
     4.89027      9.94320      3.07848
     4.91222      9.96448      3.12462
     4.93416      9.99261      3.17252
     4.95611     10.02580      3.22255
     4.97805     10.06102      3.27510
     5.00000     10.09409      3.33062
