# T/Tc, I/T^4_max,I/T^4_min
     0.63291      8.16565      4.00525
     0.65486      6.96193      3.28848
     0.67680      5.99152      2.72152
     0.69875      5.21371      2.28097
     0.72069      4.59612      1.95062
     0.74264      4.11212      1.71967
     0.76458      3.73876      1.58052
     0.78653      3.45545      1.52583
     0.80847      3.24344      1.54499
     0.83042      3.08612      1.62173
     0.85236      2.97017      1.73494
     0.87431      2.88664      1.86353
     0.89625      2.83177      1.97529
     0.91820      2.80683      2.08776
     0.94014      2.81676      2.19804
     0.96209      2.86772      2.31808
     0.98403      2.96353      2.46821
     1.00598      3.10195      2.65341
     1.02792      3.27193      2.86953
     1.04987      3.46101      3.10198
     1.07181      3.66999      3.32860
     1.09376      3.82731      3.52611
     1.11571      3.92370      3.67738
     1.13765      3.97058      3.77576
     1.15960      3.97941      3.82523
     1.18154      3.95663      3.83718
     1.20349      3.91894      3.82620
     1.22543      3.88454      3.79599
     1.24738      3.85834      3.76692
     1.26932      3.84399      3.75238
     1.29127      3.84266      3.75292
     1.31321      3.85224      3.76573
     1.33516      3.87730      3.78345
     1.35710      3.90617      3.80309
     1.37905      3.93246      3.81993
     1.40099      3.95081      3.83009
     1.42294      3.95708      3.82909
     1.44488      3.94850      3.81114
     1.46683      3.92965      3.78034
     1.48877      3.89863      3.73690
     1.51072      3.85205      3.68188
     1.53266      3.79167      3.61512
     1.55461      3.71978      3.53672
     1.57655      3.63901      3.45255
     1.59850      3.55206      3.36488
     1.62044      3.46149      3.27589
     1.64239      3.36962      3.18753
     1.66433      3.27845      3.10153
     1.68628      3.18958      3.01929
     1.70822      3.10427      2.94194
     1.73017      3.02340      2.87031
     1.75212      2.95842      2.80490
     1.77406      2.90307      2.74600
     1.79601      2.85245      2.69362
     1.81795      2.80613      2.64758
     1.83990      2.76362      2.60751
     1.86184      2.72428      2.57292
     1.88379      2.68747      2.53586
     1.90573      2.65252      2.50003
     1.92768      2.61886      2.46729
     1.94962      2.58594      2.43704
     1.97157      2.55331      2.40718
     1.99351      2.52059      2.37432
     2.01546      2.48752      2.34237
     2.03740      2.45386      2.31099
     2.05935      2.41974      2.27984
     2.08129      2.39590      2.24871
     2.10324      2.37111      2.21746
     2.12518      2.34539      2.18609
     2.14713      2.31885      2.15466
     2.16907      2.29230      2.12334
     2.19102      2.26554      2.09234
     2.21296      2.23852      2.06191
     2.23491      2.21380      2.03230
     2.25685      2.18934      2.00374
     2.27880      2.16500      1.97642
     2.30074      2.14081      1.95045
     2.32269      2.11670      1.92585
     2.34463      2.09255      1.90259
     2.36658      2.06815      1.88052
     2.38852      2.04324      1.85945
     2.41047      2.01756      1.83911
     2.43242      1.99084      1.81920
     2.45436      1.96290      1.79945
     2.47631      1.93357      1.77959
     2.49825      1.90279      1.75908
     2.52020      1.87057      1.72951
     2.54214      1.83698      1.69959
     2.56409      1.80213      1.66937
     2.58603      1.76619      1.63888
     2.60798      1.73180      1.60822
     2.62992      1.69821      1.57750
     2.65187      1.66440      1.54681
     2.67381      1.63050      1.51625
     2.69576      1.59665      1.48594
     2.71770      1.56291      1.45596
     2.73965      1.52942      1.42647
     2.76159      1.50144      1.39758
     2.78354      1.47537      1.36946
     2.80548      1.45471      1.34227
     2.82743      1.43537      1.31509
     2.84937      1.41729      1.27681
     2.87132      1.40056      1.23928
     2.89326      1.38523      1.20256
     2.91521      1.37127      1.16674
     2.93715      1.35856      1.13175
     2.95910      1.34693      1.09751
     2.98104      1.33609      1.06385
     3.00299      1.32572      1.03056
     3.02493      1.31545      0.99737
     3.04688      1.30495      0.96404
     3.06883      1.29389      0.93026
     3.09077      1.28203      0.89585
     3.11272      1.26920      0.86061
     3.13466      1.25536      0.82445
     3.15661      1.24049      0.78731
     3.17855      1.22463      0.74919
     3.20050      1.20831      0.71017
     3.22244      1.19162      0.67030
     3.24439      1.17385      0.62967
     3.26633      1.15472      0.58830
     3.28828      1.13386      0.54621
     3.31022      1.11078      0.50334
     3.33217      1.08499      0.45959
     3.35411      1.05599      0.41483
     3.37606      1.02334      0.36888
     3.39800      0.98672      0.32160
     3.41995      0.94590      0.27282
     3.44189      0.90075      0.22245
     3.46384      0.85126      0.17039
     3.48578      0.79750      0.11662
     3.50773      0.73957      0.06117
     3.52967      0.67766      0.00409
     3.55162      0.61195     -0.05453
     3.57356      0.54269     -0.11456
     3.59551      0.47012     -0.17587
     3.61745      0.39453     -0.23833
     3.63940      0.31625     -0.30178
     3.66134      0.23563     -0.36608
     3.68329      0.15308     -0.43108
     3.70524      0.06905     -0.49661
     3.72718      0.00000     -0.56251
     3.74913      0.00000     -0.62860
     3.77107      0.00000     -0.69471
     3.79302      0.00000     -0.76533
     3.81496      0.00000     -0.83529
     3.83691      0.00000     -0.90436
     3.85885      0.00000     -0.97231
     3.88080      0.00000     -1.03891
     3.90274      0.00000     -1.10393
     3.92469      0.00000     -1.16715
     3.94663      0.00000     -1.22835
     3.96858      0.00000     -1.28733
     3.99052      0.00000     -1.34390
     4.01247      0.00000     -1.39789
     4.03441      0.00000     -1.44914
     4.05636      0.00000     -1.49753
     4.07830      0.00000     -1.54294
     4.10025      0.00000     -1.58530
     4.12219      0.00000     -1.62456
     4.14414      0.00000     -1.66069
     4.16608      0.00000     -1.69369
     4.18803      0.00000     -1.72361
     4.20997      0.00000     -1.75051
     4.23192      0.00000     -1.77448
     4.25386      0.00000     -1.79564
     4.27581      0.00000     -1.81416
     4.29775      0.00000     -1.83021
     4.31970      0.00000     -1.84400
     4.34164      0.00000     -1.85575
     4.36359      0.00000     -1.86571
     4.38554      0.00000     -1.87413
     4.40748      0.00000     -1.88127
     4.42943      0.00000     -1.88741
     4.45137      0.00000     -1.89280
     4.47332      0.00000     -1.89769
     4.49526      0.00000     -1.90233
     4.51721      0.00000     -1.90693
     4.53915      0.00000     -1.91167
     4.56110      0.00000     -1.91672
     4.58304      0.00000     -1.92220
     4.60499      0.00000     -1.92820
     4.62693      0.00000     -1.93477
     4.64888      0.00000     -1.94192
     4.67082      0.00000     -1.94963
     4.69277      0.00000     -1.95781
     4.71471      0.00000     -1.96635
     4.73666      0.00000     -1.97510
     4.75860      0.00000     -1.98387
     4.78055      0.00000     -1.99238
     4.80249      0.00000     -2.00037
     4.82444      0.00000     -2.00749
     4.84638      0.00000     -2.01333
     4.86833      0.00000     -2.01744
     4.89027      0.00000     -2.01931
     4.91222      0.00000     -2.01834
     4.93416      0.00000     -2.01388
     4.95611      0.00000     -2.00519
     4.97805      0.00000     -1.99151
     5.00000      0.00000     -1.97208
