# T/Tc, P/T^4_max,P/T^4_min
     0.63291      0.00000     -1.09760
     0.65486      0.00000     -0.84040
     0.67680      0.00000     -0.62740
     0.69875      0.07683     -0.44902
     0.72069      0.14202     -0.29767
     0.74264      0.19684     -0.16733
     0.76458      0.24469     -0.05323
     0.78653      0.28846      0.04839
     0.80847      0.33056      0.14043
     0.83042      0.37471      0.22510
     0.85236      0.41975      0.30401
     0.87431      0.46755      0.37839
     0.89625      0.51625      0.44922
     0.91820      0.56589      0.51735
     0.94014      0.61659      0.58369
     0.96209      0.66864      0.64919
     0.98403      0.72255      0.71485
     1.00598      0.78167      0.77896
     1.02792      0.85039      0.83850
     1.04987      0.92143      0.90155
     1.07181      0.99467      0.96809
     1.09376      1.06957      1.03761
     1.11571      1.14540      1.10924
     1.13765      1.22229      1.18191
     1.15960      1.29803      1.25459
     1.18154      1.37197      1.32647
     1.20349      1.44385      1.39701
     1.22543      1.51366      1.46597
     1.24738      1.58156      1.53337
     1.26932      1.64784      1.59938
     1.29127      1.71278      1.66423
     1.31321      1.77663      1.72821
     1.33516      1.83958      1.79152
     1.35710      1.90174      1.85431
     1.37905      1.96310      1.91664
     1.40099      2.02366      1.97845
     1.42294      2.08361      2.03963
     1.44488      2.14240      2.10000
     1.46683      2.20020      2.15937
     1.48877      2.25699      2.21752
     1.51072      2.31223      2.27424
     1.53266      2.36577      2.32938
     1.55461      2.41753      2.38266
     1.57655      2.46742      2.43271
     1.59850      2.51543      2.48096
     1.62044      2.56156      2.52738
     1.64239      2.60605      2.57202
     1.66433      2.64947      2.61493
     1.68628      2.69114      2.65618
     1.70822      2.73114      2.69586
     1.73017      2.76957      2.73408
     1.75212      2.80655      2.77093
     1.77406      2.84217      2.80654
     1.79601      2.87654      2.84099
     1.81795      2.90974      2.87441
     1.83990      2.94188      2.90687
     1.86184      2.97303      2.93847
     1.88379      3.00326      2.96929
     1.90573      3.03264      2.99938
     1.92768      3.06214      3.02881
     1.94962      3.09160      3.05761
     1.97157      3.12036      3.08583
     1.99351      3.14845      3.11348
     2.01546      3.17586      3.14059
     2.03740      3.20262      3.16717
     2.05935      3.22873      3.19321
     2.08129      3.25419      3.21874
     2.10324      3.27901      3.24374
     2.12518      3.30320      3.26822
     2.14713      3.32677      3.29218
     2.16907      3.34972      3.31532
     2.19102      3.37207      3.33672
     2.21296      3.39383      3.35760
     2.23491      3.41502      3.37796
     2.25685      3.43565      3.39783
     2.27880      3.45575      3.41724
     2.30074      3.47533      3.43619
     2.32269      3.49442      3.45471
     2.34463      3.51303      3.47283
     2.36658      3.53119      3.49057
     2.38852      3.54890      3.50793
     2.41047      3.56618      3.52495
     2.43242      3.58304      3.54163
     2.45436      3.59949      3.55797
     2.47631      3.61554      3.57399
     2.49825      3.63129      3.58970
     2.52020      3.64760      3.60508
     2.54214      3.66348      3.62015
     2.56409      3.67893      3.63490
     2.58603      3.69395      3.64933
     2.60798      3.70852      3.66345
     2.62992      3.72267      3.67726
     2.65187      3.73638      3.69075
     2.67381      3.74965      3.70394
     2.69576      3.76250      3.71683
     2.71770      3.77493      3.72942
     2.73965      3.78693      3.74173
     2.76159      3.79852      3.75376
     2.78354      3.80971      3.76552
     2.80548      3.82049      3.77702
     2.82743      3.83089      3.78828
     2.84937      3.84091      3.79931
     2.87132      3.85056      3.81012
     2.89326      3.85986      3.82072
     2.91521      3.86881      3.83113
     2.93715      3.87743      3.84137
     2.95910      3.88573      3.85144
     2.98104      3.89371      3.86135
     3.00299      3.90139      3.87111
     3.02493      3.90899      3.88073
     3.04688      3.91676      3.89020
     3.06883      3.92452      3.89952
     3.09077      3.93319      3.90870
     3.11272      3.94168      3.91773
     3.13466      3.94998      3.92660
     3.15661      3.95809      3.93530
     3.17855      3.96601      3.94384
     3.20050      3.97373      3.95221
     3.22244      3.98126      3.96001
     3.24439      3.98858      3.96505
     3.26633      3.99570      3.96979
     3.28828      4.00260      3.97421
     3.31022      4.00928      3.97780
     3.33217      4.01572      3.98098
     3.35411      4.02191      3.98385
     3.37606      4.02784      3.98640
     3.39800      4.03349      3.98864
     3.41995      4.03891      3.99056
     3.44189      4.04481      3.99214
     3.46384      4.05038      3.99339
     3.48578      4.05559      3.99430
     3.50773      4.06042      3.99486
     3.52967      4.06484      3.99506
     3.55162      4.06884      3.99491
     3.57356      4.07240      3.99439
     3.59551      4.07550      3.99350
     3.61745      4.07813      3.99224
     3.63940      4.08028      3.99061
     3.66134      4.08194      3.98860
     3.68329      4.08310      3.98622
     3.70524      4.08377      3.98346
     3.72718      4.08392      3.98034
     3.74913      4.08358      3.97684
     3.77107      4.08274      3.97298
     3.79302      4.08140      3.96876
     3.81496      4.07959      3.96418
     3.83691      4.07731      3.95926
     3.85885      4.07458      3.95399
     3.88080      4.07141      3.94840
     3.90274      4.06783      3.94249
     3.92469      4.06386      3.93627
     3.94663      4.05952      3.92977
     3.96858      4.05484      3.92298
     3.99052      4.04984      3.91594
     4.01247      4.04455      3.90864
     4.03441      4.03899      3.90113
     4.05636      4.03320      3.89340
     4.07830      4.02720      3.88549
     4.10025      4.02101      3.87740
     4.12219      4.01466      3.86917
     4.14414      4.00818      3.86080
     4.16608      4.00159      3.85232
     4.18803      3.99491      3.84376
     4.20997      3.98817      3.83512
     4.23192      3.98137      3.82642
     4.25386      3.97453      3.81769
     4.27581      3.96768      3.80893
     4.29775      3.96081      3.80017
     4.31970      3.95395      3.79142
     4.34164      3.94709      3.78268
     4.36359      3.94025      3.77330
     4.38554      3.93342      3.76392
     4.40748      3.92660      3.75454
     4.42943      3.91980      3.74518
     4.45137      3.91301      3.73584
     4.47332      3.90623      3.72652
     4.49526      3.89946      3.71722
     4.51721      3.89268      3.70795
     4.53915      3.88590      3.69869
     4.56110      3.87912      3.68946
     4.58304      3.87232      3.68025
     4.60499      3.86550      3.67105
     4.62693      3.85866      3.66187
     4.64888      3.85181      3.65270
     4.67082      3.84494      3.64354
     4.69277      3.83806      3.63438
     4.71471      3.83118      3.62522
     4.73666      3.82429      3.61607
     4.75860      3.81742      3.60692
     4.78055      3.81059      3.59778
     4.80249      3.80380      3.58863
     4.82444      3.79709      3.57950
     4.84638      3.79047      3.57037
     4.86833      3.78398      3.56126
     4.89027      3.77766      3.55219
     4.91222      3.77152      3.54315
     4.93416      3.76560      3.53416
     4.95611      3.75993      3.52524
     4.97805      3.75450      3.51641
     5.00000      3.74932      3.50769
