# T/Tc, sigma/T(strange)_max,sigma/T(strange)_min, sigma/T(full)_max, sigma/T(full)_min
     1.00000      0.00040      0.00028      0.00489      0.00249
     1.04417      0.00049      0.00036      0.00548      0.00304
     1.08835      0.00057      0.00043      0.00601      0.00359
     1.13252      0.00066      0.00051      0.00645      0.00412
     1.17670      0.00074      0.00059      0.00681      0.00463
     1.22087      0.00081      0.00066      0.00710      0.00510
     1.26505      0.00088      0.00074      0.00732      0.00553
     1.30922      0.00095      0.00081      0.00749      0.00592
     1.35340      0.00101      0.00088      0.00762      0.00627
     1.39757      0.00106      0.00094      0.00771      0.00658
     1.44175      0.00113      0.00101      0.00779      0.00682
     1.48592      0.00121      0.00105      0.00786      0.00700
     1.53010      0.00128      0.00110      0.00792      0.00716
     1.57427      0.00135      0.00114      0.00803      0.00728
     1.61844      0.00142      0.00118      0.00830      0.00738
     1.66262      0.00149      0.00122      0.00856      0.00747
     1.70679      0.00155      0.00126      0.00882      0.00756
     1.75097      0.00162      0.00130      0.00906      0.00765
     1.79514      0.00168      0.00135      0.00930      0.00774
     1.83932      0.00174      0.00139      0.00953      0.00783
     1.88349      0.00179      0.00143      0.00976      0.00792
     1.92767      0.00185      0.00148      0.00998      0.00795
     1.97184      0.00190      0.00151      0.01019      0.00799
     2.01602      0.00195      0.00155      0.01039      0.00803
     2.06019      0.00203      0.00159      0.01061      0.00808
     2.10437      0.00210      0.00162      0.01083      0.00813
     2.14854      0.00217      0.00166      0.01103      0.00819
     2.19272      0.00224      0.00170      0.01123      0.00826
     2.23689      0.00231      0.00173      0.01142      0.00833
     2.28106      0.00238      0.00177      0.01160      0.00841
     2.32524      0.00244      0.00181      0.01177      0.00850
     2.36941      0.00250      0.00185      0.01193      0.00860
     2.41359      0.00256      0.00189      0.01209      0.00870
     2.45776      0.00261      0.00193      0.01223      0.00881
     2.50194      0.00267      0.00198      0.01237      0.00893
     2.54611      0.00272      0.00202      0.01250      0.00906
     2.59029      0.00277      0.00207      0.01263      0.00920
     2.63446      0.00283      0.00212      0.01276      0.00935
     2.67864      0.00288      0.00217      0.01287      0.00951
     2.72281      0.00294      0.00221      0.01298      0.00966
     2.76699      0.00299      0.00224      0.01309      0.00982
     2.81116      0.00304      0.00228      0.01319      0.00998
     2.85533      0.00308      0.00231      0.01328      0.01016
     2.89951      0.00313      0.00234      0.01337      0.01033
     2.94368      0.00318      0.00237      0.01345      0.01052
     2.98786      0.00322      0.00240      0.01353      0.01071
     3.03203      0.00326      0.00243      0.01376      0.01091
     3.07621      0.00330      0.00246      0.01418      0.01112
     3.12038      0.00334      0.00249      0.01461      0.01134
     3.16456      0.00338      0.00252      0.01506      0.01156
