# T/Tc, cs_max,cs_min
     0.63291      0.81604      0.52306
     0.65486      0.59151      0.43039
     0.67680      0.43603      0.36165
     0.69875      0.34323      0.28960
     0.72069      0.28740      0.23928
     0.74264      0.24870      0.20317
     0.76458      0.22999      0.18134
     0.78653      0.21634      0.16894
     0.80847      0.20582      0.16228
     0.83042      0.19697      0.15714
     0.85236      0.18885      0.15384
     0.87431      0.18113      0.15052
     0.89625      0.17403      0.14740
     0.91820      0.16810      0.14501
     0.94014      0.16399      0.14376
     0.96209      0.16219      0.14361
     0.98403      0.16292      0.14593
     1.00598      0.16604      0.15072
     1.02792      0.17111      0.15755
     1.04987      0.17746      0.16564
     1.07181      0.18432      0.17313
     1.09376      0.19105      0.18054
     1.11571      0.19722      0.18751
     1.13765      0.20267      0.19377
     1.15960      0.20740      0.19927
     1.18154      0.21145      0.20400
     1.20349      0.21540      0.20799
     1.22543      0.21863      0.21124
     1.24738      0.22116      0.21385
     1.26932      0.22318      0.21597
     1.29127      0.22500      0.21785
     1.31321      0.22692      0.21976
     1.33516      0.22936      0.22195
     1.35710      0.23224      0.22459
     1.37905      0.23562      0.22779
     1.40099      0.23952      0.23159
     1.42294      0.24389      0.23595
     1.44488      0.24863      0.24080
     1.46683      0.25361      0.24602
     1.48877      0.25869      0.25147
     1.51072      0.26371      0.25700
     1.53266      0.26850      0.26234
     1.55461      0.27293      0.26645
     1.57655      0.27687      0.27017
     1.59850      0.28023      0.27341
     1.62044      0.28295      0.27614
     1.64239      0.28518      0.27835
     1.66433      0.28727      0.28005
     1.68628      0.28879      0.28130
     1.70822      0.28980      0.28215
     1.73017      0.29040      0.28270
     1.75212      0.29067      0.28302
     1.77406      0.29071      0.28321
     1.79601      0.29059      0.28333
     1.81795      0.29039      0.28346
     1.83990      0.29018      0.28306
     1.86184      0.29000      0.28259
     1.88379      0.28990      0.28226
     1.90573      0.28991      0.28201
     1.92768      0.29004      0.28178
     1.94962      0.29032      0.28178
     1.97157      0.29078      0.28200
     1.99351      0.29136      0.28244
     2.01546      0.29205      0.28307
     2.03740      0.29282      0.28388
     2.05935      0.29366      0.28481
     2.08129      0.29452      0.28584
     2.10324      0.29539      0.28693
     2.12518      0.29642      0.28805
     2.14713      0.29757      0.28916
     2.16907      0.29863      0.29024
     2.19102      0.29959      0.29129
     2.21296      0.30045      0.29229
     2.23491      0.30122      0.29326
     2.25685      0.30191      0.29421
     2.27880      0.30254      0.29516
     2.30074      0.30315      0.29613
     2.32269      0.30375      0.29716
     2.34463      0.30436      0.29826
     2.36658      0.30502      0.29921
     2.38852      0.30572      0.30007
     2.41047      0.30648      0.30084
     2.43242      0.30731      0.30171
     2.45436      0.30820      0.30258
     2.47631      0.30915      0.30330
     2.49825      0.31014      0.30409
     2.52020      0.31115      0.30494
     2.54214      0.31285      0.30582
     2.56409      0.31458      0.30672
     2.58603      0.31629      0.30761
     2.60798      0.31798      0.30847
     2.62992      0.31963      0.30926
     2.65187      0.32122      0.30997
     2.67381      0.32274      0.31059
     2.69576      0.32418      0.31108
     2.71770      0.32553      0.31145
     2.73965      0.32678      0.31169
     2.76159      0.32792      0.31180
     2.78354      0.32896      0.31178
     2.80548      0.32990      0.31165
     2.82743      0.33074      0.31144
     2.84937      0.33152      0.31116
     2.87132      0.33224      0.31086
     2.89326      0.33295      0.31057
     2.91521      0.33368      0.31033
     2.93715      0.33447      0.31016
     2.95910      0.33534      0.31010
     2.98104      0.33633      0.31018
     3.00299      0.33746      0.31041
     3.02493      0.33876      0.31080
     3.04688      0.34023      0.31132
     3.06883      0.34186      0.31199
     3.09077      0.34366      0.31280
     3.11272      0.34561      0.31374
     3.13466      0.34768      0.31481
     3.15661      0.34988      0.31605
     3.17855      0.35219      0.31746
     3.20050      0.35460      0.31909
     3.22244      0.35712      0.32097
     3.24439      0.35977      0.32316
     3.26633      0.36255      0.32570
     3.28828      0.36550      0.32864
     3.31022      0.36863      0.33202
     3.33217      0.37199      0.33587
     3.35411      0.37560      0.34023
     3.37606      0.37947      0.34510
     3.39800      0.38435      0.35049
     3.41995      0.38958      0.35641
     3.44189      0.39514      0.36282
     3.46384      0.40101      0.36973
     3.48578      0.40716      0.37708
     3.50773      0.41356      0.38484
     3.52967      0.42018      0.39297
     3.55162      0.42696      0.40123
     3.57356      0.43387      0.40887
     3.59551      0.44085      0.41620
     3.61745      0.44786      0.42359
     3.63940      0.45485      0.43096
     3.66134      0.46176      0.43825
     3.68329      0.46855      0.44535
     3.70524      0.47515      0.45219
     3.72718      0.48151      0.45865
     3.74913      0.48756      0.46463
     3.77107      0.49324      0.47001
     3.79302      0.49846      0.47467
     3.81496      0.50316      0.47852
     3.83691      0.50730      0.48146
     3.85885      0.51117      0.48343
     3.88080      0.51415      0.48438
     3.90274      0.51617      0.48431
     3.92469      0.51721      0.48321
     3.94663      0.51724      0.48115
     3.96858      0.51628      0.47819
     3.99052      0.51462      0.47444
     4.01247      0.51239      0.47001
     4.03441      0.50941      0.46502
     4.05636      0.50575      0.45951
     4.07830      0.50150      0.45239
     4.10025      0.49676      0.44523
     4.12219      0.49162      0.43818
     4.14414      0.48619      0.43138
     4.16608      0.48058      0.42492
     4.18803      0.47491      0.41892
     4.20997      0.46926      0.41344
     4.23192      0.46374      0.40854
     4.25386      0.45845      0.40429
     4.27581      0.45345      0.40060
     4.29775      0.44882      0.39653
     4.31970      0.44462      0.39312
     4.34164      0.44091      0.39038
     4.36359      0.43772      0.38832
     4.38554      0.43507      0.38692
     4.40748      0.43300      0.38616
     4.42943      0.43150      0.38600
     4.45137      0.43058      0.38638
     4.47332      0.43021      0.38725
     4.49526      0.43037      0.38851
     4.51721      0.43103      0.39007
     4.53915      0.43213      0.39179
     4.56110      0.43362      0.39355
     4.58304      0.43542      0.39518
     4.60499      0.43744      0.39648
     4.62693      0.43957      0.39727
     4.64888      0.44169      0.39731
     4.67082      0.44367      0.39638
     4.69277      0.44534      0.39425
     4.71471      0.44654      0.39071
     4.73666      0.44707      0.38543
     4.75860      0.44672      0.37680
     4.78055      0.44530      0.36698
     4.80249      0.44257      0.35636
     4.82444      0.43835      0.34550
     4.84638      0.43246      0.33507
     4.86833      0.42481      0.32581
     4.89027      0.41538      0.31531
     4.91222      0.40429      0.30625
     4.93416      0.39182      0.29961
     4.95611      0.37842      0.29601
     4.97805      0.36471      0.29597
     5.00000      0.35140      0.29460
