# T/Tc, sigma/T(strange)_max,sigma/T(strange)_min, sigma/T(full)_max, sigma/T(full)_min
     1.00000      0.00040      0.00028      0.00489      0.00249
     1.07464      0.00055      0.00041      0.00585      0.00342
     1.14928      0.00069      0.00054      0.00660      0.00431
     1.22392      0.00082      0.00067      0.00712      0.00513
     1.29856      0.00093      0.00079      0.00746      0.00583
     1.37320      0.00103      0.00091      0.00766      0.00641
     1.44784      0.00114      0.00102      0.00780      0.00685
     1.52248      0.00127      0.00109      0.00791      0.00713
     1.59712      0.00139      0.00116      0.00817      0.00733
     1.67176      0.00150      0.00123      0.00861      0.00749
     1.74640      0.00161      0.00130      0.00904      0.00764
     1.82104      0.00171      0.00137      0.00944      0.00779
     1.89568      0.00181      0.00145      0.00982      0.00793
     1.97032      0.00190      0.00151      0.01018      0.00799
     2.04496      0.00200      0.00157      0.01054      0.00806
     2.11960      0.00213      0.00164      0.01090      0.00815
     2.19424      0.00224      0.00170      0.01124      0.00826
     2.26888      0.00236      0.00176      0.01155      0.00839
     2.34352      0.00247      0.00183      0.01184      0.00854
     2.41816      0.00256      0.00190      0.01210      0.00871
     2.49280      0.00266      0.00197      0.01234      0.00891
     2.56744      0.00274      0.00205      0.01256      0.00913
     2.64208      0.00284      0.00213      0.01278      0.00938
     2.71672      0.00293      0.00220      0.01297      0.00964
     2.79136      0.00301      0.00226      0.01314      0.00991
     2.86600      0.00310      0.00232      0.01330      0.01020
     2.94064      0.00317      0.00237      0.01345      0.01051
     3.01528      0.00325      0.00242      0.01361      0.01084
     3.08992      0.00332      0.00247      0.01431      0.01119
     3.16456      0.00338      0.00252      0.01506      0.01156
