# T/Tc, g_max^2, g_min^2
     0.98101     84.11494     57.27039
     0.99835     81.47949     55.98397
     1.01568     79.62650     54.72120
     1.03301     77.75439     53.48338
     1.05035     75.86548     52.27147
     1.06768     73.96207     51.08620
     1.08501     72.04694     49.92806
     1.10235     70.12283     48.79726
     1.11968     68.19302     47.69389
     1.13701     66.26070     46.61774
     1.15435     64.32948     45.56851
     1.17168     62.40292     44.38094
     1.18901     60.48485     43.00935
     1.20635     58.57913     41.69427
     1.22368     56.68972     40.43386
     1.24102     54.82055     39.22609
     1.25835     52.97554     38.06893
     1.27568     51.15848     36.96040
     1.29302     49.37306     35.89843
     1.31035     47.62277     34.88097
     1.32768     45.91082     33.90607
     1.34502     44.24020     32.97175
     1.36235     42.61362     32.07613
     1.37968     41.03334     31.21735
     1.39702     39.50133     30.39360
     1.41435     38.01917     29.60316
     1.43168     36.58809     28.84438
     1.44902     35.20891     28.11572
     1.46635     33.88209     27.41554
     1.48368     32.60776     26.74248
     1.50102     31.38575     26.09517
     1.51835     30.21556     25.47222
     1.53568     29.09642     24.87246
     1.55302     28.25080     24.29467
     1.57035     27.43398     23.73773
     1.58769     26.63923     23.20062
     1.60502     25.86629     22.68230
     1.62235     25.11489     22.18185
     1.63969     24.38479     21.69838
     1.65702     23.67572     21.23104
     1.67435     22.98746     20.77903
     1.69169     22.41963     20.34165
     1.70902     21.88036     19.91815
     1.72635     21.35199     19.50788
     1.74369     20.83456     19.11023
     1.76102     20.32813     18.56730
     1.77835     19.83278     18.00871
     1.79569     19.34852     17.47775
     1.81302     18.87543     16.97290
     1.83035     18.41355     16.49273
     1.84769     17.96288     16.03590
     1.86502     17.52347     15.60107
     1.88235     17.09528     15.18703
     1.89969     16.67831     14.79259
     1.91702     16.27253     14.41663
     1.93436     15.87788     14.05812
     1.95169     15.49430     13.71604
     1.96902     15.12171     13.38948
     1.98636     14.79321     13.07755
     2.00369     14.48642     12.77941
     2.02102     14.18800     12.49429
     2.03836     13.89770     12.22145
     2.05569     13.61532     11.96021
     2.07302     13.34067     11.70992
     2.09036     13.10430     11.46996
     2.10769     12.87593     11.23978
     2.12502     12.65268     11.01884
     2.14236     12.43435     10.80662
     2.15969     12.22080     10.60267
     2.17702     12.01188     10.40654
     2.19436     11.80742     10.21782
     2.21169     11.60730     10.03611
     2.22902     11.41138      9.86106
     2.24636     11.21954      9.69231
     2.26369     11.03165      9.52954
     2.28103     10.84760      9.35241
     2.29836     10.66727      9.17426
     2.31569     10.49058      9.00329
     2.33303     10.31740      8.83919
     2.35036     10.14765      8.68169
     2.36769      9.98124      8.53051
     2.38503      9.81808      8.38539
     2.40236      9.65809      8.24610
     2.41969      9.50117      8.11238
     2.43703      9.34726      7.98402
     2.45436      9.19629      7.86079
     2.47169      9.04818      7.74247
     2.48903      8.90287      7.62889
     2.50636      8.76028      7.51983
     2.52369      8.62037      7.41512
     2.54103      8.48305      7.31458
     2.55836      8.34830      7.21804
     2.57569      8.21603      7.12535
     2.59303      8.08621      7.03278
     2.61036      7.95876      6.93774
     2.62770      7.83367      6.84596
     2.64503      7.71086      6.75731
     2.66236      7.59030      6.67166
     2.67970      7.47193      6.58887
     2.69703      7.35572      6.50882
     2.71436      7.24163      6.43139
     2.73170      7.12961      6.35648
     2.74903      7.01963      6.28398
     2.76636      6.91164      6.21379
     2.78370      6.80561      6.14581
     2.80103      6.70151      6.07994
     2.81836      6.59929      6.01611
     2.83570      6.49893      5.95422
     2.85303      6.40040      5.89420
     2.87036      6.30365      5.83596
     2.88770      6.20866      5.77945
     2.90503      6.11540      5.72459
     2.92236      6.05709      5.67131
     2.93970      6.00826      5.61954
     2.95703      5.96121      5.56924
     2.97437      5.91587      5.52034
     2.99170      5.87219      5.47279
     3.00903      5.83011      5.42654
     3.02637      5.78958      5.38153
     3.04370      5.75055      5.33773
     3.06103      5.71295      5.29508
     3.07837      5.67676      5.24817
     3.09570      5.64193      5.17988
     3.11303      5.60839      5.11288
     3.13037      5.57612      5.04713
     3.14770      5.54507      4.97580
     3.16503      5.51521      4.90524
     3.18237      5.48648      4.83601
     3.19970      5.45885      4.76807
     3.21703      5.43229      4.70140
     3.23437      5.40676      4.63599
     3.25170      5.38223      4.57182
     3.26904      5.35973      4.50886
     3.28637      5.34389      4.44709
     3.30370      5.32875      4.38649
     3.32104      5.31426      4.32705
     3.33837      5.30040      4.26874
     3.35570      5.28713      4.21155
     3.37304      5.27442      4.15544
     3.39037      5.26225      4.10042
     3.40770      5.25056      4.04645
     3.42504      5.23935      3.99352
     3.44237      5.22858      3.94160
     3.45970      5.21823      3.89069
     3.47704      5.20826      3.84077
     3.49437      5.19866      3.79181
     3.51170      5.18940      3.74380
     3.52904      5.18046      3.69672
     3.54637      5.17182      3.65055
     3.56370      5.16344      3.60529
     3.58104      5.15533      3.56091
     3.59837      5.14744      3.51739
     3.61571      5.13978      3.47472
     3.63304      5.13232      3.43288
     3.65037      5.12504      3.39186
     3.66771      5.11793      3.35165
     3.68504      5.11097      3.31222
     3.70237      5.10415      3.27356
     3.71971      5.09746      3.23567
     3.73704      5.09089      3.19851
     3.75437      5.08442      3.16208
     3.77171      5.07803      3.12637
     3.78904      5.07174      3.09135
     3.80637      5.06551      3.05703
     3.82371      5.05935      3.02337
     3.84104      5.05325      2.99038
     3.85837      5.04719      2.95803
     3.87571      5.04118      2.92632
     3.89304      5.03521      2.89523
     3.91037      5.02926      2.86474
     3.92771      5.02334      2.83485
     3.94504      5.01744      2.80555
     3.96238      5.01155      2.77682
     3.97971      5.00568      2.74865
     3.99704      4.99981      2.72103
     4.01438      4.99395      2.69395
     4.03171      4.98809      2.66739
     4.04904      4.98223      2.64135
     4.06638      4.97637      2.61582
     4.08371      4.97050      2.59078
     4.10104      4.96463      2.56622
     4.11838      4.95875      2.54214
     4.13571      4.95286      2.51853
     4.15304      4.94697      2.49537
     4.17038      4.94106      2.47265
     4.18771      4.93515      2.45038
     4.20504      4.92922      2.42853
     4.22238      4.92328      2.40710
     4.23971      4.91733      2.38607
     4.25704      4.91138      2.36545
     4.27438      4.90541      2.34522
     4.29171      4.89943      2.32538
     4.30905      4.89344      2.30591
     4.32638      4.89081      2.28681
     4.34371      4.89043      2.26807
     4.36105      4.89013      2.24968
     4.37838      4.88989      2.23164
     4.39571      4.88972      2.21394
     4.41305      4.88962      2.19656
     4.43038      4.88958      2.17951
