# T/Tc, entr_max, entr_min, chib_max, chib_min, chis_max, chis_min
     0.98101      5.77074      5.30545      0.09992      0.09067      0.28568      0.26525
     0.99358      5.99375      5.53133      0.10535      0.09638      0.30223      0.28186
     1.00614      6.23173      5.77238      0.11094      0.10201      0.31905      0.29885
     1.01870      6.48269      6.02786      0.11665      0.10771      0.33609      0.31616
     1.03126      6.74362      6.29576      0.12247      0.11350      0.35327      0.33372
     1.04383      7.01047      6.57284      0.12838      0.11935      0.37054      0.35145
     1.05639      7.28758      6.85488      0.13434      0.12524      0.38784      0.36928
     1.06895      7.57515      7.13712      0.14034      0.13115      0.40510      0.38714
     1.08152      7.84942      7.41469      0.14654      0.13707      0.42227      0.40494
     1.09408      8.10684      7.68322      0.15271      0.14295      0.43929      0.42262
     1.10664      8.34535      7.93906      0.15878      0.14880      0.45610      0.44011
     1.11920      8.56434      8.17976      0.16471      0.15458      0.47345      0.45734
     1.13177      8.76451      8.40407      0.17050      0.16027      0.49061      0.47391
     1.14433      8.94761      8.61188      0.17613      0.16587      0.50738      0.49002
     1.15689      9.11607      8.80413      0.18158      0.17134      0.52368      0.50578
     1.16945      9.27368      8.98250      0.18685      0.17669      0.53946      0.52115
     1.18202      9.42700      9.14920      0.19193      0.18189      0.55469      0.53611
     1.19458      9.57302      9.30674      0.19681      0.18694      0.56935      0.55061
     1.20714      9.71438      9.45762      0.20162      0.19184      0.58344      0.56466
     1.21971      9.85333      9.60427      0.20629      0.19657      0.59697      0.57824
     1.23227      9.99175      9.74890      0.21078      0.20115      0.60993      0.59135
     1.24483     10.13101      9.89332      0.21508      0.20556      0.62235      0.60399
     1.25739     10.27206     10.03898      0.21920      0.20981      0.63423      0.61617
     1.26996     10.41544     10.18694      0.22315      0.21391      0.64561      0.62789
     1.28252     10.56128     10.33782      0.22691      0.21785      0.65657      0.63917
     1.29508     10.70944     10.49187      0.23051      0.22164      0.66724      0.65002
     1.30765     10.85945     10.64896      0.23394      0.22529      0.67741      0.66046
     1.32021     11.01069     10.80870      0.23721      0.22880      0.68711      0.67049
     1.33277     11.16238     10.97041      0.24032      0.23217      0.69634      0.68013
     1.34533     11.31362     11.13322      0.24329      0.23542      0.70513      0.68939
     1.35790     11.46350     11.29614      0.24612      0.23853      0.71351      0.69830
     1.37046     11.61634     11.45344      0.24881      0.24152      0.72148      0.70685
     1.38302     11.77343     11.60302      0.25137      0.24439      0.72907      0.71506
     1.39559     11.92681     11.74955      0.25381      0.24714      0.73629      0.72294
     1.40815     12.07551     11.89227      0.25613      0.24978      0.74317      0.73050
     1.42071     12.21879     12.03042      0.25834      0.25230      0.74972      0.73776
     1.43327     12.35604     12.16344      0.26044      0.25472      0.75596      0.74471
     1.44584     12.48675     12.29084      0.26244      0.25704      0.76207      0.75137
     1.45840     12.61062     12.41229      0.26434      0.25923      0.76794      0.75775
     1.47096     12.72749     12.52753      0.26616      0.26125      0.77364      0.76386
     1.48353     12.83733     12.63651      0.26788      0.26318      0.77914      0.76970
     1.49609     12.94020     12.73921      0.26953      0.26502      0.78438      0.77528
     1.50865     13.03632     12.83575      0.27110      0.26678      0.78937      0.78062
     1.52121     13.12596     12.92628      0.27260      0.26847      0.79413      0.78570
     1.53378     13.20948     13.01114      0.27402      0.27007      0.79866      0.79050
     1.54634     13.28728     13.09060      0.27540      0.27161      0.80307      0.79509
     1.55890     13.35979     13.16506      0.27683      0.27308      0.80729      0.79947
     1.57146     13.42750     13.23491      0.27820      0.27448      0.81131      0.80367
     1.58403     13.49086     13.30057      0.27950      0.27582      0.81514      0.80768
     1.59659     13.55035     13.36249      0.28074      0.27711      0.81886      0.81152
     1.60915     13.60643     13.42110      0.28193      0.27833      0.82242      0.81519
     1.62172     13.65958     13.47683      0.28306      0.27950      0.82580      0.81870
     1.63428     13.71020     13.53012      0.28413      0.28063      0.82903      0.82205
     1.64684     13.75868     13.58135      0.28516      0.28170      0.83211      0.82527
     1.65940     13.80539     13.63090      0.28614      0.28273      0.83505      0.82835
     1.67197     13.85068     13.67915      0.28708      0.28371      0.83785      0.83123
     1.68453     13.89486     13.72641      0.28797      0.28466      0.84053      0.83397
     1.69709     13.93817     13.77298      0.28883      0.28556      0.84308      0.83658
     1.70966     13.98085     13.81912      0.28965      0.28643      0.84552      0.83908
     1.72222     14.02388     13.86507      0.29043      0.28727      0.84786      0.84146
     1.73478     14.07571     13.90983      0.29118      0.28807      0.85009      0.84374
     1.74734     14.12747     13.95416      0.29190      0.28884      0.85223      0.84592
     1.75991     14.17926     13.99883      0.29259      0.28959      0.85428      0.84801
     1.77247     14.23112     14.04395      0.29325      0.29030      0.85624      0.85000
     1.78503     14.28309     14.08962      0.29388      0.29099      0.85812      0.85191
     1.79760     14.33517     14.13588      0.29449      0.29166      0.85993      0.85374
     1.81016     14.38732     14.18274      0.29508      0.29230      0.86166      0.85550
     1.82272     14.43952     14.23023      0.29564      0.29292      0.86333      0.85718
     1.83528     14.49170     14.27834      0.29618      0.29352      0.86503      0.85880
     1.84785     14.54380     14.32704      0.29671      0.29410      0.86668      0.86035
     1.86041     14.59572     14.37627      0.29723      0.29465      0.86827      0.86184
     1.87297     14.64741     14.42603      0.29775      0.29519      0.86981      0.86328
     1.88554     14.69876     14.47618      0.29825      0.29571      0.87130      0.86462
     1.89810     14.74968     14.52670      0.29874      0.29622      0.87273      0.86588
     1.91066     14.80010     14.57746      0.29921      0.29670      0.87411      0.86710
     1.92322     14.84992     14.62838      0.29966      0.29717      0.87545      0.86828
     1.93579     14.89908     14.67937      0.30009      0.29762      0.87674      0.86942
     1.94835     14.94748     14.73030      0.30051      0.29805      0.87798      0.87053
     1.96091     14.99507     14.78109      0.30091      0.29847      0.87918      0.87160
     1.97347     15.04179     14.83160      0.30129      0.29887      0.88034      0.87264
     1.98604     15.08760     14.87443      0.30166      0.29926      0.88145      0.87364
     1.99860     15.13241     14.91557      0.30201      0.29963      0.88252      0.87462
     2.01116     15.17622     14.95615      0.30234      0.29999      0.88355      0.87555
     2.02373     15.21899     14.99609      0.30266      0.30033      0.88453      0.87646
     2.03629     15.26070     15.03535      0.30296      0.30065      0.88548      0.87733
     2.04885     15.30132     15.07389      0.30324      0.30096      0.88645      0.87817
     2.06141     15.34086     15.11167      0.30355      0.30126      0.88749      0.87898
     2.07398     15.37930     15.14868      0.30388      0.30153      0.88849      0.87975
     2.08654     15.41668     15.18490      0.30419      0.30180      0.88944      0.88048
     2.09910     15.45298     15.22033      0.30449      0.30205      0.89035      0.88113
     2.11167     15.48826     15.25496      0.30477      0.30228      0.89121      0.88173
     2.12423     15.52255     15.28884      0.30503      0.30250      0.89203      0.88230
     2.13679     15.55586     15.32196      0.30527      0.30267      0.89280      0.88283
     2.14935     15.58828     15.35438      0.30550      0.30283      0.89352      0.88332
     2.16192     15.61984     15.38614      0.30571      0.30297      0.89419      0.88377
     2.17448     15.65059     15.41727      0.30590      0.30310      0.89482      0.88419
     2.18704     15.68627     15.44785      0.30608      0.30321      0.89540      0.88457
     2.19961     15.72268     15.47794      0.30624      0.30332      0.89593      0.88492
     2.21217     15.75838     15.50757      0.30638      0.30341      0.89642      0.88523
     2.22473     15.79344     15.53684      0.30651      0.30348      0.89686      0.88550
     2.23729     15.82788     15.56579      0.30661      0.30355      0.89725      0.88575
     2.24986     15.86176     15.59446      0.30671      0.30360      0.89760      0.88595
     2.26242     15.89508     15.62293      0.30678      0.30364      0.89790      0.88613
     2.27498     15.92789     15.65123      0.30685      0.30367      0.89816      0.88627
     2.28755     15.96021     15.67941      0.30689      0.30369      0.89837      0.88638
     2.30011     15.99201     15.70748      0.30692      0.30370      0.89854      0.88646
     2.31267     16.02331     15.73547      0.30694      0.30369      0.89867      0.88651
     2.32523     16.05410     15.76339      0.30697      0.30368      0.89875      0.88653
     2.33780     16.08436     15.79124      0.30699      0.30366      0.89880      0.88653
     2.35036     16.11404     15.81901      0.30700      0.30363      0.89881      0.88650
     2.36292     16.14311     15.84668      0.30700      0.30359      0.89877      0.88644
     2.37549     16.17154     15.87423      0.30699      0.30354      0.89870      0.88636
     2.38805     16.19927     15.90162      0.30697      0.30348      0.89860      0.88626
     2.40061     16.22627     15.92880      0.30693      0.30342      0.89846      0.88613
     2.41317     16.25249     15.95576      0.30688      0.30335      0.89828      0.88599
     2.42574     16.27788     15.98240      0.30681      0.30327      0.89814      0.88583
     2.43830     16.30240     16.00871      0.30674      0.30319      0.89799      0.88564
     2.45086     16.32602     16.03464      0.30666      0.30310      0.89781      0.88544
     2.46342     16.34871     16.06012      0.30656      0.30300      0.89760      0.88523
     2.47599     16.37044     16.08512      0.30645      0.30290      0.89736      0.88500
     2.48855     16.39120     16.10960      0.30634      0.30280      0.89709      0.88476
     2.50111     16.41098     16.13354      0.30621      0.30269      0.89679      0.88450
     2.51368     16.42978     16.15690      0.30607      0.30258      0.89647      0.88424
     2.52624     16.44761     16.17966      0.30593      0.30246      0.89611      0.88396
     2.53880     16.46446     16.20182      0.30577      0.30234      0.89573      0.88367
     2.55136     16.48036     16.22336      0.30560      0.30222      0.89532      0.88338
     2.56393     16.49533     16.24430      0.30543      0.30209      0.89489      0.88307
     2.57649     16.50937     16.26464      0.30524      0.30196      0.89442      0.88276
     2.58905     16.52254     16.28439      0.30505      0.30183      0.89394      0.88245
     2.60162     16.53483     16.30357      0.30484      0.30170      0.89343      0.88213
     2.61418     16.54630     16.32223      0.30463      0.30156      0.89289      0.88180
     2.62674     16.55695     16.34036      0.30441      0.30143      0.89233      0.88146
     2.63930     16.56681     16.35801      0.30417      0.30128      0.89174      0.88113
     2.65187     16.57591     16.37521      0.30393      0.30110      0.89112      0.88079
     2.66443     16.58428     16.39199      0.30368      0.30092      0.89049      0.88044
     2.67699     16.59194     16.40838      0.30342      0.30073      0.88982      0.88009
     2.68956     16.59892     16.42443      0.30316      0.30054      0.88913      0.87974
     2.70212     16.60525     16.44017      0.30288      0.30035      0.88841      0.87938
     2.71468     16.61094     16.45564      0.30259      0.30015      0.88783      0.87902
     2.72724     16.61601     16.47087      0.30229      0.29995      0.88736      0.87866
     2.73981     16.62150     16.48590      0.30199      0.29975      0.88688      0.87829
     2.75237     16.62851     16.50077      0.30167      0.29954      0.88639      0.87773
     2.76493     16.63507     16.51552      0.30134      0.29933      0.88589      0.87708
     2.77750     16.64465     16.53020      0.30102      0.29912      0.88537      0.87642
     2.79006     16.65659     16.54482      0.30082      0.29890      0.88485      0.87573
     2.80262     16.66843     16.55945      0.30062      0.29867      0.88431      0.87502
     2.81518     16.68022     16.57412      0.30041      0.29844      0.88376      0.87428
     2.82775     16.69197     16.58886      0.30020      0.29821      0.88320      0.87353
     2.84031     16.70374     16.60371      0.29999      0.29797      0.88262      0.87275
     2.85287     16.71554     16.61870      0.29977      0.29773      0.88203      0.87194
     2.86543     16.72740     16.62952      0.29955      0.29749      0.88143      0.87111
     2.87800     16.73934     16.63875      0.29932      0.29723      0.88081      0.87026
     2.89056     16.75139     16.64197      0.29908      0.29698      0.88017      0.86938
     2.90312     16.76355     16.64205      0.29884      0.29656      0.87952      0.86847
     2.91569     16.77581     16.64197      0.29863      0.29612      0.87886      0.86754
     2.92825     16.78818     16.64173      0.29843      0.29567      0.87817      0.86658
     2.94081     16.80062     16.64133      0.29823      0.29521      0.87747      0.86559
     2.95337     16.81313     16.64075      0.29802      0.29474      0.87676      0.86457
     2.96594     16.82565     16.63995      0.29782      0.29427      0.87602      0.86353
     2.97850     16.83817     16.63894      0.29761      0.29378      0.87527      0.86246
     2.99106     16.85062     16.63765      0.29740      0.29329      0.87450      0.86137
     3.00363     16.86294     16.63604      0.29718      0.29279      0.87371      0.86024
     3.01619     16.87741     16.63407      0.29696      0.29228      0.87291      0.85909
     3.02875     16.89354     16.63171      0.29674      0.29177      0.87208      0.85791
     3.04131     16.90939     16.62889      0.29651      0.29124      0.87123      0.85671
     3.05388     16.92491     16.62558      0.29629      0.29072      0.87057      0.85548
     3.06644     16.94005     16.62171      0.29605      0.29018      0.87000      0.85422
     3.07900     16.95478     16.61726      0.29582      0.28964      0.86942      0.85261
     3.09157     16.96903     16.61218      0.29558      0.28907      0.86883      0.85090
     3.10413     16.98281     16.60645      0.29534      0.28845      0.86823      0.84916
     3.11669     16.99610     16.60004      0.29509      0.28783      0.86762      0.84739
     3.12925     17.00888     16.59294      0.29484      0.28719      0.86700      0.84560
     3.14182     17.02116     16.58512      0.29459      0.28654      0.86636      0.84377
     3.15438     17.03293     16.57660      0.29433      0.28589      0.86572      0.84192
     3.16694     17.04420     16.56735      0.29407      0.28522      0.86506      0.84004
     3.17951     17.05499     16.55741      0.29381      0.28455      0.86439      0.83814
     3.19207     17.06527     16.54676      0.29355      0.28387      0.86371      0.83621
     3.20463     17.07504     16.53545      0.29328      0.28318      0.86302      0.83426
     3.21719     17.08429     16.52345      0.29300      0.28249      0.86232      0.83229
     3.22976     17.09298     16.51081      0.29273      0.28179      0.86161      0.83029
     3.24232     17.10106     16.49751      0.29245      0.28108      0.86089      0.82828
     3.25488     17.10849     16.48359      0.29216      0.28037      0.86016      0.82625
     3.26744     17.11517     16.46901      0.29188      0.27965      0.85942      0.82421
     3.28001     17.12103     16.45379      0.29159      0.27893      0.85867      0.82214
     3.29257     17.12598     16.43793      0.29130      0.27821      0.85790      0.82007
     3.30513     17.12991     16.42141      0.29100      0.27748      0.85713      0.81798
     3.31770     17.13271     16.40420      0.29071      0.27674      0.85635      0.81589
     3.33026     17.13429     16.38628      0.29041      0.27601      0.85556      0.81378
     3.34282     17.13453     16.36763      0.29010      0.27527      0.85476      0.81166
     3.35538     17.13334     16.34821      0.28980      0.27453      0.85395      0.80954
     3.36795     17.13062     16.32800      0.28949      0.27379      0.85314      0.80742
     3.38051     17.12630     16.30694      0.28918      0.27305      0.85231      0.80529
     3.39307     17.12029     16.28502      0.28886      0.27230      0.85148      0.80316
     3.40564     17.11254     16.26219      0.28855      0.27156      0.85063      0.80103
     3.41820     17.10299     16.23843      0.28823      0.27082      0.84978      0.79889
     3.43076     17.09163     16.21372      0.28791      0.27008      0.84893      0.79677
     3.44332     17.07841     16.18804      0.28759      0.26934      0.84806      0.79464
     3.45589     17.06332     16.16136      0.28726      0.26860      0.84719      0.79252
     3.46845     17.04635     16.13367      0.28694      0.26787      0.84631      0.79041
     3.48101     17.02751     16.10497      0.28661      0.26713      0.84543      0.78830
