# T/Tc, widthG_min*eval, widthG_max*eval, widthL_min*eval, widthL_max*eval, widthS_min*eval, widthS_max*eval
     0.98101      0.12226      0.15089      0.04479      0.09247      0.09357      0.12834
     1.00789      0.12524      0.15300      0.04818      0.09445      0.09635      0.12821
     1.03476      0.12806      0.15491      0.05166      0.09641      0.09884      0.12802
     1.06164      0.13019      0.15661      0.05521      0.09835      0.10084      0.12778
     1.08851      0.13226      0.15810      0.05884      0.10025      0.10279      0.12755
     1.11539      0.13427      0.15939      0.06253      0.10214      0.10469      0.12841
     1.14226      0.13622      0.16047      0.06626      0.10400      0.10655      0.12921
     1.16914      0.13794      0.16136      0.07003      0.10585      0.10835      0.12997
     1.19601      0.13886      0.16206      0.07383      0.10769      0.11010      0.13068
     1.22289      0.13978      0.16258      0.07765      0.10951      0.11180      0.13138
     1.24976      0.14071      0.16293      0.08149      0.11131      0.11345      0.13206
     1.27664      0.14167      0.16313      0.08533      0.11311      0.11505      0.13263
     1.30351      0.14264      0.16318      0.08918      0.11490      0.11659      0.13312
     1.33039      0.14363      0.16310      0.09302      0.11667      0.11808      0.13361
     1.35726      0.14464      0.16292      0.09686      0.11844      0.11952      0.13409
     1.38414      0.14567      0.16263      0.10069      0.12019      0.12091      0.13454
     1.41101      0.14671      0.16226      0.10450      0.12192      0.12224      0.13495
     1.43789      0.14778      0.16182      0.10829      0.12364      0.12197      0.13533
     1.46476      0.14886      0.16133      0.11206      0.12561      0.12156      0.13638
     1.49164      0.14994      0.16158      0.11581      0.12802      0.12116      0.13758
     1.51851      0.15104      0.16211      0.11954      0.13040      0.12078      0.13868
     1.54539      0.15214      0.16256      0.12323      0.13299      0.12043      0.13967
     1.57226      0.15254      0.16294      0.12492      0.13591      0.12009      0.14057
     1.59913      0.15294      0.16326      0.12608      0.13877      0.11978      0.14138
     1.62601      0.15334      0.16352      0.12720      0.14158      0.11949      0.14210
     1.65288      0.15375      0.16382      0.12827      0.14432      0.11922      0.14274
     1.67976      0.15416      0.16414      0.12929      0.14700      0.11898      0.14330
     1.70663      0.15458      0.16439      0.13028      0.14962      0.11877      0.14379
     1.73351      0.15500      0.16498      0.13123      0.15217      0.11858      0.14421
     1.76038      0.15541      0.16572      0.13214      0.15466      0.11842      0.14456
     1.78726      0.15501      0.16643      0.13303      0.15708      0.11829      0.14486
     1.81413      0.15465      0.16709      0.13389      0.15944      0.11819      0.14510
     1.84101      0.15432      0.16772      0.13472      0.16173      0.11811      0.14530
     1.86788      0.15404      0.16832      0.13553      0.16419      0.11806      0.14544
     1.89476      0.15379      0.16888      0.13633      0.16723      0.11804      0.14555
     1.92163      0.15359      0.16949      0.13710      0.17018      0.11804      0.14567
     1.94851      0.15342      0.17009      0.13787      0.17306      0.11807      0.14606
     1.97538      0.15329      0.17065      0.13862      0.17586      0.11813      0.14642
     2.00226      0.15320      0.17117      0.13937      0.17858      0.11821      0.14675
     2.02913      0.15315      0.17166      0.14010      0.18120      0.11739      0.14705
     2.05601      0.15312      0.17210      0.14084      0.18374      0.11661      0.14732
     2.08288      0.15314      0.17251      0.14157      0.18618      0.11586      0.14755
     2.10976      0.15318      0.17289      0.14230      0.18853      0.11515      0.14776
     2.13663      0.15325      0.17322      0.14303      0.19078      0.11449      0.14794
     2.16351      0.15336      0.17352      0.14377      0.19292      0.11386      0.14808
     2.19038      0.15349      0.17379      0.14450      0.19497      0.11328      0.14820
     2.21726      0.15364      0.17402      0.14524      0.19691      0.11274      0.14828
     2.24413      0.15383      0.17422      0.14599      0.19874      0.11224      0.14833
     2.27101      0.15403      0.17438      0.14674      0.20046      0.11179      0.14834
     2.29788      0.15426      0.17451      0.14749      0.20208      0.11137      0.14831
     2.32476      0.15451      0.17461      0.14825      0.20359      0.11100      0.14825
     2.35163      0.15478      0.17474      0.14902      0.20499      0.11067      0.14815
     2.37851      0.15507      0.17488      0.14979      0.20628      0.11038      0.14800
     2.40538      0.15538      0.17497      0.15057      0.20745      0.11013      0.14782
     2.43226      0.15571      0.17502      0.15135      0.20852      0.10991      0.14758
     2.45913      0.15605      0.17502      0.15214      0.20948      0.10973      0.14730
     2.48601      0.15640      0.17504      0.15293      0.21033      0.10958      0.14697
     2.51288      0.15678      0.17509      0.15373      0.21107      0.10947      0.14659
     2.53976      0.15716      0.17513      0.15454      0.21170      0.10939      0.14615
     2.56663      0.15756      0.17515      0.15535      0.21222      0.10933      0.14566
     2.59351      0.15798      0.17515      0.15616      0.21264      0.10917      0.14512
     2.62038      0.15840      0.17513      0.15698      0.21296      0.10889      0.14452
     2.64726      0.15884      0.17510      0.15780      0.21318      0.10862      0.14385
     2.67413      0.15929      0.17504      0.15862      0.21329      0.10837      0.14313
     2.70101      0.15974      0.17498      0.15945      0.21331      0.10813      0.14235
     2.72788      0.16021      0.17489      0.16028      0.21323      0.10791      0.14189
     2.75475      0.16069      0.17479      0.16111      0.21306      0.10770      0.14188
     2.78163      0.16118      0.17467      0.16195      0.21280      0.10750      0.14187
     2.80850      0.16168      0.17454      0.16279      0.21245      0.10731      0.14186
     2.83538      0.16219      0.17503      0.16363      0.21202      0.10713      0.14186
     2.86225      0.16270      0.17605      0.16447      0.21150      0.10696      0.14185
     2.88913      0.16323      0.17709      0.16531      0.21091      0.10680      0.14185
     2.91600      0.16340      0.17816      0.16615      0.21023      0.10665      0.14185
     2.94288      0.16322      0.17924      0.16699      0.20949      0.10650      0.14185
     2.96975      0.16304      0.18035      0.16784      0.20867      0.10636      0.14186
     2.99663      0.16285      0.18147      0.16868      0.20779      0.10623      0.14187
     3.02350      0.16265      0.18261      0.16682      0.20684      0.10611      0.14189
     3.05038      0.16245      0.18377      0.16433      0.20583      0.10599      0.14191
     3.07725      0.16225      0.18495      0.16179      0.20477      0.10588      0.14193
     3.10413      0.16204      0.18614      0.15923      0.20365      0.10577      0.14196
     3.13100      0.16183      0.18735      0.15666      0.20248      0.10567      0.14200
     3.15788      0.16161      0.18858      0.15407      0.20126      0.10557      0.14204
     3.18475      0.16139      0.18982      0.15149      0.20000      0.10548      0.14209
     3.21163      0.16117      0.19107      0.14891      0.19870      0.10539      0.14214
     3.23850      0.16095      0.19234      0.14636      0.19736      0.10482      0.14221
     3.26538      0.16024      0.19362      0.14384      0.19599      0.10409      0.14228
     3.29225      0.15947      0.19491      0.14136      0.19458      0.10336      0.14235
     3.31913      0.15870      0.19621      0.13892      0.19315      0.10263      0.14244
     3.34600      0.15793      0.19753      0.13653      0.19169      0.10191      0.14253
     3.37288      0.15716      0.19886      0.13420      0.19020      0.10119      0.14263
     3.39975      0.15639      0.20020      0.13193      0.18870      0.10048      0.14274
     3.42663      0.15562      0.20155      0.12973      0.18810      0.09977      0.14286
     3.45350      0.15485      0.20291      0.12759      0.18761      0.09907      0.14299
     3.48038      0.15409      0.20427      0.12552      0.18712      0.09837      0.14312
     3.50725      0.15332      0.20565      0.12353      0.18662      0.09768      0.14326
     3.53413      0.15257      0.20704      0.12161      0.18612      0.09643      0.14342
     3.56100      0.15181      0.20843      0.11977      0.18629      0.09484      0.14358
     3.58788      0.15107      0.20983      0.11800      0.18712      0.09327      0.14375
     3.61475      0.15033      0.21124      0.11631      0.18796      0.09174      0.14393
     3.64163      0.14959      0.21265      0.11469      0.18879      0.09024      0.14411
     3.66850      0.14887      0.21407      0.11314      0.18962      0.08878      0.14431
     3.69538      0.14815      0.21550      0.11167      0.19045      0.08736      0.14451
     3.72225      0.14744      0.21693      0.11027      0.19128      0.08597      0.14473
     3.74913      0.14674      0.21837      0.10894      0.19212      0.08463      0.14495
     3.77600      0.14605      0.21981      0.10768      0.19295      0.08332      0.14518
     3.80288      0.14537      0.22126      0.10648      0.19378      0.08206      0.14542
     3.82975      0.14470      0.22271      0.10535      0.19461      0.08084      0.14567
     3.85662      0.14405      0.22416      0.10428      0.19545      0.07966      0.14593
     3.88350      0.14340      0.22562      0.10327      0.19628      0.07852      0.14620
     3.91037      0.14276      0.22708      0.10232      0.19712      0.07742      0.14647
     3.93725      0.14214      0.22854      0.10142      0.19795      0.07636      0.14675
     3.96412      0.14153      0.23001      0.10057      0.19879      0.07535      0.14705
     3.99100      0.14092      0.23148      0.09978      0.19963      0.07437      0.14734
     4.01787      0.14034      0.23295      0.09904      0.20047      0.07343      0.14765
     4.04475      0.13976      0.23442      0.09834      0.20131      0.07253      0.14797
     4.07162      0.13920      0.23590      0.09769      0.20215      0.07167      0.14829
     4.09850      0.13864      0.23737      0.09708      0.20299      0.07085      0.14862
     4.12537      0.13811      0.23885      0.09651      0.20384      0.07006      0.14896
     4.15225      0.13758      0.24033      0.09598      0.20468      0.06931      0.14930
     4.17912      0.13707      0.24181      0.09548      0.20553      0.06859      0.14965
     4.20600      0.13657      0.24329      0.09503      0.20638      0.06790      0.15001
     4.23287      0.13608      0.24477      0.09460      0.20723      0.06725      0.15037
     4.25975      0.13560      0.24625      0.09421      0.20808      0.06663      0.15075
     4.28662      0.13514      0.24773      0.09385      0.20893      0.06603      0.15112
     4.31350      0.13469      0.24921      0.09352      0.20979      0.06547      0.15151
     4.34037      0.13425      0.25069      0.09321      0.21065      0.06494      0.15190
     4.36725      0.13383      0.25217      0.09294      0.21151      0.06443      0.15230
     4.39412      0.13341      0.25365      0.09268      0.21237      0.06395      0.15270
     4.42100      0.13301      0.25514      0.09246      0.21324      0.06350      0.15311
     4.44787      0.13263      0.25662      0.09225      0.21410      0.06307      0.15352
     4.47475      0.13225      0.25810      0.09207      0.21497      0.06266      0.15394
     4.50162      0.13189      0.25958      0.09190      0.21584      0.06228      0.15437
     4.52850      0.13154      0.26106      0.09176      0.21672      0.06192      0.15480
     4.55537      0.13120      0.26254      0.09163      0.21759      0.06158      0.15523
     4.58225      0.13087      0.26402      0.09153      0.21847      0.06126      0.15567
     4.60912      0.13055      0.26550      0.09144      0.21935      0.06096      0.15612
     4.63600      0.13025      0.26698      0.09136      0.22023      0.06068      0.15657
     4.66287      0.12996      0.26845      0.09130      0.22112      0.06042      0.15702
     4.68975      0.12968      0.26993      0.09126      0.22200      0.06018      0.15748
     4.71662      0.12941      0.27141      0.09123      0.22289      0.05995      0.15794
     4.74350      0.12915      0.27288      0.09121      0.22379      0.05974      0.15841
     4.77037      0.12890      0.27436      0.09121      0.22468      0.05954      0.15888
     4.79725      0.12866      0.27583      0.09122      0.22558      0.05936      0.15936
     4.82412      0.12843      0.27731      0.09124      0.22648      0.05920      0.15983
     4.85100      0.12822      0.27878      0.09127      0.22738      0.05905      0.16032
     4.87787      0.12801      0.28026      0.09131      0.22829      0.05891      0.16080
     4.90475      0.12782      0.28173      0.09136      0.22920      0.05878      0.16129
     4.93162      0.12763      0.28320      0.09142      0.23011      0.05867      0.16179
     4.95850      0.12745      0.28467      0.09149      0.23102      0.05857      0.16229
     4.98537      0.12729      0.28614      0.09157      0.23194      0.05848      0.16279
     5.01224      0.12713      0.28761      0.09166      0.23285      0.05840      0.16329
     5.03912      0.12698      0.28908      0.09175      0.23377      0.05833      0.16380
     5.06599      0.12685      0.29055      0.09186      0.23470      0.05827      0.16431
     5.09287      0.12672      0.29202      0.09197      0.23562      0.05822      0.16482
     5.11974      0.12660      0.29349      0.09208      0.23655      0.05818      0.16533
     5.14662      0.12649      0.29496      0.09221      0.23748      0.05815      0.16585
     5.17349      0.12638      0.29642      0.09234      0.23842      0.05813      0.16637
     5.20037      0.12629      0.29789      0.09248      0.23935      0.05811      0.16690
     5.22724      0.12621      0.29935      0.09262      0.24029      0.05811      0.16742
     5.25412      0.12613      0.30082      0.09277      0.24123      0.05811      0.16795
     5.28099      0.12606      0.30229      0.09293      0.24217      0.05812      0.16849
     5.30787      0.12600      0.30375      0.09309      0.24312      0.05814      0.16902
     5.33474      0.12595      0.30521      0.09325      0.24407      0.05816      0.16956
     5.36162      0.12590      0.30668      0.09342      0.24502      0.05819      0.17010
     5.38849      0.12586      0.30814      0.09360      0.24597      0.05822      0.17064
     5.41537      0.12583      0.30961      0.09378      0.24692      0.05827      0.17118
     5.44224      0.12581      0.31107      0.09396      0.24788      0.05832      0.17173
     5.46912      0.12580      0.31253      0.09381      0.24884      0.05837      0.17227
     5.49599      0.12579      0.31399      0.09344      0.24980      0.05843      0.17282
     5.52287      0.12579      0.31545      0.09308      0.25077      0.05849      0.17337
     5.54974      0.12579      0.31692      0.09273      0.25174      0.05856      0.17393
     5.57662      0.12580      0.31838      0.09240      0.25270      0.05864      0.17448
     5.60349      0.12582      0.31984      0.09207      0.25367      0.05872      0.17504
     5.63037      0.12585      0.32130      0.09175      0.25465      0.05880      0.17560
     5.65724      0.12588      0.32276      0.09144      0.25562      0.05889      0.17616
     5.68412      0.12592      0.32422      0.09115      0.25660      0.05898      0.17673
     5.71099      0.12596      0.32568      0.09086      0.25758      0.05908      0.17729
     5.73787      0.12601      0.32714      0.09058      0.25856      0.05918      0.17786
     5.76474      0.12607      0.32860      0.09031      0.25955      0.05928      0.17843
     5.79162      0.12613      0.33006      0.09005      0.26053      0.05939      0.17900
     5.81849      0.12620      0.33152      0.08980      0.26152      0.05940      0.17957
     5.84537      0.12627      0.33298      0.08956      0.26251      0.05926      0.18014
     5.87224      0.12635      0.33444      0.08932      0.26350      0.05914      0.18071
     5.89912      0.12643      0.33590      0.08909      0.26450      0.05901      0.18129
     5.92599      0.12652      0.33736      0.08888      0.26549      0.05890      0.18187
     5.95287      0.12662      0.33882      0.08867      0.26649      0.05878      0.18245
     5.97974      0.12672      0.34027      0.08846      0.26749      0.05867      0.18303
     6.00662      0.12682      0.34173      0.08827      0.26849      0.05857      0.18361
     6.03349      0.12693      0.34319      0.08808      0.26949      0.05847      0.18420
     6.06037      0.12705      0.34465      0.08790      0.27050      0.05838      0.18478
     6.08724      0.12717      0.34612      0.08773      0.27150      0.05829      0.18537
     6.11411      0.12729      0.34772      0.08756      0.27251      0.05820      0.18595
     6.14099      0.12742      0.34931      0.08740      0.27352      0.05812      0.18654
     6.16786      0.12755      0.35091      0.08725      0.27454      0.05804      0.18713
     6.19474      0.12769      0.35250      0.08710      0.27555      0.05796      0.18773
     6.22161      0.12783      0.35410      0.08697      0.27656      0.05789      0.18841
     6.24849      0.12798      0.35569      0.08683      0.27758      0.05783      0.18922
     6.27536      0.12813      0.35728      0.08671      0.27860      0.05776      0.19003
     6.30224      0.12828      0.35887      0.08658      0.27962      0.05770      0.19084
     6.32911      0.12844      0.36046      0.08647      0.28064      0.05765      0.19165
