# T/Tc, Ag_min^2, Ag_max^2, Aq_min^2, Aq_max^2
     0.98101      0.76697      0.96737      0.12538      0.19983
     1.00789      0.78298      0.96088      0.11633      0.18222
     1.03476      0.79879      0.95509      0.10830      0.16651
     1.06164      0.81424      0.94994      0.10076      0.15255
     1.08851      0.82914      0.94538      0.09340      0.14019
     1.11539      0.84331      0.94136      0.08687      0.12927
     1.14226      0.85658      0.93784      0.08114      0.11964
     1.16914      0.86879      0.93475      0.07615      0.11116
     1.19601      0.87758      0.93673      0.07184      0.10425
     1.22289      0.87931      0.94325      0.06818      0.09887
     1.24976      0.88135      0.94884      0.06510      0.09405
     1.27664      0.88363      0.95352      0.06255      0.08974
     1.30351      0.88612      0.95732      0.06047      0.08589
     1.33039      0.88876      0.96029      0.05882      0.08244
     1.35726      0.89153      0.96247      0.05756      0.07936
     1.38414      0.89317      0.96391      0.05662      0.07662
     1.41101      0.89364      0.96467      0.05598      0.07417
     1.43789      0.89416      0.96480      0.05559      0.07199
     1.46476      0.89475      0.96436      0.05541      0.07006
     1.49164      0.89539      0.96340      0.05541      0.06836
     1.51851      0.89609      0.96197      0.05557      0.06705
     1.54539      0.89683      0.96013      0.05585      0.06604
     1.57226      0.89762      0.95793      0.05623      0.06518
     1.59913      0.89846      0.95540      0.05670      0.06446
     1.62601      0.89934      0.95339      0.05723      0.06389
     1.65288      0.90026      0.95202      0.05712      0.06344
     1.67976      0.90120      0.95034      0.05710      0.06311
     1.70663      0.90218      0.94839      0.05718      0.06290
     1.73351      0.90319      0.94618      0.05737      0.06279
     1.76038      0.90421      0.94374      0.05757      0.06283
     1.78726      0.90525      0.94109      0.05772      0.06356
     1.81413      0.90630      0.93827      0.05797      0.06434
     1.84101      0.90735      0.93617      0.05832      0.06517
     1.86788      0.90840      0.93480      0.05876      0.06605
     1.89476      0.90710      0.93324      0.05930      0.06697
     1.92163      0.90567      0.93152      0.05988      0.06794
     1.94851      0.90421      0.92964      0.06041      0.06895
     1.97538      0.90275      0.92762      0.06101      0.07001
     2.00226      0.90126      0.92548      0.06169      0.07110
     2.02913      0.89789      0.92421      0.06244      0.07223
     2.05601      0.89430      0.92335      0.06327      0.07341
     2.08288      0.89077      0.92237      0.06418      0.07462
     2.10976      0.88732      0.92127      0.06516      0.07588
     2.13663      0.88395      0.92007      0.06622      0.07717
     2.16351      0.88066      0.91876      0.06736      0.07852
     2.19038      0.87747      0.91750      0.06857      0.07991
     2.21726      0.87435      0.91769      0.06987      0.08135
     2.24413      0.87133      0.91774      0.07126      0.08285
     2.27101      0.86840      0.91765      0.07273      0.08439
     2.29788      0.86556      0.91740      0.07428      0.08600
     2.32476      0.86281      0.91700      0.07593      0.08767
     2.35163      0.86015      0.91644      0.07767      0.08940
     2.37851      0.85758      0.91570      0.07951      0.09121
     2.40538      0.85510      0.91479      0.08145      0.09309
     2.43226      0.85270      0.91369      0.08349      0.09505
     2.45913      0.85039      0.91241      0.08563      0.09709
     2.48601      0.84816      0.91093      0.08789      0.09922
     2.51288      0.84600      0.90927      0.09025      0.10145
     2.53976      0.84393      0.90740      0.09274      0.10396
     2.56663      0.84193      0.90534      0.09534      0.10661
     2.59351      0.84000      0.90309      0.09807      0.10940
     2.62038      0.83813      0.90070      0.10092      0.11238
     2.64726      0.83634      0.89866      0.10391      0.11575
     2.67413      0.83461      0.89649      0.10703      0.11924
     2.70101      0.83293      0.89418      0.11030      0.12284
     2.72788      0.83132      0.89174      0.11371      0.12657
     2.75475      0.82975      0.88916      0.11726      0.13043
     2.78163      0.82824      0.88647      0.12097      0.13440
     2.80850      0.82677      0.88364      0.12483      0.13851
     2.83538      0.82535      0.88070      0.12886      0.14274
     2.86225      0.82397      0.87765      0.13304      0.14710
     2.88913      0.82263      0.87449      0.13740      0.15167
     2.91600      0.82132      0.87122      0.14192      0.15671
     2.94288      0.82005      0.86785      0.14662      0.16197
     2.96975      0.81881      0.86440      0.15150      0.16743
     2.99663      0.81760      0.86085      0.15655      0.17310
     3.02350      0.81641      0.85722      0.16179      0.17922
     3.05038      0.81525      0.85352      0.16722      0.18587
     3.07725      0.81367      0.84974      0.17283      0.19273
     3.10413      0.81113      0.84590      0.17863      0.19979
     3.13100      0.80862      0.84200      0.18412      0.20703
     3.15788      0.80614      0.83805      0.18954      0.21444
     3.18475      0.80369      0.83406      0.19511      0.22200
     3.21163      0.80127      0.83002      0.20083      0.22970
     3.23850      0.79888      0.82595      0.20670      0.23751
     3.26538      0.79653      0.82185      0.21272      0.24541
     3.29225      0.79420      0.81898      0.21888      0.25338
     3.31913      0.79190      0.81646      0.22519      0.26140
     3.34600      0.78822      0.81396      0.23165      0.26945
     3.37288      0.78384      0.81147      0.23818      0.27750
     3.39975      0.77954      0.80900      0.24406      0.28554
     3.42663      0.77533      0.80655      0.25002      0.29354
     3.45350      0.77123      0.80431      0.25604      0.30149
     3.48038      0.76722      0.80365      0.26213      0.30936
     3.50725      0.76333      0.80301      0.26828      0.31714
     3.53413      0.75954      0.80240      0.27449      0.32482
     3.56100      0.75587      0.80181      0.28077      0.33237
     3.58788      0.75231      0.80124      0.28710      0.33979
     3.61475      0.74887      0.80070      0.29348      0.34706
     3.64163      0.74555      0.80018      0.29991      0.35417
     3.66850      0.74235      0.79968      0.30639      0.36112
     3.69538      0.73927      0.79920      0.31291      0.36789
     3.72225      0.73630      0.79873      0.31948      0.37511
     3.74913      0.73345      0.79829      0.32608      0.38356
     3.77600      0.73071      0.79785      0.33272      0.39193
     3.80288      0.72809      0.79744      0.33940      0.40022
     3.82975      0.72558      0.79703      0.34610      0.40841
     3.85662      0.72318      0.79664      0.35283      0.41650
     3.88350      0.72089      0.79627      0.35958      0.42448
     3.91037      0.71870      0.79590      0.36636      0.43253
     3.93725      0.71661      0.79554      0.37315      0.44287
     3.96412      0.71462      0.79519      0.37996      0.45326
     3.99100      0.71273      0.79485      0.38678      0.46368
     4.01787      0.71093      0.79452      0.39362      0.47413
     4.04475      0.70921      0.79420      0.40046      0.48461
     4.07162      0.70759      0.79388      0.40731      0.49510
     4.09850      0.70524      0.79356      0.41416      0.50559
     4.12537      0.70231      0.79325      0.42101      0.51609
     4.15225      0.69945      0.79295      0.42786      0.52657
     4.17912      0.69665      0.79265      0.43471      0.53704
     4.20600      0.69391      0.79235      0.44155      0.54748
     4.23287      0.69124      0.79206      0.44838      0.55790
     4.25975      0.68864      0.79177      0.45520      0.56827
     4.28662      0.68610      0.79148      0.46201      0.57861
     4.31350      0.68362      0.79119      0.46880      0.58968
     4.34037      0.68120      0.79090      0.47558      0.60185
     4.36725      0.67884      0.79061      0.47973      0.61408
     4.39412      0.67655      0.79032      0.48231      0.62639
     4.42100      0.67431      0.79004      0.48477      0.63875
     4.44787      0.67213      0.78988      0.48714      0.65116
     4.47475      0.67001      0.78980      0.48941      0.66363
     4.50162      0.66795      0.78974      0.49160      0.67613
     4.52850      0.66595      0.78969      0.49369      0.68868
     4.55537      0.66399      0.78965      0.49570      0.70126
     4.58225      0.66210      0.78961      0.49763      0.71387
     4.60912      0.66025      0.78959      0.49949      0.72650
     4.63600      0.65846      0.78958      0.50128      0.73915
     4.66287      0.65672      0.78957      0.50299      0.75181
     4.68975      0.65503      0.78958      0.50464      0.76449
     4.71662      0.65339      0.78959      0.50623      0.77716
     4.74350      0.65179      0.78961      0.50776      0.78984
     4.77037      0.65024      0.78964      0.50923      0.80252
     4.79725      0.64874      0.78968      0.51064      0.81519
     4.82412      0.64728      0.78972      0.51201      0.82784
     4.85100      0.64586      0.78977      0.51332      0.84048
     4.87787      0.64449      0.78983      0.51459      0.85309
     4.90475      0.64316      0.78989      0.51581      0.86569
     4.93162      0.64186      0.78996      0.51699      0.87825
     4.95850      0.64061      0.79004      0.51813      0.89078
     4.98537      0.63939      0.79012      0.51922      0.90328
     5.01224      0.63821      0.79021      0.52028      0.91574
     5.03912      0.63707      0.79030      0.52131      0.92816
     5.06599      0.63596      0.79040      0.52230      0.94053
     5.09287      0.63489      0.79050      0.52326      0.95285
     5.11974      0.63385      0.79061      0.52418      0.96512
     5.14662      0.63284      0.79072      0.52508      0.97734
     5.17349      0.63186      0.79084      0.52595      0.98950
     5.20037      0.63092      0.79096      0.52679      1.00160
     5.22724      0.63000      0.79109      0.52761      1.01364
     5.25412      0.62911      0.79121      0.52840      1.02562
     5.28099      0.62825      0.79134      0.52916      1.03752
     5.30787      0.62741      0.79148      0.52991      1.04936
     5.33474      0.62661      0.79162      0.53063      1.06113
     5.36162      0.62582      0.79176      0.53133      1.07283
     5.38849      0.62507      0.79190      0.53201      1.08445
     5.41537      0.62433      0.79205      0.53267      1.09600
     5.44224      0.62362      0.79220      0.53331      1.10747
     5.46912      0.62293      0.79235      0.53393      1.11886
     5.49599      0.62227      0.79250      0.53454      1.13016
     5.52287      0.62162      0.79266      0.53513      1.14139
     5.54974      0.62100      0.79282      0.53571      1.15253
     5.57662      0.62039      0.79298      0.53627      1.16359
     5.60349      0.61980      0.79314      0.53681      1.17456
     5.63037      0.61924      0.79330      0.53734      1.18545
     5.65724      0.61869      0.79347      0.53786      1.19625
     5.68412      0.61816      0.79363      0.53837      1.20696
     5.71099      0.61764      0.79380      0.53886      1.21758
     5.73787      0.61714      0.79397      0.53934      1.22811
     5.76474      0.61666      0.79414      0.53981      1.23856
     5.79162      0.61619      0.79431      0.54027      1.24891
     5.81849      0.61574      0.79448      0.54071      1.25917
     5.84537      0.61531      0.79465      0.54115      1.26933
     5.87224      0.61488      0.79483      0.54157      1.27941
     5.89912      0.61447      0.79500      0.54199      1.28939
     5.92599      0.61408      0.79518      0.54240      1.29929
     5.95287      0.61369      0.79535      0.54280      1.30908
     5.97974      0.61332      0.79553      0.54319      1.31879
     6.00662      0.61296      0.79570      0.54357      1.32841
     6.03349      0.61261      0.79588      0.54394      1.33793
     6.06037      0.61228      0.79605      0.54430      1.34735
     6.08724      0.61195      0.79623      0.54466      1.35669
     6.11411      0.61163      0.79640      0.54501      1.36593
     6.14099      0.61133      0.79658      0.54535      1.37508
     6.16786      0.61103      0.79676      0.54569      1.38414
     6.19474      0.61075      0.79693      0.54602      1.39311
     6.22161      0.61047      0.79711      0.54634      1.40198
     6.24849      0.61020      0.79728      0.54666      1.41077
     6.27536      0.60994      0.79746      0.54697      1.41946
     6.30224      0.60969      0.79763      0.54727      1.42807
     6.32911      0.60945      0.79781      0.54757      1.43658
