# T/Tc,massG_min*eval, massG_max*eval, massL_min*eval, massL_max*eval, massS_min*eval, massS_max*eval
     0.98101      1.08896      1.33326      0.49852      0.53165      0.52852      0.56165
     1.00789      1.10592      1.33370      0.48183      0.51280      0.51183      0.54280
     1.03476      1.12186      1.33322      0.46581      0.49476      0.49581      0.52476
     1.06164      1.13677      1.33192      0.45055      0.47761      0.48055      0.50761
     1.08851      1.15064      1.32987      0.43612      0.46144      0.46612      0.49144
     1.11539      1.16345      1.34111      0.42254      0.44627      0.45254      0.47627
     1.14226      1.17521      1.35366      0.40985      0.43211      0.43985      0.46211
     1.16914      1.18589      1.36321      0.39804      0.41897      0.42804      0.44897
     1.19601      1.19193      1.36970      0.38710      0.40681      0.41710      0.43681
     1.22289      1.19408      1.37312      0.37701      0.39561      0.40701      0.42561
     1.24976      1.19557      1.37355      0.36774      0.38531      0.39774      0.41531
     1.27664      1.19648      1.37111      0.35925      0.37587      0.38925      0.40587
     1.30351      1.19687      1.36600      0.35151      0.36724      0.38151      0.39724
     1.33039      1.19680      1.35847      0.34445      0.35936      0.37445      0.38936
     1.35726      1.19633      1.34881      0.33770      0.35218      0.36770      0.38218
     1.38414      1.19551      1.33735      0.33173      0.34563      0.36173      0.37563
     1.41101      1.19438      1.32443      0.32644      0.33968      0.35644      0.36968
     1.43789      1.19298      1.31040      0.32165      0.33427      0.35165      0.36427
     1.46476      1.19136      1.29557      0.31692      0.32935      0.34692      0.35935
     1.49164      1.18953      1.28026      0.31270      0.32489      0.34270      0.35489
     1.51851      1.18752      1.26475      0.30895      0.32085      0.33895      0.35085
     1.54539      1.18537      1.24928      0.30565      0.31720      0.33565      0.34720
     1.57226      1.18309      1.23405      0.30276      0.31389      0.33276      0.34389
     1.59913      1.18069      1.22449      0.30025      0.31161      0.33025      0.34161
     1.62601      1.17722      1.22156      0.29809      0.31002      0.32809      0.34002
     1.65288      1.17340      1.21810      0.29626      0.30866      0.32626      0.33866
     1.67976      1.16968      1.21412      0.29473      0.30751      0.32473      0.33751
     1.70663      1.16605      1.20967      0.29348      0.30654      0.32348      0.33654
     1.73351      1.15496      1.20478      0.29249      0.30575      0.32249      0.33575
     1.76038      1.14439      1.19949      0.29175      0.30512      0.32175      0.33512
     1.78726      1.13460      1.19383      0.29124      0.30464      0.32124      0.33464
     1.81413      1.12558      1.18786      0.29095      0.30429      0.32095      0.33429
     1.84101      1.11729      1.18162      0.29086      0.30407      0.32086      0.33407
     1.86788      1.10971      1.17516      0.29097      0.30398      0.32097      0.33398
     1.89476      1.10280      1.16853      0.29126      0.30402      0.32126      0.33402
     1.92163      1.09652      1.16177      0.29173      0.30417      0.32173      0.33417
     1.94851      1.09083      1.15536      0.29238      0.30480      0.32238      0.33480
     1.97538      1.08570      1.15041      0.29319      0.30569      0.32319      0.33569
     2.00226      1.08108      1.14545      0.29416      0.30672      0.32416      0.33672
     2.02913      1.07693      1.14047      0.29530      0.30791      0.32530      0.33791
     2.05601      1.07323      1.13550      0.29659      0.30924      0.32659      0.33924
     2.08288      1.06992      1.13056      0.29803      0.31107      0.32803      0.34107
     2.10976      1.06699      1.12565      0.29963      0.31308      0.32963      0.34308
     2.13663      1.06439      1.12243      0.30076      0.31524      0.33076      0.34524
     2.16351      1.06210      1.11930      0.30208      0.31756      0.33208      0.34756
     2.19038      1.06009      1.11615      0.30360      0.32004      0.33360      0.35004
     2.21726      1.05833      1.11300      0.30535      0.32266      0.33535      0.35266
     2.24413      1.05679      1.10983      0.30733      0.32543      0.33733      0.35543
     2.27101      1.05546      1.10666      0.30954      0.32835      0.33954      0.35835
     2.29788      1.05257      1.10347      0.31199      0.33140      0.34199      0.36140
     2.32476      1.04831      1.10027      0.31468      0.33465      0.34468      0.36465
     2.35163      1.04434      1.09707      0.31763      0.33814      0.34763      0.36814
     2.37851      1.04067      1.09385      0.32082      0.34177      0.35082      0.37177
     2.40538      1.03728      1.09062      0.32428      0.34554      0.35428      0.37554
     2.43226      1.03417      1.08738      0.32799      0.34945      0.35799      0.37945
     2.45913      1.03134      1.08413      0.33196      0.35350      0.36196      0.38350
     2.48601      1.02877      1.08087      0.33620      0.35769      0.36620      0.38769
     2.51288      1.02645      1.07760      0.34070      0.36200      0.37070      0.39200
     2.53976      1.02439      1.07432      0.34546      0.36645      0.37546      0.39645
     2.56663      1.02256      1.07103      0.35050      0.37103      0.38050      0.40103
     2.59351      1.02095      1.06773      0.35580      0.37573      0.38580      0.40573
     2.62038      1.01957      1.06455      0.36108      0.38056      0.39108      0.41056
     2.64726      1.01839      1.06161      0.36644      0.38551      0.39644      0.41551
     2.67413      1.01742      1.05913      0.37206      0.39059      0.40206      0.42059
     2.70101      1.01664      1.05702      0.37788      0.39578      0.40788      0.42578
     2.72788      1.01603      1.05497      0.38343      0.40109      0.41343      0.43109
     2.75475      1.01561      1.05298      0.38916      0.40652      0.41916      0.43652
     2.78163      1.01534      1.05105      0.39507      0.41205      0.42507      0.44205
     2.80850      1.01524      1.04917      0.40117      0.41770      0.43117      0.44770
     2.83538      1.01528      1.04736      0.40746      0.42345      0.43746      0.45345
     2.86225      1.01547      1.04682      0.41392      0.42931      0.44392      0.45931
     2.88913      1.01524      1.04656      0.42057      0.43549      0.45057      0.46549
     2.91600      1.01399      1.04627      0.42741      0.44333      0.45741      0.47333
     2.94288      1.01283      1.04597      0.43442      0.45144      0.46442      0.48144
     2.96975      1.01177      1.04564      0.44162      0.45980      0.47162      0.48980
     2.99663      1.01080      1.04529      0.44794      0.46941      0.47794      0.49941
     3.02350      1.00991      1.04621      0.45406      0.47933      0.48406      0.50933
     3.05038      1.00911      1.04832      0.46024      0.48956      0.49024      0.51956
     3.07725      1.00772      1.05057      0.46648      0.50009      0.49648      0.53009
     3.10413      1.00445      1.05295      0.47277      0.51091      0.50277      0.54091
     3.13100      1.00120      1.05545      0.47911      0.52200      0.50911      0.55200
     3.15788      0.99797      1.05809      0.48551      0.53336      0.51551      0.56336
     3.18475      0.99477      1.06085      0.49194      0.54496      0.52194      0.57496
     3.21163      0.99159      1.06398      0.49841      0.55679      0.52841      0.58679
     3.23850      0.98845      1.06784      0.50492      0.56884      0.53492      0.59884
     3.26538      0.98533      1.07186      0.51145      0.58109      0.54145      0.61109
     3.29225      0.98225      1.07603      0.51801      0.59352      0.54801      0.62352
     3.31913      0.97921      1.08036      0.52460      0.60611      0.55460      0.63611
     3.34600      0.97620      1.08483      0.53120      0.61884      0.56120      0.64884
     3.37288      0.97324      1.08945      0.53781      0.63170      0.56781      0.66170
     3.39975      0.97031      1.09420      0.54444      0.64466      0.57444      0.67466
     3.42663      0.96744      1.09908      0.55107      0.65770      0.58107      0.68770
     3.45350      0.96461      1.10409      0.55771      0.67081      0.58771      0.70081
     3.48038      0.96183      1.10923      0.56434      0.68397      0.59434      0.71397
     3.50725      0.95910      1.11448      0.57098      0.69715      0.60098      0.72715
     3.53413      0.95642      1.11985      0.57761      0.71033      0.60761      0.74033
     3.56100      0.95380      1.12533      0.58423      0.72351      0.61423      0.75351
     3.58788      0.95124      1.13091      0.59083      0.73666      0.62083      0.76666
     3.61475      0.94873      1.13660      0.59743      0.74977      0.62743      0.77977
     3.64163      0.94628      1.14239      0.60401      0.76282      0.63401      0.79282
     3.66850      0.94390      1.14828      0.61057      0.77579      0.64057      0.80579
     3.69538      0.94157      1.15425      0.61711      0.78868      0.64711      0.81868
     3.72225      0.93931      1.16031      0.62363      0.80148      0.65363      0.83148
     3.74913      0.93711      1.16646      0.63012      0.81416      0.66012      0.84416
     3.77600      0.93498      1.17269      0.63659      0.82672      0.66659      0.85672
     3.80288      0.93291      1.17899      0.64304      0.83916      0.67304      0.86916
     3.82975      0.93090      1.18537      0.64945      0.85146      0.67945      0.88146
     3.85662      0.92897      1.19183      0.65584      0.86362      0.68584      0.89362
     3.88350      0.92710      1.19835      0.66219      0.87562      0.69219      0.90562
     3.91037      0.92530      1.20493      0.66852      0.88900      0.69852      0.91900
     3.93725      0.92357      1.21158      0.67481      0.90410      0.70481      0.93410
     3.96412      0.92191      1.21829      0.68107      0.91927      0.71107      0.94927
     3.99100      0.92032      1.22505      0.68729      0.93450      0.71729      0.96450
     4.01787      0.91879      1.23188      0.69349      0.94979      0.72349      0.97979
     4.04475      0.91734      1.23875      0.69964      0.96513      0.72964      0.99513
     4.07162      0.91595      1.24567      0.70577      0.98051      0.73577      1.01051
     4.09850      0.91463      1.25264      0.71186      0.99593      0.74186      1.02593
     4.12537      0.91338      1.25966      0.71791      1.01139      0.74791      1.04139
     4.15225      0.91220      1.26672      0.72393      1.02687      0.75393      1.05687
     4.17912      0.91109      1.27382      0.72992      1.04238      0.75992      1.07238
     4.20600      0.91004      1.28096      0.73587      1.05790      0.76587      1.08790
     4.23287      0.90906      1.28814      0.74178      1.07344      0.77178      1.10344
     4.25975      0.90815      1.29536      0.74766      1.08898      0.77766      1.11898
     4.28662      0.90731      1.30261      0.75351      1.10453      0.78351      1.13453
     4.31350      0.90653      1.30989      0.75933      1.12008      0.78933      1.15008
     4.34037      0.90582      1.31721      0.76511      1.13562      0.79511      1.16562
     4.36725      0.90517      1.32455      0.77086      1.15116      0.80086      1.18116
     4.39412      0.90459      1.33192      0.77657      1.16668      0.80657      1.19668
     4.42100      0.90407      1.33932      0.78226      1.18219      0.81226      1.21219
     4.44787      0.90361      1.34674      0.78791      1.19768      0.81791      1.22768
     4.47475      0.90321      1.35419      0.79353      1.21315      0.82353      1.24315
     4.50162      0.90288      1.36166      0.79913      1.22859      0.82913      1.25859
     4.52850      0.90261      1.36915      0.80469      1.24401      0.83469      1.27401
     4.55537      0.90239      1.37667      0.81022      1.25939      0.84022      1.28939
     4.58225      0.90224      1.38420      0.81573      1.27475      0.84573      1.30475
     4.60912      0.90214      1.39175      0.82120      1.29006      0.85120      1.32006
     4.63600      0.90210      1.39932      0.82665      1.30535      0.85665      1.33535
     4.66287      0.90212      1.40691      0.83208      1.32059      0.86208      1.35059
     4.68975      0.90220      1.41452      0.83747      1.33579      0.86747      1.36579
     4.71662      0.90232      1.42213      0.84285      1.35095      0.87285      1.38095
     4.74350      0.90251      1.42977      0.84819      1.36606      0.87819      1.39606
     4.77037      0.90274      1.43742      0.85352      1.38113      0.88352      1.41113
     4.79725      0.90303      1.44508      0.85882      1.39615      0.88882      1.42615
     4.82412      0.90337      1.45275      0.86409      1.41113      0.89409      1.44113
     4.85100      0.90377      1.46043      0.86935      1.42605      0.89935      1.45605
     4.87787      0.90421      1.46813      0.87458      1.44092      0.90458      1.47092
     4.90475      0.90470      1.47584      0.87979      1.45575      0.90979      1.48575
     4.93162      0.90524      1.48355      0.88498      1.47052      0.91498      1.50052
     4.95850      0.90583      1.49128      0.89015      1.48524      0.92015      1.51524
     4.98537      0.90646      1.49901      0.89530      1.49990      0.92530      1.52990
     5.01224      0.90714      1.50676      0.90044      1.51451      0.93044      1.54451
     5.03912      0.90787      1.51451      0.90555      1.52907      0.93555      1.55907
     5.06599      0.90864      1.52227      0.91065      1.54358      0.94065      1.57358
     5.09287      0.90945      1.53004      0.91573      1.55803      0.94573      1.58803
     5.11974      0.91031      1.53781      0.92079      1.57242      0.95079      1.60242
     5.14662      0.91121      1.54559      0.92584      1.58676      0.95584      1.61676
     5.17349      0.91215      1.55338      0.93087      1.60104      0.96087      1.63104
     5.20037      0.91313      1.56117      0.93589      1.61527      0.96589      1.64527
     5.22724      0.91416      1.56897      0.94089      1.62945      0.97089      1.65945
     5.25412      0.91522      1.57677      0.94588      1.64357      0.97588      1.67357
     5.28099      0.91632      1.58458      0.95085      1.65763      0.98085      1.68763
     5.30787      0.91745      1.59240      0.95581      1.67164      0.98581      1.70164
     5.33474      0.91863      1.60022      0.96076      1.68560      0.99076      1.71560
     5.36162      0.91984      1.60804      0.96570      1.69950      0.99570      1.72950
     5.38849      0.92109      1.61587      0.97062      1.71335      1.00062      1.74335
     5.41537      0.92237      1.62370      0.97554      1.72715      1.00554      1.75715
     5.44224      0.92369      1.63153      0.98044      1.74089      1.01044      1.77089
     5.46912      0.92504      1.63937      0.98533      1.75458      1.01533      1.78458
     5.49599      0.92642      1.64721      0.99021      1.76821      1.02021      1.79821
     5.52287      0.92784      1.65505      0.99508      1.78180      1.02508      1.81180
     5.54974      0.92929      1.66290      0.99994      1.79533      1.02994      1.82533
     5.57662      0.93077      1.67075      1.00479      1.80881      1.03479      1.83881
     5.60349      0.93228      1.67860      1.00964      1.82224      1.03964      1.85224
     5.63037      0.93383      1.68646      1.01447      1.83563      1.04447      1.86563
     5.65724      0.93540      1.69431      1.01929      1.84896      1.04929      1.87896
     5.68412      0.93700      1.70217      1.02411      1.86224      1.05411      1.89224
     5.71099      0.93863      1.71003      1.02892      1.87548      1.05892      1.90548
     5.73787      0.94029      1.71790      1.03372      1.88866      1.06372      1.91866
     5.76474      0.94197      1.72576      1.03852      1.90181      1.06852      1.93181
     5.79162      0.94369      1.73363      1.04331      1.91490      1.07331      1.94490
     5.81849      0.94543      1.74150      1.04809      1.92795      1.07809      1.95795
     5.84537      0.94719      1.74937      1.05286      1.94095      1.08286      1.97095
     5.87224      0.94899      1.75724      1.05763      1.95390      1.08763      1.98390
     5.89912      0.95080      1.76511      1.06239      1.96682      1.09239      1.99682
     5.92599      0.95265      1.77299      1.06715      1.97968      1.09715      2.00968
     5.95287      0.95451      1.78086      1.07190      1.99251      1.10190      2.02251
     5.97974      0.95640      1.78874      1.07665      2.00529      1.10665      2.03529
     6.00662      0.95832      1.79662      1.08139      2.01803      1.11139      2.04803
     6.03349      0.96026      1.80450      1.08612      2.03073      1.11612      2.06073
     6.06037      0.96222      1.81238      1.09085      2.04339      1.12085      2.07339
     6.08724      0.96420      1.82026      1.09558      2.05601      1.12558      2.08601
     6.11411      0.96620      1.82814      1.10030      2.06859      1.13030      2.09859
     6.14099      0.96823      1.83602      1.10502      2.08113      1.13502      2.11113
     6.16786      0.97027      1.84390      1.10973      2.09362      1.13973      2.12362
     6.19474      0.97234      1.85179      1.11444      2.10609      1.14444      2.13609
     6.22161      0.97443      1.85967      1.11915      2.11851      1.14915      2.14851
     6.24849      0.97654      1.86755      1.12385      2.13090      1.15385      2.16090
     6.27536      0.97866      1.87544      1.12855      2.14325      1.15855      2.17325
     6.30224      0.98081      1.88332      1.13325      2.15557      1.16325      2.18557
     6.32911      0.98298      1.89121      1.13794      2.16785      1.16794      2.19785
