# T/Tc, eta_max,eta_min
     1.00000      0.16621      0.12483
     1.05282      0.15481      0.12506
     1.10563      0.14792      0.12803
     1.15845      0.14733      0.13359
     1.21126      0.14879      0.13738
     1.26408      0.15116      0.13936
     1.31689      0.15461      0.13969
     1.36971      0.15789      0.13906
     1.42252      0.16054      0.13949
     1.47534      0.16308      0.14088
     1.52815      0.16561      0.14246
     1.58097      0.16800      0.14519
     1.63378      0.17017      0.14880
     1.68660      0.17212      0.15301
     1.73942      0.17399      0.15757
     1.79223      0.17596      0.16228
     1.84505      0.17822      0.16703
     1.89786      0.18187      0.17161
     1.95068      0.18752      0.17628
     2.00349      0.19531      0.18132
     2.05631      0.20282      0.18670
     2.10912      0.20980      0.19237
     2.16194      0.21612      0.19826
     2.21475      0.22179      0.20431
     2.26757      0.22722      0.21047
     2.32038      0.23462      0.21574
     2.37320      0.24183      0.21980
     2.42601      0.24880      0.22398
     2.47883      0.25553      0.22841
     2.53165      0.26199      0.23325
