# T/Tc, I/T^4_max,I/T^4_min
     0.63291      8.04568      4.80155
     0.65486      6.83765      3.96020
     0.67680      5.86107      3.28694
     0.69875      5.07547      2.75451
     0.72069      4.44902      2.34396
     0.74264      3.95610      2.04305
     0.76458      3.57514      1.84423
     0.78653      3.28712      1.74150
     0.80847      3.07468      1.72606
     0.83042      2.92216      1.78216
     0.85236      2.81635      1.88683
     0.87431      2.76558      2.01528
     0.89625      2.76715      2.14952
     0.91820      2.79048      2.28431
     0.94014      2.84302      2.42712
     0.96209      2.93277      2.59240
     0.98403      3.06332      2.77676
     1.00598      3.22967      2.98532
     1.02792      3.41659      3.21878
     1.04987      3.60716      3.45306
     1.07181      3.78040      3.66004
     1.09376      3.92255      3.81733
     1.11571      4.01249      3.91202
     1.13765      4.04114      3.93991
     1.15960      4.02456      3.92872
     1.18154      3.98164      3.89452
     1.20349      3.92951      3.85192
     1.22543      3.88628      3.81274
     1.24738      3.85866      3.78471
     1.26932      3.84535      3.77136
     1.29127      3.84479      3.77241
     1.31321      3.85281      3.78476
     1.33516      3.86392      3.79558
     1.35710      3.87266      3.80642
     1.37905      3.87431      3.81319
     1.40099      3.87580      3.81188
     1.42294      3.86459      3.79382
     1.44488      3.83846      3.75992
     1.46683      3.79733      3.71377
     1.48877      3.74488      3.65677
     1.51072      3.68233      3.59103
     1.53266      3.61546      3.51893
     1.55461      3.54155      3.44299
     1.57655      3.46291      3.36556
     1.59850      3.38181      3.28874
     1.62044      3.30033      3.21423
     1.64239      3.22035      3.14343
     1.66433      3.14350      3.07741
     1.68628      3.07111      3.00500
     1.70822      3.00430      2.93661
     1.73017      2.94382      2.87470
     1.75212      2.89016      2.81969
     1.77406      2.85071      2.77171
     1.79601      2.82010      2.72212
     1.81795      2.79603      2.67830
     1.83990      2.77742      2.63988
     1.86184      2.76290      2.60626
     1.88379      2.75098      2.57678
     1.90573      2.74016      2.55071
     1.92768      2.72915      2.52729
     1.94962      2.71693      2.50580
     1.97157      2.70279      2.48556
     1.99351      2.68630      2.46598
     2.01546      2.67468      2.44653
     2.03740      2.66060      2.42682
     2.05935      2.64380      2.40656
     2.08129      2.62425      2.38558
     2.10324      2.60201      2.36383
     2.12518      2.57718      2.34135
     2.14713      2.54991      2.31826
     2.16907      2.52035      2.29474
     2.19102      2.48873      2.27100
     2.21296      2.45524      2.24723
     2.23491      2.42011      2.21966
     2.25685      2.38354      2.18614
     2.27880      2.34565      2.15208
     2.30074      2.30658      2.11089
     2.32269      2.26639      2.07010
     2.34463      2.22512      2.02977
     2.36658      2.18612      1.98988
     2.38852      2.15430      1.95037
     2.41047      2.12093      1.91117
     2.43242      2.08591      1.87220
     2.45436      2.04921      1.83335
     2.47631      2.01086      1.79455
     2.49825      1.97096      1.75573
     2.52020      1.92962      1.71685
     2.54214      1.88702      1.67788
     2.56409      1.84333      1.63881
     2.58603      1.79874      1.59964
     2.60798      1.75345      1.56042
     2.62992      1.70759      1.52119
     2.65187      1.66266      1.48201
     2.67381      1.62152      1.44298
     2.69576      1.57981      1.40423
     2.71770      1.53765      1.36594
     2.73965      1.49514      1.32829
     2.76159      1.45237      1.28317
     2.78354      1.40943      1.23207
     2.80548      1.36640      1.18251
     2.82743      1.32333      1.13484
     2.84937      1.28028      1.08939
     2.87132      1.23730      1.04639
     2.89326      1.19436      1.00601
     2.91521      1.15143      0.96831
     2.93715      1.10846      0.93320
     2.95910      1.06536      0.90054
     2.98104      1.03292      0.87007
     3.00299      0.99966      0.84158
     3.02493      0.96542      0.81492
     3.04688      0.93019      0.78306
     3.06883      0.89818      0.74608
     3.09077      0.87423      0.70059
     3.11272      0.85227      0.65071
     3.13466      0.83294      0.59718
     3.15661      0.81644      0.54102
     3.17855      0.80246      0.48387
     3.20050      0.79030      0.42565
     3.22244      0.77914      0.36622
     3.24439      0.76819      0.30531
     3.26633      0.75688      0.24258
     3.28828      0.74485      0.17766
     3.31022      0.73187      0.11021
     3.33217      0.71775      0.03994
     3.35411      0.70225     -0.03330
     3.37606      0.68503     -0.10958
     3.39800      0.66572     -0.18884
     3.41995      0.64385     -0.27095
     3.44189      0.61898     -0.35575
     3.46384      0.59071     -0.44306
     3.48578      0.55872     -0.53269
     3.50773      0.52273     -0.62452
     3.52967      0.48262     -0.71841
     3.55162      0.43833     -0.81424
     3.57356      0.38990     -0.91186
     3.59551      0.33745     -1.01112
     3.61745      0.28118     -1.11181
     3.63940      0.22136     -1.21364
     3.66134      0.15829     -1.31629
     3.68329      0.09235     -1.41939
     3.70524      0.02392     -1.52252
     3.72718      0.00000     -1.62523
     3.74913      0.00000     -1.72707
     3.77107      0.00000     -1.82757
     3.79302      0.00000     -1.92629
     3.81496      0.00000     -2.02279
     3.83691      0.00000     -2.11668
     3.85885      0.00000     -2.20760
     3.88080      0.00000     -2.29523
     3.90274      0.00000     -2.37929
     3.92469      0.00000     -2.45958
     3.94663      0.00000     -2.53591
     3.96858      0.00000     -2.60817
     3.99052      0.00000     -2.67629
     4.01247      0.00000     -2.74028
     4.03441      0.00000     -2.80018
     4.05636      0.00000     -2.85611
     4.07830      0.00000     -2.90822
     4.10025      0.00000     -2.95669
     4.12219      0.00000     -3.00177
     4.14414      0.00000     -3.04371
     4.16608      0.00000     -3.08276
     4.18803      0.00000     -3.11918
     4.20997      0.00000     -3.15322
     4.23192      0.00000     -3.18511
     4.25386      0.00000     -3.21500
     4.27581      0.00000     -3.24306
     4.29775      0.00000     -3.26936
     4.31970      0.00000     -3.29393
     4.34164      0.00000     -3.31673
     4.36359      0.00000     -3.33767
     4.38554      0.00000     -3.35658
     4.40748      0.00000     -3.37322
     4.42943      0.00000     -3.38726
     4.45137      0.00000     -3.39832
     4.47332      0.00000     -3.40589
     4.49526      0.00000     -3.40939
     4.51721      0.00000     -3.40810
     4.53915      0.00000     -3.40125
     4.56110      0.00000     -3.38792
     4.58304      0.00000     -3.36722
     4.60499      0.00000     -3.33830
     4.62693      0.00000     -3.30061
     4.64888      0.00000     -3.25420
     4.67082      0.00000     -3.20010
     4.69277      0.00000     -3.14068
     4.71471      0.00000     -3.07980
     4.73666      0.00000     -3.02249
     4.75860      0.00000     -2.97406
     4.78055      0.00000     -2.93881
     4.80249      0.00000     -2.91913
     4.82444      0.00000     -2.91514
     4.84638      0.00000     -2.92515
     4.86833      0.00000     -2.94648
     4.89027      0.00000     -2.97619
     4.91222      0.00000     -3.01162
     4.93416      0.00000     -3.05053
     4.95611      0.00000     -3.09122
     4.97805      0.00000     -3.13241
     5.00000      0.00000     -3.17319
