# T/Tc, P/T^4_max,P/T^4_min
     0.63291      0.00000     -1.03946
     0.65486      0.00000     -0.78641
     0.67680      0.00000     -0.57761
     0.69875      0.00000     -0.40351
     0.72069      0.07353     -0.25657
     0.74264      0.13909     -0.13078
     0.76458      0.19547     -0.02134
     0.78653      0.24599      0.07538
     0.80847      0.29352      0.15675
     0.83042      0.34036      0.23327
     0.85236      0.38812      0.30633
     0.87431      0.43768      0.37681
     0.89625      0.48930      0.44535
     0.91820      0.54292      0.51252
     0.94014      0.59852      0.57898
     0.96209      0.65683      0.64554
     0.98403      0.71744      0.71307
     1.00598      0.78241      0.78092
     1.02792      0.85410      0.84783
     1.04987      0.92824      0.91831
     1.07181      1.00445      0.99195
     1.09376      1.08192      1.06781
     1.11571      1.15991      1.14471
     1.13765      1.23733      1.22145
     1.15960      1.31322      1.29705
     1.18154      1.38765      1.37087
     1.20349      1.46013      1.44263
     1.22543      1.53044      1.51230
     1.24738      1.59882      1.58007
     1.26932      1.66558      1.64620
     1.29127      1.73103      1.71101
     1.31321      1.79540      1.77475
     1.33516      1.85885      1.83760
     1.35710      1.92145      1.89964
     1.37905      1.98318      1.96087
     1.40099      2.04393      2.02121
     1.42294      2.10357      2.08052
     1.44488      2.16193      2.13865
     1.46683      2.21887      2.19543
     1.48877      2.27423      2.25072
     1.51072      2.32790      2.30440
     1.53266      2.37980      2.35637
     1.55461      2.42988      2.40658
     1.57655      2.47814      2.45502
     1.59850      2.52461      2.50170
     1.62044      2.56979      2.54664
     1.64239      2.61319      2.58993
     1.66433      2.65490      2.63162
     1.68628      2.69522      2.67183
     1.70822      2.73432      2.71064
     1.73017      2.77207      2.74818
     1.75212      2.80859      2.78455
     1.77406      2.84398      2.81987
     1.79601      2.87834      2.85424
     1.81795      2.91177      2.88776
     1.83990      2.94436      2.92051
     1.86184      2.97619      2.95258
     1.88379      3.00741      2.98401
     1.90573      3.03854      3.01484
     1.92768      3.06910      3.04511
     1.94962      3.09910      3.07483
     1.97157      3.12854      3.10400
     1.99351      3.15742      3.13263
     2.01546      3.18575      3.16072
     2.03740      3.21350      3.18824
     2.05935      3.24068      3.21521
     2.08129      3.26728      3.24161
     2.10324      3.29329      3.26743
     2.12518      3.31872      3.29269
     2.14713      3.34412      3.31736
     2.16907      3.36939      3.34147
     2.19102      3.39405      3.36500
     2.21296      3.41810      3.38796
     2.23491      3.44154      3.41036
     2.25685      3.46437      3.43222
     2.27880      3.48661      3.45353
     2.30074      3.50876      3.47432
     2.32269      3.53047      3.49460
     2.34463      3.55159      3.51437
     2.36658      3.57212      3.53365
     2.38852      3.59207      3.55244
     2.41047      3.61144      3.57075
     2.43242      3.63021      3.58859
     2.45436      3.64841      3.60595
     2.47631      3.66603      3.62285
     2.49825      3.68306      3.63928
     2.52020      3.69952      3.65525
     2.54214      3.71541      3.67075
     2.56409      3.73074      3.68578
     2.58603      3.74550      3.70036
     2.60798      3.75972      3.71448
     2.62992      3.77340      3.72814
     2.65187      3.78654      3.74135
     2.67381      3.79958      3.75413
     2.69576      3.81218      3.76646
     2.71770      3.82433      3.77837
     2.73965      3.83601      3.78987
     2.76159      3.84725      3.80096
     2.78354      3.85804      3.81165
     2.80548      3.86841      3.82196
     2.82743      3.87835      3.83191
     2.84937      3.88787      3.84150
     2.87132      3.89698      3.85075
     2.89326      3.90568      3.85966
     2.91521      3.91399      3.86826
     2.93715      3.92190      3.87655
     2.95910      3.92946      3.88453
     2.98104      3.93672      3.89221
     3.00299      3.94358      3.89960
     3.02493      3.95003      3.90669
     3.04688      3.95607      3.91348
     3.06883      3.96171      3.91998
     3.09077      3.96693      3.92618
     3.11272      3.97174      3.93208
     3.13466      3.97613      3.93768
     3.15661      3.98010      3.94299
     3.17855      3.98365      3.94801
     3.20050      3.98678      3.95274
     3.22244      3.98948      3.95718
     3.24439      3.99208      3.96134
     3.26633      3.99441      3.96521
     3.28828      3.99642      3.96879
     3.31022      3.99932      3.97206
     3.33217      4.00216      3.97501
     3.35411      4.00472      3.97762
     3.37606      4.00698      3.97988
     3.39800      4.00970      3.98177
     3.41995      4.01301      3.98327
     3.44189      4.01611      3.98437
     3.46384      4.01899      3.98506
     3.48578      4.02162      3.98508
     3.50773      4.02399      3.98235
     3.52967      4.02608      3.97816
     3.55162      4.02788      3.97341
     3.57356      4.02937      3.96810
     3.59551      4.03135      3.96221
     3.61745      4.03323      3.95575
     3.63940      4.03476      3.94872
     3.66134      4.03590      3.94112
     3.68329      4.03665      3.93294
     3.70524      4.03700      3.92421
     3.72718      4.03693      3.91491
     3.74913      4.03645      3.90507
     3.77107      4.03554      3.89470
     3.79302      4.03422      3.88381
     3.81496      4.03247      3.87241
     3.83691      4.03031      3.86054
     3.85885      4.02774      3.84821
     3.88080      4.02477      3.83544
     3.90274      4.02142      3.82226
     3.92469      4.01769      3.80869
     3.94663      4.01361      3.79476
     3.96858      4.00919      3.78050
     3.99052      4.00445      3.76593
     4.01247      3.99941      3.75107
     4.03441      3.99409      3.73596
     4.05636      3.98851      3.72062
     4.07830      3.98270      3.70506
     4.10025      3.97666      3.68932
     4.12219      3.97044      3.67342
     4.14414      3.96404      3.65737
     4.16608      3.95749      3.64119
     4.18803      3.95080      3.62490
     4.20997      3.94400      3.60851
     4.23192      3.93711      3.59203
     4.25386      3.93013      3.57548
     4.27581      3.92309      3.55886
     4.29775      3.91599      3.54219
     4.31970      3.90885      3.52548
     4.34164      3.90169      3.50873
     4.36359      3.89450      3.49195
     4.38554      3.88729      3.47516
     4.40748      3.88008      3.45836
     4.42943      3.87287      3.44157
     4.45137      3.86566      3.42480
     4.47332      3.85845      3.40807
     4.49526      3.85125      3.39139
     4.51721      3.84407      3.37479
     4.53915      3.83689      3.35829
     4.56110      3.82974      3.34191
     4.58304      3.82261      3.32570
     4.60499      3.81551      3.30968
     4.62693      3.80844      3.29389
     4.64888      3.80141      3.27838
     4.67082      3.79444      3.26318
     4.69277      3.78754      3.24832
     4.71471      3.78072      3.23381
     4.73666      3.77400      3.21964
     4.75860      3.76740      3.20579
     4.78055      3.76095      3.19219
     4.80249      3.75465      3.17878
     4.82444      3.74854      3.16549
     4.84638      3.74262      3.15224
     4.86833      3.73689      3.13898
     4.89027      3.73134      3.12566
     4.91222      3.72595      3.11226
     4.93416      3.72069      3.09875
     4.95611      3.71551      3.08512
     4.97805      3.71039      3.07137
     5.00000      3.70527      3.05750
