# T/Tc, cs_max,cs_min
     0.63291      0.92349      0.57065
     0.65486      0.66920      0.44608
     0.67680      0.48823      0.35697
     0.69875      0.36410      0.29485
     0.72069      0.29984      0.24658
     0.74264      0.26076      0.21427
     0.76458      0.23755      0.19214
     0.78653      0.22022      0.17356
     0.80847      0.20674      0.16164
     0.83042      0.19554      0.15479
     0.85236      0.18565      0.15037
     0.87431      0.17669      0.14677
     0.89625      0.16888      0.14356
     0.91820      0.16274      0.14118
     0.94014      0.15887      0.14046
     0.96209      0.15763      0.14207
     0.98403      0.15977      0.14630
     1.00598      0.16475      0.15293
     1.02792      0.17124      0.16131
     1.04987      0.17851      0.17049
     1.07181      0.18587      0.17956
     1.09376      0.19278      0.18777
     1.11571      0.19900      0.19486
     1.13765      0.20442      0.20089
     1.15960      0.20916      0.20611
     1.18154      0.21333      0.21073
     1.20349      0.21698      0.21453
     1.22543      0.22047      0.21748
     1.24738      0.22327      0.21986
     1.26932      0.22561      0.22193
     1.29127      0.22780      0.22397
     1.31321      0.23011      0.22609
     1.33516      0.23274      0.22843
     1.35710      0.23580      0.23127
     1.37905      0.23932      0.23464
     1.40099      0.24324      0.23852
     1.42294      0.24748      0.24284
     1.44488      0.25191      0.24748
     1.46683      0.25636      0.25231
     1.48877      0.26071      0.25717
     1.51072      0.26519      0.26189
     1.53266      0.26961      0.26631
     1.55461      0.27364      0.26999
     1.57655      0.27702      0.27302
     1.59850      0.27967      0.27545
     1.62044      0.28190      0.27700
     1.64239      0.28376      0.27765
     1.66433      0.28504      0.27778
     1.68628      0.28577      0.27752
     1.70822      0.28605      0.27699
     1.73017      0.28596      0.27632
     1.75212      0.28559      0.27565
     1.77406      0.28504      0.27509
     1.79601      0.28440      0.27446
     1.81795      0.28374      0.27371
     1.83990      0.28313      0.27285
     1.86184      0.28263      0.27228
     1.88379      0.28228      0.27204
     1.90573      0.28210      0.27214
     1.92768      0.28211      0.27256
     1.94962      0.28231      0.27331
     1.97157      0.28269      0.27435
     1.99351      0.28343      0.27565
     2.01546      0.28537      0.27717
     2.03740      0.28737      0.27886
     2.05935      0.28937      0.28070
     2.08129      0.29134      0.28262
     2.10324      0.29326      0.28459
     2.12518      0.29510      0.28601
     2.14713      0.29686      0.28725
     2.16907      0.29853      0.28849
     2.19102      0.30010      0.28973
     2.21296      0.30157      0.29098
     2.23491      0.30295      0.29226
     2.25685      0.30425      0.29359
     2.27880      0.30547      0.29452
     2.30074      0.30664      0.29545
     2.32269      0.30776      0.29645
     2.34463      0.30886      0.29757
     2.36658      0.30994      0.29880
     2.38852      0.31103      0.30016
     2.41047      0.31217      0.30165
     2.43242      0.31415      0.30327
     2.45436      0.31613      0.30499
     2.47631      0.31808      0.30680
     2.49825      0.32000      0.30869
     2.52020      0.32187      0.31062
     2.54214      0.32381      0.31258
     2.56409      0.32612      0.31454
     2.58603      0.32838      0.31649
     2.60798      0.33055      0.31841
     2.62992      0.33262      0.32030
     2.65187      0.33455      0.32213
     2.67381      0.33630      0.32380
     2.69576      0.33783      0.32479
     2.71770      0.33913      0.32567
     2.73965      0.34015      0.32645
     2.76159      0.34089      0.32716
     2.78354      0.34134      0.32782
     2.80548      0.34151      0.32831
     2.82743      0.34142      0.32833
     2.84937      0.34118      0.32835
     2.87132      0.34294      0.32842
     2.89326      0.34481      0.32856
     2.91521      0.34682      0.32880
     2.93715      0.34899      0.32910
     2.95910      0.35133      0.32941
     2.98104      0.35385      0.32966
     3.00299      0.35656      0.32976
     3.02493      0.35945      0.32969
     3.04688      0.36251      0.32942
     3.06883      0.36575      0.32901
     3.09077      0.36919      0.32851
     3.11272      0.37284      0.32797
     3.13466      0.37675      0.32744
     3.15661      0.38098      0.32695
     3.17855      0.38557      0.32655
     3.20050      0.39061      0.32628
     3.22244      0.39615      0.32622
     3.24439      0.40227      0.32644
     3.26633      0.40902      0.32705
     3.28828      0.41646      0.32808
     3.31022      0.42466      0.32958
     3.33217      0.43364      0.33157
     3.35411      0.44347      0.33404
     3.37606      0.45417      0.33699
     3.39800      0.46578      0.34043
     3.41995      0.47833      0.34438
     3.44189      0.49185      0.34886
     3.46384      0.50638      0.35389
     3.48578      0.52194      0.35947
     3.50773      0.53859      0.36559
     3.52967      0.55636      0.37223
     3.55162      0.57526      0.37935
     3.57356      0.59530      0.38690
     3.59551      0.61645      0.39333
     3.61745      0.63862      0.39964
     3.63940      0.66164      0.40537
     3.66134      0.68531      0.40784
     3.68329      0.70929      0.41026
     3.70524      0.73320      0.41260
     3.72718      0.75655      0.41486
     3.74913      0.77885      0.41700
     3.77107      0.79952      0.41901
     3.79302      0.81803      0.42086
     3.81496      0.83389      0.42252
     3.83691      0.84670      0.42397
     3.85885      0.85621      0.42520
     3.88080      0.86229      0.42574
     3.90274      0.86497      0.42440
     3.92469      0.86446      0.42309
     3.94663      0.86111      0.42193
     3.96858      0.85535      0.42101
     3.99052      0.84768      0.42042
     4.01247      0.83866      0.42020
     4.03441      0.82879      0.42040
     4.05636      0.81855      0.42104
     4.07830      0.80838      0.42208
     4.10025      0.79859      0.42348
     4.12219      0.78946      0.42400
     4.14414      0.78113      0.42322
     4.16608      0.77368      0.42246
     4.18803      0.76707      0.42171
     4.20997      0.76119      0.42099
     4.23192      0.75583      0.42031
     4.25386      0.75068      0.41963
     4.27581      0.74537      0.41896
     4.29775      0.73943      0.41798
     4.31970      0.73232      0.41462
     4.34164      0.72344      0.41165
     4.36359      0.71218      0.40286
     4.38554      0.69795      0.39105
     4.40748      0.68025      0.37797
     4.42943      0.65871      0.36463
     4.45137      0.63326      0.35220
     4.47332      0.60418      0.34192
     4.49526      0.57218      0.33479
     4.51721      0.55536      0.33145
     4.53915      0.55534      0.33221
     4.56110      0.55468      0.33715
     4.58304      0.55312      0.34626
     4.60499      0.55038      0.35288
     4.62693      0.54617      0.34628
     4.64888      0.54022      0.33946
     4.67082      0.53229      0.33567
     4.69277      0.52222      0.33277
     4.71471      0.50996      0.32901
     4.73666      0.55317      0.32793
     4.75860      0.60356      0.32977
     4.78055      0.65406      0.33255
     4.80249      0.70133      0.32974
     4.82444      0.74286      0.32894
     4.84638      0.77740      0.32726
     4.86833      0.80494      0.32548
     4.89027      0.82622      0.32581
     4.91222      0.95385      0.32716
     4.93416      1.09662      0.32112
     4.95611      1.24261      0.31711
     4.97805      1.37909      0.31529
     5.00000      1.49421      0.31572
