# T/Tc, sigma/T(strange)_max,sigma/T(strange)_min, sigma/T(full)_max, sigma/T(full)_min
     1.00000      0.00023      0.00019      0.00539      0.00355
     1.07464      0.00031      0.00029      0.00660      0.00504
     1.14928      0.00040      0.00037      0.00755      0.00661
     1.22392      0.00048      0.00045      0.00855      0.00752
     1.29856      0.00056      0.00053      0.00957      0.00823
     1.37320      0.00063      0.00059      0.01071      0.00860
     1.44784      0.00070      0.00065      0.01150      0.00891
     1.52248      0.00077      0.00072      0.01187      0.00902
     1.59712      0.00084      0.00078      0.01182      0.00907
     1.67176      0.00092      0.00085      0.01143      0.00891
     1.74640      0.00100      0.00092      0.01084      0.00871
     1.82104      0.00109      0.00098      0.01030      0.00850
     1.89568      0.00122      0.00106      0.01038      0.00829
     1.97032      0.00136      0.00114      0.01030      0.00802
     2.04496      0.00149      0.00124      0.01004      0.00770
     2.11960      0.00162      0.00134      0.00963      0.00748
     2.19424      0.00177      0.00146      0.00921      0.00737
     2.26888      0.00196      0.00159      0.00903      0.00735
     2.34352      0.00215      0.00174      0.00911      0.00742
     2.41816      0.00234      0.00187      0.00939      0.00750
     2.49280      0.00252      0.00196      0.00969      0.00741
     2.56744      0.00274      0.00205      0.01008      0.00742
     2.64208      0.00295      0.00216      0.01049      0.00757
     2.71672      0.00312      0.00228      0.01093      0.00790
     2.79136      0.00327      0.00243      0.01140      0.00850
     2.86600      0.00336      0.00260      0.01188      0.00943
     2.94064      0.00371      0.00281      0.01429      0.00999
     3.01528      0.00410      0.00291      0.01926      0.01031
     3.08992      0.00453      0.00286      0.02945      0.01052
     3.16456      0.00509      0.00280      0.05402      0.01075
