# T/Tc, widthG_min*eval, widthG_max*eval, widthL_min*eval, widthL_max*eval, widthS_min*eval, widthS_max*eval
     0.98101      0.12837      0.13183      0.04340      0.05769      0.15544      0.16424
     1.00789      0.13149      0.13480      0.04568      0.05909      0.15912      0.16671
     1.03476      0.13453      0.13766      0.04798      0.06045      0.16268      0.16909
     1.06164      0.13750      0.14040      0.05030      0.06177      0.16609      0.17139
     1.08851      0.13978      0.14301      0.05264      0.06306      0.16888      0.17360
     1.11539      0.14174      0.14551      0.05500      0.06431      0.17157      0.17574
     1.14226      0.14370      0.14788      0.05737      0.06554      0.17419      0.17781
     1.16914      0.14567      0.15012      0.05975      0.06742      0.17673      0.17980
     1.19601      0.14764      0.15223      0.06214      0.06962      0.17920      0.18172
     1.22289      0.14960      0.15421      0.06455      0.07176      0.18159      0.18406
     1.24976      0.15157      0.15606      0.06697      0.07384      0.18389      0.18645
     1.27664      0.15354      0.15812      0.06940      0.07587      0.18609      0.18868
     1.30351      0.15549      0.16021      0.07186      0.07783      0.18817      0.19077
     1.33039      0.15743      0.16217      0.07416      0.07975      0.19002      0.19268
     1.35726      0.15934      0.16399      0.07551      0.08163      0.19136      0.19443
     1.38414      0.16122      0.16565      0.07693      0.08348      0.19257      0.19598
     1.41101      0.16305      0.16716      0.07842      0.08532      0.19361      0.19734
     1.43789      0.16481      0.16851      0.08001      0.08767      0.19447      0.19848
     1.46476      0.16591      0.16967      0.08171      0.09016      0.19513      0.19940
     1.49164      0.16650      0.17065      0.08352      0.09266      0.19535      0.20007
     1.51851      0.16696      0.17143      0.08547      0.09519      0.19527      0.20050
     1.54539      0.16727      0.17202      0.08757      0.09776      0.19497      0.20066
     1.57226      0.16745      0.17240      0.08983      0.10037      0.19442      0.20055
     1.59913      0.16749      0.17329      0.09228      0.10304      0.19365      0.20016
     1.62601      0.16740      0.17419      0.09491      0.10641      0.19266      0.19948
     1.65288      0.16718      0.17490      0.09775      0.11009      0.19146      0.19851
     1.67976      0.16683      0.17540      0.10081      0.11395      0.18962      0.19725
     1.70663      0.16636      0.17568      0.10409      0.11796      0.18731      0.19570
     1.73351      0.16578      0.17573      0.10762      0.12213      0.18467      0.19387
     1.76038      0.16417      0.17554      0.11139      0.12643      0.18172      0.19177
     1.78726      0.16224      0.17511      0.11541      0.13084      0.17853      0.18942
     1.81413      0.16016      0.17444      0.11969      0.13532      0.17517      0.18686
     1.84101      0.15800      0.17353      0.12423      0.13984      0.17169      0.18407
     1.86788      0.15582      0.17239      0.12903      0.14436      0.16819      0.18106
     1.89476      0.15366      0.17104      0.13364      0.14884      0.16473      0.17791
     1.92163      0.15159      0.16950      0.13789      0.15325      0.16137      0.17464
     1.94851      0.14964      0.16778      0.14229      0.15755      0.15817      0.17128
     1.97538      0.14785      0.16592      0.14682      0.16173      0.15517      0.16784
     2.00226      0.14625      0.16395      0.15146      0.16576      0.15239      0.16437
     2.02913      0.14484      0.16188      0.15619      0.16962      0.14987      0.16093
     2.05601      0.14363      0.15976      0.16098      0.17332      0.14759      0.15794
     2.08288      0.14263      0.15761      0.16580      0.17812      0.14556      0.15551
     2.10976      0.14183      0.15545      0.17061      0.18412      0.14377      0.15316
     2.13663      0.14122      0.15331      0.17539      0.19011      0.14220      0.15088
     2.16351      0.14078      0.15122      0.18010      0.19605      0.14084      0.14871
     2.19038      0.14050      0.14922      0.18472      0.20191      0.13860      0.14663
     2.21726      0.14036      0.14755      0.18920      0.20832      0.13539      0.14466
     2.24413      0.13996      0.14596      0.19353      0.21481      0.13233      0.14280
     2.27101      0.13882      0.14493      0.19673      0.22117      0.12943      0.14104
     2.29788      0.13780      0.14419      0.19896      0.22737      0.12670      0.13939
     2.32476      0.13690      0.14353      0.20105      0.23335      0.12413      0.13784
     2.35163      0.13614      0.14294      0.20300      0.23906      0.12174      0.13639
     2.37851      0.13550      0.14245      0.20482      0.24446      0.11952      0.13502
     2.40538      0.13499      0.14226      0.20649      0.24948      0.11748      0.13421
     2.43226      0.13460      0.14279      0.20803      0.25407      0.11561      0.13373
     2.45913      0.13435      0.14334      0.20942      0.25816      0.11392      0.13323
     2.48601      0.13422      0.14392      0.21066      0.26168      0.11239      0.13270
     2.51288      0.13390      0.14450      0.21174      0.26455      0.11102      0.13212
     2.53976      0.13352      0.14510      0.21266      0.26670      0.10981      0.13147
     2.56663      0.13330      0.14569      0.21341      0.26802      0.10875      0.13074
     2.59351      0.13323      0.14627      0.21397      0.26844      0.10784      0.12991
     2.62038      0.13332      0.14684      0.21433      0.26784      0.10708      0.12897
     2.64726      0.13358      0.14738      0.21449      0.26613      0.10645      0.12791
     2.67413      0.13401      0.14789      0.21442      0.26320      0.10549      0.12670
     2.70101      0.13463      0.14837      0.21413      0.25896      0.10438      0.12535
     2.72788      0.13544      0.14881      0.21359      0.25332      0.10333      0.12382
     2.75475      0.13646      0.14921      0.21279      0.24621      0.10232      0.12213
     2.78163      0.13770      0.14955      0.21172      0.23758      0.10136      0.12025
     2.80850      0.13918      0.14985      0.21038      0.22884      0.10045      0.11819
     2.83538      0.14011      0.15008      0.20875      0.22619      0.09957      0.11594
     2.86225      0.14103      0.15026      0.20264      0.22309      0.09873      0.11350
     2.88913      0.14203      0.15087      0.18826      0.21956      0.09791      0.11088
     2.91600      0.14310      0.15247      0.17278      0.21558      0.09710      0.10808
     2.94288      0.14425      0.15420      0.15648      0.21117      0.09453      0.10732
     2.96975      0.14547      0.15607      0.13967      0.20634      0.09186      0.10800
     2.99663      0.14676      0.15807      0.12270      0.20110      0.08866      0.10876
     3.02350      0.14811      0.16129      0.10595      0.19547      0.08488      0.10960
     3.05038      0.14952      0.16544      0.08980      0.18947      0.08111      0.11051
     3.07725      0.14961      0.16986      0.07458      0.18311      0.07740      0.11149
     3.10413      0.14932      0.17454      0.06059      0.17823      0.07380      0.11254
     3.13100      0.14900      0.17944      0.04804      0.17417      0.07037      0.11365
     3.15788      0.14866      0.18452      0.03707      0.17005      0.06713      0.11482
     3.18475      0.14830      0.18973      0.02773      0.16590      0.06412      0.11605
     3.21163      0.14794      0.19505      0.01999      0.16175      0.06135      0.11733
     3.23850      0.14759      0.20043      0.01379      0.15765      0.05885      0.11865
     3.26538      0.14724      0.20582      0.00897      0.15362      0.05659      0.12002
     3.29225      0.14692      0.21119      0.00539      0.14969      0.05459      0.12143
     3.31913      0.14661      0.21651      0.00287      0.14588      0.05282      0.12287
     3.34600      0.14634      0.22175      0.00124      0.14221      0.05127      0.12435
     3.37288      0.14609      0.22690      0.00034      0.13870      0.04992      0.12585
     3.39975      0.14589      0.23193      0.00001      0.13536      0.04876      0.12737
     3.42663      0.14572      0.23685      0.00013      0.13220      0.04776      0.12891
     3.45350      0.14560      0.24163      0.00058      0.12922      0.04691      0.13048
     3.48038      0.14552      0.24627      0.00128      0.12643      0.04534      0.13205
     3.50725      0.14549      0.25079      0.00215      0.12382      0.04356      0.13364
     3.53413      0.14550      0.25517      0.00312      0.12140      0.04192      0.13523
     3.56100      0.14555      0.25943      0.00298      0.11915      0.04040      0.13683
     3.58788      0.14565      0.26356      0.00215      0.11707      0.03901      0.13843
     3.61475      0.14579      0.26758      0.00149      0.11516      0.03773      0.14004
     3.64163      0.14598      0.27150      0.00099      0.11340      0.03656      0.14164
     3.66850      0.14620      0.27531      0.00061      0.11180      0.03549      0.14324
     3.69538      0.14646      0.27903      0.00034      0.11033      0.03450      0.14483
     3.72225      0.14676      0.28266      0.00016      0.10900      0.03360      0.14642
     3.74913      0.14709      0.28621      0.00005      0.10779      0.03278      0.14799
     3.77600      0.14746      0.28969      0.00000      0.10670      0.03203      0.14956
     3.80288      0.14785      0.29311      0.00001      0.10571      0.03134      0.15112
     3.82975      0.14828      0.29646      0.00006      0.10483      0.03071      0.15267
     3.85662      0.14873      0.29976      0.00014      0.10404      0.03014      0.15421
     3.88350      0.14921      0.30301      0.00026      0.10333      0.02961      0.15574
     3.91037      0.14971      0.30622      0.00040      0.10271      0.02913      0.15725
     3.93725      0.15023      0.30938      0.00037      0.10215      0.02870      0.15875
     3.96412      0.15077      0.31250      0.00004      0.10167      0.02830      0.16024
     3.99100      0.15134      0.31589      0.00005      0.10125      0.02793      0.16172
     4.01787      0.15192      0.32153      0.00039      0.10088      0.02760      0.16318
     4.04475      0.15251      0.32716      0.00103      0.10057      0.02730      0.16463
     4.07162      0.15312      0.33279      0.00164      0.10031      0.02702      0.16606
     4.09850      0.15375      0.33840      0.00189      0.10009      0.02677      0.16749
     4.12537      0.15439      0.34400      0.00215      0.09992      0.02654      0.16890
     4.15225      0.15504      0.34958      0.00241      0.09978      0.02633      0.17029
     4.17912      0.15570      0.35514      0.00269      0.09968      0.02614      0.17168
     4.20600      0.15637      0.36067      0.00297      0.09961      0.02596      0.17305
     4.23287      0.15706      0.36617      0.00326      0.09958      0.02580      0.17441
     4.25975      0.15775      0.37163      0.00356      0.09957      0.02566      0.17576
     4.28662      0.15845      0.37706      0.00386      0.09958      0.02553      0.17710
     4.31350      0.15916      0.38245      0.00417      0.09962      0.02541      0.17843
     4.34037      0.15987      0.38780      0.00448      0.09969      0.02530      0.17975
     4.36725      0.16059      0.39311      0.00480      0.09977      0.02521      0.18105
     4.39412      0.16132      0.39838      0.00512      0.09987      0.02512      0.18235
     4.42100      0.16205      0.40360      0.00545      0.09999      0.02504      0.18364
     4.44787      0.16279      0.40877      0.00578      0.10012      0.02497      0.18492
     4.47475      0.16354      0.41390      0.00612      0.10027      0.02491      0.18619
     4.50162      0.16428      0.41899      0.00646      0.10044      0.02486      0.18745
     4.52850      0.16504      0.42402      0.00681      0.10062      0.02481      0.18871
     4.55537      0.16580      0.42901      0.00715      0.10081      0.02477      0.18995
     4.58225      0.16656      0.43395      0.00751      0.10101      0.02473      0.19119
     4.60912      0.16732      0.43884      0.00786      0.10122      0.02470      0.19242
     4.63600      0.16809      0.44368      0.00822      0.10144      0.02467      0.19365
     4.66287      0.16886      0.44848      0.00859      0.10168      0.02465      0.19487
     4.68975      0.16964      0.45323      0.00896      0.10192      0.02463      0.19608
     4.71662      0.17041      0.45793      0.00933      0.10217      0.02462      0.19729
     4.74350      0.17119      0.46259      0.00970      0.10242      0.02461      0.19849
     4.77037      0.17198      0.46720      0.01008      0.10269      0.02461      0.19969
     4.79725      0.17276      0.47176      0.01046      0.10296      0.02460      0.20088
     4.82412      0.17355      0.47629      0.01084      0.10323      0.02460      0.20206
     4.85100      0.17434      0.48077      0.01123      0.10352      0.02461      0.20325
     4.87787      0.17513      0.48520      0.01162      0.10381      0.02462      0.20442
     4.90475      0.17592      0.48960      0.01201      0.10410      0.02463      0.20560
     4.93162      0.17672      0.49395      0.01240      0.10440      0.02464      0.20677
     4.95850      0.17752      0.49827      0.01280      0.10471      0.02465      0.20793
     4.98537      0.17831      0.50254      0.01320      0.10502      0.02467      0.20909
     5.01224      0.17911      0.50678      0.01360      0.10533      0.02469      0.21025
     5.03912      0.17992      0.51098      0.01401      0.10565      0.02471      0.21141
     5.06599      0.18072      0.51515      0.01441      0.10597      0.02473      0.21256
     5.09287      0.18152      0.51928      0.01482      0.10629      0.02475      0.21371
     5.11974      0.18233      0.52337      0.01523      0.10662      0.02478      0.21486
     5.14662      0.18314      0.52743      0.01565      0.10793      0.02481      0.21600
     5.17349      0.18394      0.53146      0.01606      0.11033      0.02484      0.21714
     5.20037      0.18475      0.53546      0.01648      0.11269      0.02487      0.21828
     5.22724      0.18556      0.53943      0.01690      0.11502      0.02490      0.21942
     5.25412      0.18638      0.54337      0.01732      0.11730      0.02494      0.22056
     5.28099      0.18719      0.54728      0.01774      0.11955      0.02497      0.22169
     5.30787      0.18800      0.55116      0.01817      0.12176      0.02501      0.22282
     5.33474      0.18882      0.55501      0.01859      0.12394      0.02504      0.22395
     5.36162      0.18963      0.55884      0.01902      0.12608      0.02508      0.22508
     5.38849      0.19045      0.56265      0.01945      0.12819      0.02512      0.22621
     5.41537      0.19126      0.56643      0.01988      0.13027      0.02516      0.22733
     5.44224      0.19208      0.57018      0.02031      0.13231      0.02521      0.22846
     5.46912      0.19290      0.57391      0.02074      0.13432      0.02525      0.22958
     5.49599      0.19372      0.57762      0.02117      0.13630      0.02529      0.23070
     5.52287      0.19454      0.58131      0.02161      0.13825      0.02534      0.23182
     5.54974      0.19536      0.58497      0.02158      0.14017      0.02538      0.23294
     5.57662      0.19618      0.58862      0.02139      0.14206      0.02543      0.23406
     5.60349      0.19701      0.59225      0.02120      0.14392      0.02548      0.23518
     5.63037      0.19783      0.59585      0.02102      0.14576      0.02553      0.23629
     5.65724      0.19865      0.59944      0.02085      0.14757      0.02558      0.23741
     5.68412      0.19948      0.60301      0.02068      0.14935      0.02563      0.23852
     5.71099      0.20030      0.60657      0.02051      0.15111      0.02568      0.23964
     5.73787      0.20113      0.61011      0.02035      0.15284      0.02573      0.24075
     5.76474      0.20195      0.61363      0.02019      0.15455      0.02578      0.24186
     5.79162      0.20278      0.61713      0.02004      0.15624      0.02583      0.24298
     5.81849      0.20361      0.62062      0.01989      0.15790      0.02589      0.24409
     5.84537      0.20444      0.62410      0.01974      0.15954      0.02594      0.24520
     5.87224      0.20526      0.62756      0.01960      0.16116      0.02600      0.24631
     5.89912      0.20609      0.63101      0.01946      0.16276      0.02605      0.24742
     5.92599      0.20692      0.63444      0.01933      0.16434      0.02611      0.24853
     5.95287      0.20775      0.63786      0.01920      0.16590      0.02616      0.24964
     5.97974      0.20858      0.64127      0.01907      0.16745      0.02622      0.25075
     6.00662      0.20941      0.64467      0.01895      0.16897      0.02628      0.25186
     6.03349      0.21025      0.64805      0.01883      0.17048      0.02634      0.25297
     6.06037      0.21108      0.65143      0.01871      0.17197      0.02640      0.25408
     6.08724      0.21191      0.65479      0.01860      0.17344      0.02646      0.25518
     6.11411      0.21274      0.65814      0.01848      0.17490      0.02652      0.25629
     6.14099      0.21358      0.66149      0.01838      0.17634      0.02658      0.25740
     6.16786      0.21441      0.66482      0.01827      0.17776      0.02664      0.25851
     6.19474      0.21524      0.66814      0.01817      0.17917      0.02670      0.25962
     6.22161      0.21608      0.67145      0.01807      0.18057      0.02676      0.26072
     6.24849      0.21691      0.67476      0.01797      0.18195      0.02682      0.26183
     6.27536      0.21775      0.67806      0.01787      0.18332      0.02689      0.26294
     6.30224      0.21858      0.68134      0.01778      0.18468      0.02695      0.26405
     6.32911      0.21942      0.68462      0.01769      0.18602      0.02701      0.26515
