# T/Tc, entr_max, entr_min, chib_max, chib_min, chis_max, chis_min
     0.98101      5.85773      5.58663      0.10111      0.09440      0.27516      0.26271
     0.99216      6.07541      5.81237      0.10615      0.09985      0.29000      0.27780
     1.00331      6.30346      6.05042      0.11128      0.10520      0.30512      0.29320
     1.01446      6.53997      6.29921      0.11647      0.11063      0.32048      0.30888
     1.02562      6.78235      6.55616      0.12172      0.11611      0.33603      0.32476
     1.03677      7.02745      6.81790      0.12701      0.12164      0.35172      0.34081
     1.04792      7.27317      7.08051      0.13232      0.12719      0.36751      0.35697
     1.05907      7.52053      7.33999      0.13765      0.13275      0.38333      0.37318
     1.07022      7.75919      7.59245      0.14296      0.13829      0.39915      0.38938
     1.08137      7.98890      7.83462      0.14829      0.14381      0.41537      0.40553
     1.09252      8.21355      8.06394      0.15360      0.14929      0.43151      0.42157
     1.10367      8.42272      8.27882      0.15886      0.15470      0.44751      0.43746
     1.11482      8.61622      8.47850      0.16403      0.16004      0.46331      0.45315
     1.12597      8.79696      8.66317      0.16912      0.16529      0.47886      0.46859
     1.13712      8.96451      8.83365      0.17410      0.17044      0.49412      0.48376
     1.14827      9.11876      8.99133      0.17903      0.17548      0.50904      0.49862
     1.15942      9.26184      9.13796      0.18386      0.18039      0.52360      0.51313
     1.17057      9.39599      9.27552      0.18855      0.18517      0.53776      0.52727
     1.18173      9.52342      9.40600      0.19332      0.18982      0.55151      0.54103
     1.19288      9.64621      9.53137      0.19794      0.19433      0.56483      0.55439
     1.20403      9.76620      9.65336      0.20240      0.19870      0.57770      0.56735
     1.21518      9.88496      9.77382      0.20670      0.20292      0.59013      0.57988
     1.22633     10.00377      9.89382      0.21084      0.20700      0.60211      0.59200
     1.23748     10.12360     10.01455      0.21482      0.21094      0.61365      0.60371
     1.24863     10.24716     10.13678      0.21865      0.21474      0.62475      0.61501
     1.25978     10.37397     10.26102      0.22232      0.21840      0.63542      0.62590
     1.27093     10.50508     10.38748      0.22584      0.22193      0.64568      0.63641
     1.28208     10.63819     10.51622      0.22922      0.22533      0.65554      0.64650
     1.29323     10.77289     10.64699      0.23246      0.22860      0.66500      0.65609
     1.30438     10.90865     10.77946      0.23557      0.23175      0.67409      0.66534
     1.31553     11.04483     10.91309      0.23854      0.23478      0.68281      0.67425
     1.32668     11.18074     11.04726      0.24138      0.23769      0.69118      0.68284
     1.33783     11.31564     11.18132      0.24410      0.24049      0.69921      0.69112
     1.34899     11.44886     11.31454      0.24669      0.24317      0.70702      0.69910
     1.36014     11.57971     11.44626      0.24918      0.24575      0.71471      0.70679
     1.37129     11.70764     11.57575      0.25155      0.24822      0.72210      0.71419
     1.38244     11.83207     11.70246      0.25381      0.25059      0.72919      0.72133
     1.39359     11.95261     11.82582      0.25597      0.25287      0.73600      0.72820
     1.40474     12.06890     11.94536      0.25803      0.25504      0.74252      0.73482
     1.41589     12.18067     12.06071      0.26000      0.25712      0.74877      0.74119
     1.42704     12.29252     12.17160      0.26187      0.25911      0.75474      0.74732
     1.43819     12.40112     12.27784      0.26366      0.26101      0.76045      0.75321
     1.44934     12.50457     12.37930      0.26536      0.26283      0.76590      0.75888
     1.46049     12.60283     12.47601      0.26698      0.26456      0.77109      0.76431
     1.47164     12.69593     12.56796      0.26852      0.26620      0.77604      0.76934
     1.48279     12.78396     12.65529      0.26999      0.26773      0.78076      0.77412
     1.49394     12.86707     12.73815      0.27145      0.26919      0.78536      0.77867
     1.50510     12.94547     12.81674      0.27290      0.27058      0.78972      0.78300
     1.51625     13.01942     12.89131      0.27428      0.27192      0.79384      0.78711
     1.52740     13.08915     12.96208      0.27559      0.27319      0.79774      0.79101
     1.53855     13.15497     13.02936      0.27684      0.27441      0.80141      0.79471
     1.54970     13.21844     13.09342      0.27803      0.27558      0.80486      0.79820
     1.56085     13.28024     13.15455      0.27916      0.27670      0.80809      0.80151
     1.57200     13.33916     13.21303      0.28023      0.27777      0.81111      0.80463
     1.58315     13.39547     13.26915      0.28125      0.27879      0.81393      0.80757
     1.59430     13.44947     13.32318      0.28222      0.27977      0.81675      0.81034
     1.60545     13.50142     13.37538      0.28313      0.28071      0.81949      0.81295
     1.61660     13.55160     13.42605      0.28399      0.28162      0.82207      0.81540
     1.62775     13.60025     13.47539      0.28481      0.28243      0.82449      0.81769
     1.63890     13.64764     13.52368      0.28558      0.28320      0.82676      0.81984
     1.65005     13.69400     13.57112      0.28630      0.28394      0.82888      0.82185
     1.66120     13.73955     13.61793      0.28698      0.28463      0.83086      0.82372
     1.67236     13.78449     13.66431      0.28762      0.28530      0.83271      0.82547
     1.68351     13.82903     13.71047      0.28822      0.28593      0.83443      0.82710
     1.69466     13.87334     13.75655      0.28879      0.28654      0.83603      0.82861
     1.70581     13.91757     13.80274      0.28931      0.28711      0.83750      0.83002
     1.71696     13.96189     13.84919      0.28981      0.28767      0.83914      0.83132
     1.72811     14.00640     13.89599      0.29027      0.28819      0.84081      0.83253
     1.73926     14.05122     13.94328      0.29071      0.28870      0.84240      0.83365
     1.75041     14.09917     13.99113      0.29111      0.28919      0.84391      0.83457
     1.76156     14.14848     14.03961      0.29150      0.28966      0.84534      0.83523
     1.77271     14.19852     14.08877      0.29188      0.29012      0.84671      0.83582
     1.78386     14.24928     14.13861      0.29228      0.29056      0.84801      0.83637
     1.79501     14.30075     14.18914      0.29267      0.29099      0.84924      0.83688
     1.80616     14.35290     14.24032      0.29304      0.29140      0.85041      0.83735
     1.81731     14.40567     14.29209      0.29341      0.29181      0.85152      0.83779
     1.82847     14.45895     14.34439      0.29386      0.29221      0.85257      0.83820
     1.83962     14.51265     14.39370      0.29433      0.29260      0.85356      0.83860
     1.85077     14.56675     14.43965      0.29480      0.29298      0.85450      0.83898
     1.86192     14.62473     14.48595      0.29525      0.29335      0.85538      0.83936
     1.87307     14.68232     14.53256      0.29570      0.29364      0.85622      0.83970
     1.88422     14.73989     14.57942      0.29614      0.29389      0.85700      0.83966
     1.89537     14.79920     14.62647      0.29656      0.29415      0.85774      0.83942
     1.90652     14.85811     14.67363      0.29698      0.29440      0.85843      0.83918
     1.91767     14.91644     14.72083      0.29739      0.29466      0.85907      0.83895
     1.92882     14.97408     14.76799      0.29779      0.29492      0.85967      0.83874
     1.93997     15.03087     14.81503      0.29819      0.29518      0.86023      0.83854
     1.95112     15.08674     14.86190      0.29857      0.29544      0.86075      0.83837
     1.96227     15.14159     14.90851      0.29895      0.29571      0.86122      0.83823
     1.97342     15.19536     14.95479      0.29931      0.29598      0.86166      0.83813
     1.98457     15.24798     15.00068      0.29967      0.29625      0.86207      0.83806
     1.99573     15.29943     15.04612      0.30002      0.29653      0.86244      0.83802
     2.00688     15.34967     15.09105      0.30036      0.29682      0.86277      0.83803
     2.01803     15.39870     15.13543      0.30069      0.29711      0.86307      0.83808
     2.02918     15.44651     15.17921      0.30102      0.29740      0.86334      0.83817
     2.04033     15.49308     15.22236      0.30133      0.29770      0.86358      0.83829
     2.05148     15.53844     15.26484      0.30164      0.29800      0.86379      0.83846
     2.06263     15.58537     15.30664      0.30193      0.29830      0.86397      0.83866
     2.07378     15.63242     15.34773      0.30222      0.29861      0.86413      0.83890
     2.08493     15.67824     15.38813      0.30249      0.29892      0.86426      0.83917
     2.09608     15.72285     15.42781      0.30276      0.29923      0.86436      0.83947
     2.10723     15.76623     15.46679      0.30301      0.29954      0.86444      0.83981
     2.11838     15.80841     15.50509      0.30326      0.29984      0.86450      0.84017
     2.12953     15.84938     15.54272      0.30349      0.30015      0.86454      0.84055
     2.14068     15.88916     15.57969      0.30372      0.30046      0.86463      0.84096
     2.15184     15.92778     15.61603      0.30393      0.30076      0.86490      0.84138
     2.16299     15.96522     15.65178      0.30413      0.30106      0.86515      0.84182
     2.17414     16.00154     15.68697      0.30433      0.30135      0.86537      0.84228
     2.18529     16.03675     15.72163      0.30458      0.30164      0.86557      0.84275
     2.19644     16.07086     15.75578      0.30481      0.30193      0.86575      0.84323
     2.20759     16.10392     15.78946      0.30503      0.30220      0.86590      0.84372
     2.21874     16.13594     15.82269      0.30524      0.30247      0.86603      0.84421
     2.22989     16.16695     15.85552      0.30543      0.30274      0.86613      0.84470
     2.24104     16.19696     15.88793      0.30560      0.30299      0.86621      0.84520
     2.25219     16.22601     15.91997      0.30576      0.30324      0.86626      0.84570
     2.26334     16.25412     15.95164      0.30591      0.30347      0.86629      0.84619
     2.27449     16.28128     15.98294      0.30604      0.30370      0.86629      0.84668
     2.28564     16.30753     16.01388      0.30615      0.30392      0.86627      0.84716
     2.29679     16.33287     16.04098      0.30625      0.30412      0.86622      0.84763
     2.30794     16.35732     16.06562      0.30633      0.30431      0.86615      0.84810
     2.31910     16.38087     16.08978      0.30639      0.30450      0.86605      0.84856
     2.33025     16.40354     16.11346      0.30644      0.30467      0.86593      0.84900
     2.34140     16.42533     16.13663      0.30647      0.30482      0.86578      0.84943
     2.35255     16.44622     16.15929      0.30649      0.30496      0.86560      0.84951
     2.36370     16.46623     16.18143      0.30649      0.30504      0.86568      0.84944
     2.37485     16.48536     16.20302      0.30658      0.30499      0.86613      0.84937
     2.38600     16.50360     16.22407      0.30667      0.30493      0.86656      0.84928
     2.39715     16.52096     16.24454      0.30675      0.30486      0.86695      0.84919
     2.40830     16.53742     16.26442      0.30681      0.30479      0.86732      0.84908
     2.41945     16.55302     16.28085      0.30687      0.30470      0.86765      0.84897
     2.43060     16.56774     16.29573      0.30691      0.30460      0.86794      0.84884
     2.44175     16.58158     16.31013      0.30693      0.30449      0.86820      0.84870
     2.45290     16.60003     16.32404      0.30694      0.30437      0.86842      0.84855
     2.46405     16.61786     16.33745      0.30693      0.30425      0.86861      0.84839
     2.47521     16.63474     16.35036      0.30691      0.30411      0.86876      0.84821
     2.48636     16.65070     16.36276      0.30688      0.30396      0.86886      0.84802
     2.49751     16.66575     16.37466      0.30693      0.30381      0.86892      0.84782
     2.50866     16.67990     16.38605      0.30695      0.30365      0.86894      0.84759
     2.51981     16.69316     16.39694      0.30696      0.30348      0.86892      0.84735
     2.53096     16.70558     16.40730      0.30695      0.30330      0.86885      0.84710
     2.54211     16.71716     16.41717      0.30692      0.30312      0.86873      0.84682
     2.55326     16.72793     16.42653      0.30686      0.30293      0.86856      0.84653
     2.56441     16.73792     16.43539      0.30679      0.30273      0.86834      0.84621
     2.57556     16.74715     16.44376      0.30669      0.30252      0.86807      0.84588
     2.58671     16.75564     16.45165      0.30657      0.30231      0.86775      0.84552
     2.59786     16.76342     16.45905      0.30643      0.30209      0.86737      0.84513
     2.60901     16.77051     16.46600      0.30626      0.30187      0.86693      0.84472
     2.62016     16.77693     16.47248      0.30606      0.30164      0.86644      0.84429
     2.63131     16.78270     16.47851      0.30584      0.30140      0.86588      0.84382
     2.64247     16.78786     16.48411      0.30559      0.30116      0.86527      0.84333
     2.65362     16.79240     16.48930      0.30530      0.30091      0.86458      0.84280
     2.66477     16.79634     16.49409      0.30499      0.30063      0.86384      0.84224
     2.67592     16.79971     16.49850      0.30465      0.30021      0.86302      0.84165
     2.68707     16.80253     16.50256      0.30427      0.29978      0.86213      0.84102
     2.69822     16.80479     16.50629      0.30387      0.29933      0.86117      0.84035
     2.70937     16.80653     16.50973      0.30343      0.29887      0.86014      0.83964
     2.72052     16.80774     16.51290      0.30295      0.29840      0.85904      0.83888
     2.73167     16.80845     16.51583      0.30244      0.29791      0.85785      0.83809
     2.74282     16.80867     16.51857      0.30190      0.29741      0.85659      0.83699
     2.75397     16.80839     16.52114      0.30132      0.29689      0.85524      0.83583
     2.76512     16.80764     16.52359      0.30072      0.29636      0.85382      0.83464
     2.77627     16.80643     16.52596      0.30014      0.29582      0.85231      0.83342
     2.78742     16.80477     16.52827      0.29953      0.29527      0.85071      0.83216
     2.79858     16.80267     16.53058      0.29888      0.29470      0.84903      0.83087
     2.80973     16.80013     16.53291      0.29819      0.29412      0.84726      0.82954
     2.82088     16.79716     16.53530      0.29747      0.29352      0.84541      0.82817
     2.83203     16.79377     16.53777      0.29671      0.29291      0.84346      0.82677
     2.84318     16.78996     16.54034      0.29591      0.29228      0.84143      0.82534
     2.85433     16.78573     16.54303      0.29556      0.29133      0.83930      0.82386
     2.86548     16.78108     16.54586      0.29522      0.29035      0.83709      0.82235
     2.87663     16.77601     16.54880      0.29487      0.28936      0.83478      0.82078
     2.88778     16.77052     16.55186      0.29451      0.28834      0.83239      0.81866
     2.89893     16.76458     16.55502      0.29416      0.28730      0.82991      0.81646
     2.91008     16.75820     16.55825      0.29379      0.28624      0.82850      0.81418
     2.92123     16.75135     16.55998      0.29342      0.28516      0.82770      0.81182
     2.93238     16.74402     16.55665      0.29305      0.28407      0.82689      0.80939
     2.94353     16.73618     16.55365      0.29267      0.28297      0.82606      0.80688
     2.95468     16.72781     16.55095      0.29229      0.28186      0.82522      0.80429
     2.96584     16.71889     16.54853      0.29190      0.28073      0.82436      0.80164
     2.97699     16.70939     16.54637      0.29151      0.27960      0.82349      0.79893
     2.98814     16.69928     16.54446      0.29111      0.27847      0.82260      0.79615
     2.99929     16.68855     16.54277      0.29071      0.27732      0.82171      0.79331
     3.01044     16.67764     16.54130      0.29030      0.27618      0.82079      0.79042
     3.02159     16.67040     16.54005      0.28989      0.27503      0.81986      0.78748
     3.03274     16.66268     16.53903      0.28947      0.27388      0.81892      0.78449
     3.04389     16.65445     16.53825      0.28905      0.27273      0.81796      0.78147
     3.05504     16.64695     16.53777      0.28862      0.27158      0.81699      0.77842
     3.06619     16.64231     16.53761      0.28818      0.27044      0.81600      0.77534
     3.07734     16.63738     16.53781      0.28775      0.26930      0.81499      0.77224
     3.08849     16.63215     16.53845      0.28730      0.26817      0.81397      0.76912
     3.09964     16.62659     16.53418      0.28686      0.26705      0.81294      0.76561
     3.11079     16.62068     16.52563      0.28640      0.26594      0.81189      0.76169
     3.12195     16.61550     16.51693      0.28595      0.26483      0.81082      0.75778
     3.13310     16.61208     16.50445      0.28549      0.26375      0.80974      0.75387
     3.14425     16.60839     16.48442      0.28502      0.26267      0.80865      0.74999
     3.15540     16.60443     16.46370      0.28455      0.26156      0.80753      0.74614
     3.16655     16.60530     16.44228      0.28407      0.26020      0.80641      0.74233
     3.17770     16.60978     16.42017      0.28359      0.25887      0.80526      0.73857
     3.18885     16.61460     16.39737      0.28310      0.25755      0.80411      0.73487
     3.20000     16.61966     16.37383      0.28262      0.25626      0.80293      0.73123
