# T/Tc, g_max^2, g_min^2
     0.98101     67.64862     60.94578
     0.99835     66.07217     59.79755
     1.01568     64.51978     58.65721
     1.03301     62.99162     57.52661
     1.05035     61.48787     56.25395
     1.06768     60.00859     55.02001
     1.08501     58.55385     53.82408
     1.10235     57.12359     52.66508
     1.11968     55.71778     51.54181
     1.13701     54.33631     50.45300
     1.15435     52.97903     49.39724
     1.17168     51.64582     48.37310
     1.18901     50.33650     47.37894
     1.20635     49.05081     46.41316
     1.22368     47.78863     45.47405
     1.24102     46.54970     44.55985
     1.25835     45.33376     43.66875
     1.27568     44.14066     42.79878
     1.29302     42.97012     41.94806
     1.31035     41.82195     41.11458
     1.32768     40.69589     40.20547
     1.34502     39.67635     39.27161
     1.36235     38.81401     38.35308
     1.37968     37.96082     37.44854
     1.39702     37.13353     36.40903
     1.41435     36.35997     35.39072
     1.43168     35.58907     34.39344
     1.44902     34.81891     33.41702
     1.46635     34.04754     32.46135
     1.48368     33.27322     31.52629
     1.50102     32.49433     30.61174
     1.51835     31.70944     29.71757
     1.53568     30.91740     28.84369
     1.55302     30.11732     27.99003
     1.57035     29.30868     27.15645
     1.58769     28.49131     26.34291
     1.60502     27.66552     25.54932
     1.62235     26.83194     24.77559
     1.63969     25.99184     24.02168
     1.65702     25.14685     23.28745
     1.67435     24.33481     22.57285
     1.69169     23.58249     21.87780
     1.70902     22.83900     21.20218
     1.72635     22.10538     20.54593
     1.74369     21.38276     19.90891
     1.76102     20.67228     19.29099
     1.77835     19.97513     18.69207
     1.79569     19.29249     18.11201
     1.81302     18.62546     17.55062
     1.83035     17.97518     17.00776
     1.84769     17.34267     16.34470
     1.86502     16.72885     15.67161
     1.88235     16.13455     15.03046
     1.89969     15.56049     14.42230
     1.91702     15.00722     13.84767
     1.93436     14.50301     13.30667
     1.95169     14.02600     12.79901
     1.96902     13.56710     12.32397
     1.98636     13.12618     11.88061
     2.00369     12.70305     11.46771
     2.02102     12.29748     11.08387
     2.03836     11.90917     10.72754
     2.05569     11.53777     10.39713
     2.07302     11.21684     10.09098
     2.09036     10.91981      9.80744
     2.10769     10.63628      9.54486
     2.12502     10.36582      9.30168
     2.14236     10.10799      9.07636
     2.15969      9.86233      8.86746
     2.17702      9.62838      8.67361
     2.19436      9.40569      8.49352
     2.21169      9.19379      8.32600
     2.22902      8.99222      8.16994
     2.24636      8.80053      8.02432
     2.26369      8.61826      7.88818
     2.28103      8.44495      7.76066
     2.29836      8.28015      7.64096
     2.31569      8.12344      7.52836
     2.33303      7.97437      7.42218
     2.35036      7.83252      7.28718
     2.36769      7.69747      7.15137
     2.38503      7.56882      7.02311
     2.40236      7.44618      6.90193
     2.41969      7.32915      6.78738
     2.43703      7.21735      6.67903
     2.45436      7.11044      6.57044
     2.47169      7.00805      6.46244
     2.48903      6.90983      6.36012
     2.50636      6.81545      6.26319
     2.52369      6.72460      6.17137
     2.54103      6.63696      6.08440
     2.55836      6.55222      6.00203
     2.57569      6.47011      5.92402
     2.59303      6.39033      5.85017
     2.61036      6.31261      5.78025
     2.62770      6.23670      5.71409
     2.64503      6.16234      5.65148
     2.66236      6.08931      5.59227
     2.67970      6.01736      5.53629
     2.69703      5.94630      5.48339
     2.71436      5.88379      5.43343
     2.73170      5.82756      5.38628
     2.74903      5.77141      5.34181
     2.76636      5.71527      5.29990
     2.78370      5.65908      5.26046
     2.80103      5.60280      5.22337
     2.81836      5.54641      5.18854
     2.83570      5.48988      5.15590
     2.85303      5.43320      5.12534
     2.87036      5.37636      5.09680
     2.88770      5.31939      5.07020
     2.90503      5.26230      5.04549
     2.92236      5.20513      5.02259
     2.93970      5.14791      4.96420
     2.95703      5.09070      4.89283
     2.97437      5.03356      4.82155
     2.99170      4.97654      4.75051
     3.00903      4.94606      4.67986
     3.02637      4.92142      4.60977
     3.04370      4.90884      4.54042
     3.06103      4.89871      4.47201
     3.07837      4.89001      4.40470
     3.09570      4.88269      4.33868
     3.11303      4.87674      4.27412
     3.13037      4.87212      4.21117
     3.14770      4.86881      4.14999
     3.16503      4.86679      4.09069
     3.18237      4.86603      4.03338
     3.19970      4.86650      3.97816
     3.21703      4.86819      3.92508
     3.23437      4.87108      3.87419
     3.25170      4.87514      3.82552
     3.26904      4.88035      3.77907
     3.28637      4.88670      3.73482
     3.30370      4.89416      3.69277
     3.32104      4.90271      3.65285
     3.33837      4.91234      3.61503
     3.35570      4.92301      3.57924
     3.37304      4.93472      3.54540
     3.39037      4.94744      3.51346
     3.40770      4.96114      3.48332
     3.42504      4.97581      3.45490
     3.44237      4.99142      3.42812
     3.45970      5.00795      3.40289
     3.47704      5.02536      3.37914
     3.49437      5.04365      3.35677
     3.51170      5.06277      3.33571
     3.52904      5.08272      3.31588
     3.54637      5.10344      3.29719
     3.56370      5.12493      3.27959
     3.58104      5.14714      3.26301
     3.59837      5.17006      3.24736
     3.61571      5.19364      3.23261
     3.63304      5.21786      3.21867
     3.65037      5.24269      3.20551
     3.66771      5.26809      3.19307
     3.68504      5.29404      3.18130
     3.70237      5.32049      3.17015
     3.71971      5.34742      3.15959
     3.73704      5.37480      3.14957
     3.75437      5.40259      3.13888
     3.77171      5.43076      3.12554
     3.78904      5.45927      3.11262
     3.80637      5.48809      3.10012
     3.82371      5.51719      3.08800
     3.84104      5.54654      3.07624
     3.85837      5.57610      3.06483
     3.87571      5.60585      3.05374
     3.89304      5.63574      3.04296
     3.91037      5.66576      3.03247
     3.92771      5.69587      3.02226
     3.94504      5.72603      3.01231
     3.96238      5.75624      3.00260
     3.97971      5.78645      2.99314
     3.99704      5.81664      2.98390
     4.01438      5.84678      2.97487
     4.03171      5.87684      2.96604
     4.04904      5.90681      2.95742
     4.06638      5.93667      2.94897
     4.08371      5.96638      2.94071
     4.10104      5.99592      2.93261
     4.11838      6.02529      2.92468
     4.13571      6.05445      2.91690
     4.15304      6.08340      2.90928
     4.17038      6.11211      2.90180
     4.18771      6.14056      2.89445
     4.20504      6.16875      2.88724
     4.22238      6.19666      2.88016
     4.23971      6.22427      2.87320
     4.25704      6.25158      2.86637
     4.27438      6.27857      2.85964
     4.29171      6.30523      2.85303
     4.30905      6.33156      2.84653
     4.32638      6.35755      2.84013
     4.34371      6.38317      2.83384
     4.36105      6.40845      2.82764
     4.37838      6.43336      2.82153
     4.39571      6.45790      2.81552
     4.41305      6.48207      2.80960
     4.43038      6.50586      2.80377
