# T/Tc, Ag_min^2, Ag_max^2, Aq_min^2, Aq_max^2
     0.98101      0.75994      0.86694      0.14890      0.20263
     0.99216      0.76910      0.86986      0.14334      0.19268
     1.00331      0.77821      0.87270      0.13805      0.18333
     1.01446      0.78724      0.87546      0.13301      0.17452
     1.02562      0.79619      0.87813      0.12822      0.16624
     1.03677      0.80502      0.88071      0.12365      0.15845
     1.04792      0.81372      0.88320      0.11930      0.15112
     1.05907      0.82228      0.88561      0.11517      0.14423
     1.07022      0.83068      0.88791      0.11123      0.13775
     1.08137      0.83890      0.89012      0.10749      0.13165
     1.09252      0.84692      0.89332      0.10393      0.12591
     1.10367      0.85473      0.89696      0.10055      0.12051
     1.11482      0.86232      0.90042      0.09734      0.11543
     1.12597      0.86967      0.90371      0.09428      0.11065
     1.13712      0.87583      0.90683      0.09138      0.10615
     1.14827      0.87894      0.90976      0.08863      0.10191
     1.15942      0.88202      0.91251      0.08601      0.09792
     1.17057      0.88507      0.91532      0.08353      0.09416
     1.18173      0.88791      0.91945      0.08117      0.09062
     1.19288      0.88883      0.92336      0.07892      0.08759
     1.20403      0.88972      0.92703      0.07671      0.08483
     1.21518      0.89057      0.93046      0.07462      0.08223
     1.22633      0.89138      0.93364      0.07264      0.07977
     1.23748      0.89216      0.93660      0.07077      0.07744
     1.24863      0.89290      0.93961      0.06901      0.07524
     1.25978      0.89361      0.94237      0.06735      0.07317
     1.27093      0.89428      0.94487      0.06577      0.07121
     1.28208      0.89491      0.94712      0.06417      0.06936
     1.29323      0.89550      0.94910      0.06265      0.06762
     1.30438      0.89605      0.95081      0.06122      0.06597
     1.31553      0.89657      0.95226      0.05988      0.06442
     1.32668      0.89705      0.95345      0.05861      0.06297
     1.33783      0.89749      0.95437      0.05742      0.06175
     1.34899      0.89790      0.95567      0.05630      0.06073
     1.36014      0.89826      0.95676      0.05502      0.05977
     1.37129      0.89860      0.95755      0.05373      0.05887
     1.38244      0.89889      0.95807      0.05252      0.05803
     1.39359      0.89915      0.95830      0.05138      0.05724
     1.40474      0.89938      0.95826      0.05032      0.05651
     1.41589      0.89957      0.95796      0.04932      0.05583
     1.42704      0.89972      0.95740      0.04839      0.05520
     1.43819      0.89985      0.95659      0.04752      0.05461
     1.44934      0.89977      0.95554      0.04672      0.05407
     1.46049      0.89935      0.95425      0.04597      0.05357
     1.47164      0.89893      0.95273      0.04529      0.05311
     1.48279      0.89850      0.95100      0.04466      0.05269
     1.49394      0.89808      0.94905      0.04409      0.05231
     1.50510      0.89765      0.94751      0.04357      0.05196
     1.51625      0.89724      0.94611      0.04310      0.05165
     1.52740      0.89683      0.94457      0.04269      0.05136
     1.53855      0.89618      0.94289      0.04234      0.05112
     1.54970      0.89468      0.94108      0.04203      0.05090
     1.56085      0.89315      0.93914      0.04178      0.05071
     1.57200      0.89159      0.93708      0.04158      0.05055
     1.58315      0.89002      0.93492      0.04143      0.05041
     1.59430      0.88843      0.93264      0.04134      0.05030
     1.60545      0.88683      0.93028      0.04130      0.05022
     1.61660      0.88476      0.92811      0.04131      0.05017
     1.62775      0.88230      0.92641      0.04138      0.05013
     1.63890      0.87933      0.92458      0.04151      0.05012
     1.65005      0.87501      0.92264      0.04169      0.05014
     1.66120      0.87070      0.92060      0.04193      0.05017
     1.67236      0.86643      0.91845      0.04222      0.05023
     1.68351      0.86224      0.91621      0.04258      0.05030
     1.69466      0.85816      0.91389      0.04299      0.05040
     1.70581      0.85422      0.91150      0.04346      0.05052
     1.71696      0.85045      0.90904      0.04399      0.05066
     1.72811      0.84688      0.90653      0.04459      0.05103
     1.73926      0.84354      0.90398      0.04524      0.05143
     1.75041      0.84046      0.90139      0.04596      0.05186
     1.76156      0.83765      0.89912      0.04673      0.05231
     1.77271      0.83514      0.89939      0.04756      0.05279
     1.78386      0.83295      0.89969      0.04846      0.05329
     1.79501      0.83108      0.90003      0.04941      0.05382
     1.80616      0.82955      0.90041      0.05041      0.05438
     1.81731      0.82836      0.90082      0.05114      0.05496
     1.82847      0.82664      0.90127      0.05165      0.05597
     1.83962      0.82431      0.90175      0.05217      0.05703
     1.85077      0.82220      0.90226      0.05271      0.05813
     1.86192      0.82033      0.90278      0.05325      0.05925
     1.87307      0.81871      0.90333      0.05377      0.06040
     1.88422      0.81733      0.90390      0.05430      0.06157
     1.89537      0.81621      0.90447      0.05484      0.06275
     1.90652      0.81535      0.90506      0.05541      0.06395
     1.91767      0.81474      0.90564      0.05599      0.06516
     1.92882      0.81440      0.90623      0.05647      0.06637
     1.93997      0.81432      0.90681      0.05693      0.06758
     1.95112      0.81450      0.90739      0.05741      0.06879
     1.96227      0.81494      0.90795      0.05790      0.06999
     1.97342      0.81564      0.90850      0.05841      0.07118
     1.98457      0.81658      0.90902      0.05893      0.07236
     1.99573      0.81777      0.90953      0.05947      0.07352
     2.00688      0.81920      0.91001      0.06002      0.07466
     2.01803      0.81993      0.91047      0.06058      0.07578
     2.02918      0.82088      0.91090      0.06116      0.07688
     2.04033      0.82211      0.91130      0.06176      0.07801
     2.05148      0.82362      0.91167      0.06237      0.07925
     2.06263      0.82539      0.91201      0.06300      0.08047
     2.07378      0.82743      0.91231      0.06364      0.08164
     2.08493      0.82972      0.91258      0.06430      0.08278
     2.09608      0.83226      0.91282      0.06498      0.08388
     2.10723      0.83503      0.91302      0.06566      0.08494
     2.11838      0.83803      0.91319      0.06637      0.08596
     2.12953      0.84083      0.91332      0.06709      0.08693
     2.14068      0.84134      0.91342      0.06783      0.08787
     2.15184      0.84198      0.91348      0.06859      0.08876
     2.16299      0.84275      0.91351      0.06936      0.08962
     2.17414      0.84364      0.91351      0.07015      0.09044
     2.18529      0.84465      0.91347      0.07095      0.09121
     2.19644      0.84579      0.91340      0.07178      0.09196
     2.20759      0.84704      0.91330      0.07262      0.09266
     2.21874      0.84840      0.91317      0.07348      0.09334
     2.22989      0.84987      0.91300      0.07436      0.09398
     2.24104      0.85144      0.91280      0.07526      0.09459
     2.25219      0.85311      0.91258      0.07617      0.09517
     2.26334      0.85488      0.91240      0.07711      0.09572
     2.27449      0.85674      0.91377      0.07807      0.09626
     2.28564      0.85868      0.91508      0.07905      0.09676
     2.29679      0.86070      0.91632      0.08004      0.09725
     2.30794      0.86279      0.91750      0.08106      0.09772
     2.31910      0.86495      0.91861      0.08211      0.09817
     2.33025      0.86717      0.91972      0.08317      0.09936
     2.34140      0.86945      0.92270      0.08426      0.10065
     2.35255      0.87177      0.92558      0.08537      0.10196
     2.36370      0.87413      0.92865      0.08650      0.10327
     2.37485      0.87653      0.93230      0.08766      0.10459
     2.38600      0.87896      0.93579      0.08824      0.10592
     2.39715      0.88141      0.93910      0.08872      0.10726
     2.40830      0.88387      0.94223      0.08922      0.10860
     2.41945      0.88633      0.94516      0.08974      0.10996
     2.43060      0.88879      0.94789      0.09028      0.11132
     2.44175      0.89125      0.95041      0.09084      0.11269
     2.45290      0.89157      0.95271      0.09142      0.11406
     2.46405      0.89179      0.95478      0.09203      0.11545
     2.47521      0.89198      0.95663      0.09268      0.11684
     2.48636      0.89213      0.95824      0.09335      0.11825
     2.49751      0.89224      0.95961      0.09406      0.11965
     2.50866      0.89232      0.96074      0.09481      0.12107
     2.51981      0.89235      0.96163      0.09560      0.12250
     2.53096      0.89234      0.96227      0.09643      0.12393
     2.54211      0.89229      0.96267      0.09732      0.12538
     2.55326      0.89219      0.96281      0.09825      0.12683
     2.56441      0.89204      0.96272      0.09924      0.12829
     2.57556      0.89185      0.96237      0.10029      0.12975
     2.58671      0.89161      0.96178      0.10140      0.13123
     2.59786      0.89058      0.96094      0.10258      0.13272
     2.60901      0.88932      0.95986      0.10383      0.13421
     2.62016      0.88801      0.95854      0.10515      0.13571
     2.63131      0.88665      0.95698      0.10656      0.13722
     2.64247      0.88525      0.95519      0.10804      0.13874
     2.65362      0.88380      0.95316      0.10962      0.14027
     2.66477      0.88231      0.95091      0.11129      0.14181
     2.67592      0.88076      0.94843      0.11305      0.14372
     2.68707      0.87916      0.94600      0.11492      0.14599
     2.69822      0.87751      0.94423      0.11690      0.14832
     2.70937      0.87580      0.94225      0.11899      0.15070
     2.72052      0.87404      0.94006      0.12120      0.15314
     2.73167      0.87223      0.93765      0.12354      0.15564
     2.74282      0.87035      0.93503      0.12601      0.15820
     2.75397      0.86842      0.93220      0.12854      0.16082
     2.76512      0.86643      0.92915      0.13063      0.16351
     2.77627      0.86438      0.92590      0.13286      0.16625
     2.78742      0.86227      0.92244      0.13526      0.16906
     2.79858      0.86010      0.91878      0.13781      0.17193
     2.80973      0.85787      0.91491      0.14055      0.17487
     2.82088      0.85557      0.91084      0.14349      0.17787
     2.83203      0.85321      0.90657      0.14663      0.18094
     2.84318      0.85078      0.90211      0.14998      0.18408
     2.85433      0.84830      0.89746      0.15357      0.18728
     2.86548      0.84574      0.89261      0.15741      0.19056
     2.87663      0.84313      0.88759      0.16152      0.19391
     2.88778      0.84045      0.88238      0.16590      0.19732
     2.89893      0.83771      0.87699      0.17059      0.20129
     2.91008      0.83490      0.87143      0.17559      0.20630
     2.92123      0.83203      0.86570      0.17989      0.21153
     2.93238      0.82911      0.86182      0.18167      0.21699
     2.94353      0.82612      0.85958      0.18346      0.22269
     2.95468      0.82307      0.85729      0.18526      0.22863
     2.96584      0.81960      0.85566      0.18708      0.23480
     2.97699      0.81379      0.85430      0.18890      0.24122
     2.98814      0.80750      0.85292      0.19074      0.24788
     2.99929      0.80070      0.85153      0.19259      0.25478
     3.01044      0.79360      0.85013      0.19445      0.26191
     3.02159      0.78523      0.84871      0.19632      0.26929
     3.03274      0.77680      0.84729      0.19820      0.27689
     3.04389      0.76833      0.84585      0.20009      0.28472
     3.05504      0.75983      0.84440      0.20200      0.29276
     3.06619      0.75134      0.84294      0.20392      0.30100
     3.07734      0.74287      0.84147      0.20584      0.30944
     3.08849      0.73444      0.83999      0.20778      0.31807
     3.09964      0.72607      0.83850      0.20974      0.32686
     3.11079      0.71778      0.83700      0.21170      0.33968
     3.12195      0.70959      0.83549      0.21368      0.35369
     3.13310      0.70152      0.83397      0.21566      0.36822
     3.14425      0.69357      0.83245      0.21766      0.38324
     3.15540      0.68577      0.83091      0.21967      0.39874
     3.16655      0.67813      0.82937      0.22170      0.41469
     3.17770      0.67066      0.82782      0.22373      0.43106
     3.18885      0.66336      0.82626      0.22578      0.44782
     3.20000      0.65626      0.82469      0.22784      0.46493
