# T/Tc,massG_min*eval, massG_max*eval, massL_min*eval, massL_max*eval, massS_min*eval, massS_max*eval
     0.98101      1.02257      1.14404      0.48465      0.50427      0.57465      0.59427
     0.99216      1.03238      1.15045      0.47736      0.49499      0.56736      0.58499
     1.00331      1.04213      1.15734      0.47020      0.48598      0.56020      0.57598
     1.01446      1.05180      1.16436      0.46316      0.47722      0.55316      0.56722
     1.02562      1.06139      1.17115      0.45625      0.46905      0.54625      0.55905
     1.03677      1.07091      1.17772      0.44949      0.46155      0.53949      0.55155
     1.04792      1.08035      1.18406      0.44286      0.45423      0.53286      0.54423
     1.05907      1.08971      1.19030      0.43639      0.44710      0.52639      0.53710
     1.07022      1.09900      1.19855      0.43005      0.44016      0.52005      0.53016
     1.08137      1.10821      1.20650      0.42387      0.43341      0.51387      0.52341
     1.09252      1.11733      1.21415      0.41782      0.42684      0.50782      0.51684
     1.10367      1.12636      1.22149      0.41192      0.42046      0.50192      0.51046
     1.11482      1.13531      1.22852      0.40618      0.41427      0.49618      0.50427
     1.12597      1.14417      1.23523      0.40060      0.40826      0.49060      0.49826
     1.13712      1.15293      1.24163      0.39518      0.40243      0.48518      0.49243
     1.14827      1.16159      1.24771      0.38992      0.39678      0.47992      0.48678
     1.15942      1.17014      1.25346      0.38471      0.39131      0.47471      0.48131
     1.17057      1.17858      1.25890      0.37957      0.38602      0.46957      0.47602
     1.18173      1.18691      1.26401      0.37462      0.38090      0.46462      0.47090
     1.19288      1.19511      1.26879      0.36984      0.37595      0.45984      0.46595
     1.20403      1.20318      1.27325      0.36485      0.37116      0.45485      0.46116
     1.21518      1.21112      1.27738      0.36004      0.36655      0.45004      0.45655
     1.22633      1.21890      1.28118      0.35542      0.36209      0.44542      0.45209
     1.23748      1.22555      1.28466      0.35099      0.35779      0.44099      0.44779
     1.24863      1.23114      1.28781      0.34674      0.35365      0.43674      0.44365
     1.25978      1.23648      1.29064      0.34267      0.34966      0.43267      0.43966
     1.27093      1.24156      1.29314      0.33877      0.34582      0.42877      0.43582
     1.28208      1.24637      1.29532      0.33505      0.34212      0.42505      0.43212
     1.29323      1.25092      1.29717      0.33150      0.33857      0.42150      0.42857
     1.30438      1.25519      1.29871      0.32811      0.33516      0.41811      0.42516
     1.31553      1.25664      1.29993      0.32488      0.33194      0.41488      0.42194
     1.32668      1.25737      1.30084      0.32181      0.32889      0.41181      0.41889
     1.33783      1.25788      1.30144      0.31889      0.32596      0.40889      0.41596
     1.34899      1.25817      1.30173      0.31612      0.32317      0.40612      0.41317
     1.36014      1.25825      1.30240      0.31349      0.32050      0.40349      0.41050
     1.37129      1.25812      1.30396      0.31099      0.31796      0.40099      0.40796
     1.38244      1.25779      1.30603      0.30863      0.31554      0.39863      0.40554
     1.39359      1.25726      1.31011      0.30640      0.31323      0.39640      0.40323
     1.40474      1.25655      1.31382      0.30416      0.31104      0.39416      0.40104
     1.41589      1.25566      1.31713      0.30192      0.30895      0.39192      0.39895
     1.42704      1.25460      1.32002      0.29975      0.30698      0.38975      0.39698
     1.43819      1.25336      1.32248      0.29769      0.30511      0.38769      0.39511
     1.44934      1.25196      1.32449      0.29574      0.30334      0.38574      0.39334
     1.46049      1.25041      1.32604      0.29389      0.30166      0.38389      0.39166
     1.47164      1.24870      1.32709      0.29215      0.30008      0.38215      0.39008
     1.48279      1.24685      1.32764      0.29050      0.29859      0.38050      0.38859
     1.49394      1.24487      1.32767      0.28896      0.29719      0.37896      0.38719
     1.50510      1.24275      1.32718      0.28751      0.29587      0.37751      0.38587
     1.51625      1.24051      1.32613      0.28615      0.29464      0.37615      0.38464
     1.52740      1.23814      1.32454      0.28489      0.29349      0.37489      0.38349
     1.53855      1.23567      1.32238      0.28371      0.29241      0.37371      0.38241
     1.54970      1.23308      1.31966      0.28262      0.29140      0.37262      0.38140
     1.56085      1.23040      1.31637      0.28162      0.29047      0.37162      0.38047
     1.57200      1.22762      1.31252      0.28070      0.28961      0.37070      0.37961
     1.58315      1.22474      1.30810      0.27986      0.28881      0.36986      0.37881
     1.59430      1.22179      1.30314      0.27910      0.28808      0.36910      0.37808
     1.60545      1.21875      1.29763      0.27841      0.28741      0.36841      0.37741
     1.61660      1.21564      1.29160      0.27779      0.28680      0.36779      0.37680
     1.62775      1.21246      1.28507      0.27725      0.28624      0.36725      0.37624
     1.63890      1.20922      1.27806      0.27678      0.28574      0.36678      0.37574
     1.65005      1.20592      1.27061      0.27637      0.28530      0.36637      0.37530
     1.66120      1.20122      1.26273      0.27602      0.28494      0.36602      0.37494
     1.67236      1.19591      1.25448      0.27574      0.28479      0.36574      0.37479
     1.68351      1.19056      1.24588      0.27552      0.28469      0.36552      0.37469
     1.69466      1.18520      1.23698      0.27536      0.28465      0.36536      0.37465
     1.70581      1.17983      1.22782      0.27525      0.28467      0.36525      0.37467
     1.71696      1.17445      1.21845      0.27520      0.28474      0.36520      0.37474
     1.72811      1.16909      1.20891      0.27520      0.28486      0.36520      0.37486
     1.73926      1.16373      1.19925      0.27525      0.28503      0.36525      0.37503
     1.75041      1.15840      1.19062      0.27535      0.28524      0.36535      0.37524
     1.76156      1.15309      1.18304      0.27549      0.28549      0.36549      0.37549
     1.77271      1.14738      1.17529      0.27568      0.28579      0.36568      0.37579
     1.78386      1.14112      1.16903      0.27592      0.28612      0.36592      0.37612
     1.79501      1.13486      1.16341      0.27619      0.28649      0.36619      0.37649
     1.80616      1.12863      1.15779      0.27651      0.28689      0.36651      0.37689
     1.81731      1.12212      1.15246      0.27686      0.28732      0.36686      0.37732
     1.82847      1.11531      1.14881      0.27726      0.28778      0.36726      0.37778
     1.83962      1.10856      1.14517      0.27768      0.28826      0.36768      0.37826
     1.85077      1.10191      1.14154      0.27815      0.28877      0.36815      0.37877
     1.86192      1.09536      1.13793      0.27865      0.28930      0.36865      0.37930
     1.87307      1.08894      1.13433      0.27918      0.28986      0.36918      0.37986
     1.88422      1.08150      1.13075      0.27974      0.29043      0.36974      0.38043
     1.89537      1.07414      1.12719      0.28034      0.29102      0.37034      0.38102
     1.90652      1.06713      1.12366      0.28096      0.29163      0.37096      0.38163
     1.91767      1.06046      1.12015      0.28162      0.29225      0.37162      0.38225
     1.92882      1.05414      1.11667      0.28230      0.29288      0.37230      0.38288
     1.93997      1.04818      1.11322      0.28302      0.29385      0.37302      0.38385
     1.95112      1.04258      1.10980      0.28353      0.29502      0.37353      0.38502
     1.96227      1.03733      1.10641      0.28395      0.29619      0.37395      0.38619
     1.97342      1.03243      1.10306      0.28440      0.29737      0.37440      0.38737
     1.98457      1.02723      1.09974      0.28487      0.29853      0.37487      0.38853
     1.99573      1.02226      1.09647      0.28536      0.29970      0.37536      0.38970
     2.00688      1.01753      1.09323      0.28587      0.30085      0.37587      0.39085
     2.01803      1.01306      1.09003      0.28641      0.30200      0.37641      0.39200
     2.02918      1.00884      1.08688      0.28697      0.30314      0.37697      0.39314
     2.04033      1.00487      1.08376      0.28756      0.30427      0.37756      0.39427
     2.05148      1.00115      1.08069      0.28817      0.30538      0.37817      0.39538
     2.06263      0.99747      1.07767      0.28881      0.30649      0.37881      0.39649
     2.07378      0.99353      1.07469      0.28947      0.30759      0.37947      0.39759
     2.08493      0.98985      1.07175      0.29017      0.30868      0.38017      0.39868
     2.09608      0.98641      1.06887      0.29089      0.30975      0.38089      0.39975
     2.10723      0.98321      1.06603      0.29149      0.31082      0.38149      0.40082
     2.11838      0.98025      1.06323      0.29199      0.31188      0.38199      0.40188
     2.12953      0.97751      1.06049      0.29252      0.31293      0.38252      0.40293
     2.14068      0.97500      1.05780      0.29308      0.31397      0.38308      0.40397
     2.15184      0.97269      1.05515      0.29366      0.31500      0.38366      0.40500
     2.16299      0.97059      1.05255      0.29429      0.31603      0.38429      0.40603
     2.17414      0.96869      1.05001      0.29494      0.31705      0.38494      0.40705
     2.18529      0.96697      1.04751      0.29564      0.31807      0.38564      0.40807
     2.19644      0.96543      1.04507      0.29637      0.31908      0.38637      0.40908
     2.20759      0.96406      1.04267      0.29714      0.32009      0.38714      0.41009
     2.21874      0.96285      1.04032      0.29795      0.32110      0.38795      0.41110
     2.22989      0.96180      1.03803      0.29881      0.32211      0.38881      0.41211
     2.24104      0.96090      1.03578      0.29971      0.32312      0.38971      0.41312
     2.25219      0.96013      1.03359      0.30065      0.32413      0.39065      0.41413
     2.26334      0.95949      1.03144      0.30165      0.32514      0.39165      0.41514
     2.27449      0.95898      1.02934      0.30269      0.32615      0.39269      0.41615
     2.28564      0.95858      1.02729      0.30378      0.32717      0.39378      0.41717
     2.29679      0.95829      1.02530      0.30492      0.32820      0.39492      0.41820
     2.30794      0.95810      1.02335      0.30612      0.32923      0.39612      0.41923
     2.31910      0.95801      1.02266      0.30737      0.33026      0.39737      0.42026
     2.33025      0.95801      1.02267      0.30867      0.33131      0.39867      0.42131
     2.34140      0.95808      1.02272      0.31003      0.33237      0.40003      0.42237
     2.35255      0.95823      1.02280      0.31145      0.33344      0.40145      0.42344
     2.36370      0.95845      1.02291      0.31293      0.33452      0.40293      0.42452
     2.37485      0.95874      1.02304      0.31446      0.33561      0.40446      0.42561
     2.38600      0.95908      1.02318      0.31605      0.33672      0.40605      0.42672
     2.39715      0.95947      1.02334      0.31771      0.33785      0.40771      0.42785
     2.40830      0.95991      1.02350      0.31942      0.33899      0.40942      0.42899
     2.41945      0.96025      1.02528      0.32120      0.34015      0.41120      0.43015
     2.43060      0.95977      1.02719      0.32247      0.34134      0.41247      0.43134
     2.44175      0.95927      1.02909      0.32348      0.34255      0.41348      0.43255
     2.45290      0.95883      1.03098      0.32455      0.34443      0.41455      0.43443
     2.46405      0.95844      1.03284      0.32567      0.34641      0.41567      0.43641
     2.47521      0.95810      1.03468      0.32684      0.34843      0.41684      0.43843
     2.48636      0.95780      1.03649      0.32807      0.35047      0.41807      0.44047
     2.49751      0.95755      1.03825      0.32936      0.35254      0.41936      0.44254
     2.50866      0.95734      1.03997      0.33071      0.35465      0.42071      0.44465
     2.51981      0.95716      1.04163      0.33214      0.35678      0.42214      0.44678
     2.53096      0.95701      1.04322      0.33363      0.35895      0.42363      0.44895
     2.54211      0.95690      1.04475      0.33520      0.36114      0.42520      0.45114
     2.55326      0.95682      1.04620      0.33685      0.36336      0.42685      0.45336
     2.56441      0.95676      1.04757      0.33859      0.36562      0.42859      0.45562
     2.57556      0.95672      1.04884      0.34041      0.36790      0.43041      0.45790
     2.58671      0.95670      1.05001      0.34232      0.37022      0.43232      0.46022
     2.59786      0.95671      1.05107      0.34433      0.37256      0.43433      0.46256
     2.60901      0.95672      1.05202      0.34644      0.37494      0.43644      0.46494
     2.62016      0.95675      1.05284      0.34865      0.37734      0.43865      0.46734
     2.63131      0.95679      1.05352      0.35097      0.37978      0.44097      0.46978
     2.64247      0.95684      1.05407      0.35340      0.38224      0.44340      0.47224
     2.65362      0.95689      1.05446      0.35594      0.38474      0.44594      0.47474
     2.66477      0.95695      1.05469      0.35861      0.38727      0.44861      0.47727
     2.67592      0.95701      1.05475      0.36139      0.38983      0.45139      0.47983
     2.68707      0.95706      1.05464      0.36431      0.39242      0.45431      0.48242
     2.69822      0.95711      1.05434      0.36735      0.39504      0.45735      0.48504
     2.70937      0.95716      1.05384      0.37053      0.39769      0.46053      0.48769
     2.72052      0.95720      1.05313      0.37385      0.40037      0.46385      0.49037
     2.73167      0.95722      1.05222      0.37731      0.40308      0.46731      0.49308
     2.74282      0.95724      1.05107      0.38092      0.40583      0.47092      0.49583
     2.75397      0.95724      1.04970      0.38467      0.40860      0.47467      0.49860
     2.76512      0.95722      1.04808      0.38858      0.41170      0.47858      0.50170
     2.77627      0.95719      1.04622      0.39263      0.41552      0.48263      0.50552
     2.78742      0.95714      1.04409      0.39685      0.41941      0.48685      0.50941
     2.79858      0.95706      1.04171      0.40122      0.42338      0.49122      0.51338
     2.80973      0.95696      1.03905      0.40576      0.42743      0.49576      0.51743
     2.82088      0.95684      1.03611      0.41045      0.43177      0.50045      0.52177
     2.83203      0.95669      1.03289      0.41531      0.43623      0.50531      0.52623
     2.84318      0.95651      1.02938      0.42033      0.44076      0.51033      0.53076
     2.85433      0.95630      1.02558      0.42552      0.44538      0.51552      0.53538
     2.86548      0.95606      1.02148      0.43087      0.45007      0.52087      0.54007
     2.87663      0.95579      1.01708      0.43639      0.45505      0.52639      0.54505
     2.88778      0.95549      1.01238      0.44206      0.46021      0.53206      0.55021
     2.89893      0.95515      1.00739      0.44645      0.46552      0.53645      0.55552
     2.91008      0.95477      1.00209      0.45070      0.47107      0.54070      0.56107
     2.92123      0.95435      0.99759      0.45394      0.47686      0.54394      0.56686
     2.93238      0.95183      0.99752      0.45722      0.48279      0.54722      0.57279
     2.94353      0.94783      0.99743      0.46052      0.48887      0.55052      0.57887
     2.95468      0.94369      0.99766      0.46385      0.49508      0.55385      0.58508
     2.96584      0.93943      0.99922      0.46722      0.50141      0.55722      0.59141
     2.97699      0.93504      1.00082      0.47062      0.50788      0.56062      0.59788
     2.98814      0.93055      1.00243      0.47405      0.51446      0.56405      0.60446
     2.99929      0.92596      1.00407      0.47750      0.52116      0.56750      0.61116
     3.01044      0.92129      1.00574      0.48100      0.52796      0.57100      0.61796
     3.02159      0.91654      1.00742      0.48452      0.53486      0.57452      0.62486
     3.03274      0.91173      1.00913      0.48807      0.54186      0.57807      0.63186
     3.04389      0.90594      1.01086      0.49165      0.54894      0.58165      0.63894
     3.05504      0.89991      1.01261      0.49527      0.55609      0.58527      0.64609
     3.06619      0.89382      1.01438      0.49892      0.56331      0.58892      0.65331
     3.07734      0.88768      1.01617      0.50259      0.57059      0.59259      0.66059
     3.08849      0.88151      1.01798      0.50630      0.57792      0.59630      0.66792
     3.09964      0.87532      1.01981      0.51004      0.58528      0.60004      0.67528
     3.11079      0.86680      1.02166      0.51381      0.59350      0.60381      0.68350
     3.12195      0.85812      1.02352      0.51761      0.60211      0.60761      0.69211
     3.13310      0.84945      1.02541      0.52145      0.61073      0.61145      0.70073
     3.14425      0.84082      1.02731      0.52531      0.61936      0.61531      0.70936
     3.15540      0.83226      1.02922      0.52920      0.62796      0.61920      0.71796
     3.16655      0.82378      1.03116      0.53313      0.63654      0.62313      0.72654
     3.17770      0.81540      1.03310      0.53708      0.64508      0.62708      0.73508
     3.18885      0.80715      1.03507      0.54107      0.65356      0.63107      0.74356
     3.20000      0.79903      1.03705      0.54509      0.66197      0.63509      0.75197
