# T/Tc, eta_max,eta_min
     1.00000      0.19882      0.19102
     1.05282      0.19351      0.18659
     1.10563      0.18729      0.18036
     1.15845      0.18448      0.17675
     1.21126      0.18591      0.17742
     1.26408      0.18970      0.18100
     1.31689      0.19371      0.18535
     1.36971      0.19685      0.18921
     1.42252      0.19925      0.19241
     1.47534      0.20164      0.19550
     1.52815      0.20466      0.19911
     1.58097      0.20860      0.20359
     1.63378      0.21341      0.20896
     1.68660      0.21884      0.21505
     1.73942      0.22462      0.22160
     1.79223      0.23052      0.22841
     1.84505      0.23637      0.23529
     1.89786      0.24215      0.24208
     1.95068      0.24890      0.24759
     2.00349      0.25551      0.25289
     2.05631      0.26199      0.25799
     2.10912      0.26833      0.26292
     2.16194      0.27458      0.26772
     2.21475      0.28074      0.27242
     2.26757      0.28684      0.27705
     2.32038      0.29289      0.28160
     2.37320      0.29891      0.28611
     2.42601      0.30492      0.29060
     2.47883      0.31094      0.29509
     2.53165      0.31697      0.29958
