# T/Tc, eta_max,eta_min
     1.00000      0.21617      0.17615
     1.05282      0.20599      0.17456
     1.10563      0.19493      0.17055
     1.15845      0.18766      0.16902
     1.21126      0.18618      0.17199
     1.26408      0.19012      0.17720
     1.31689      0.19586      0.18256
     1.36971      0.20052      0.18691
     1.42252      0.20415      0.18769
     1.47534      0.20745      0.18874
     1.52815      0.21114      0.19047
     1.58097      0.21556      0.19328
     1.63378      0.22067      0.19717
     1.68660      0.22624      0.20188
     1.73942      0.23199      0.20712
     1.79223      0.23771      0.21267
     1.84505      0.24323      0.21838
     1.89786      0.24934      0.22415
     1.95068      0.25643      0.22998
     2.00349      0.26318      0.23584
     2.05631      0.26958      0.24175
     2.10912      0.27563      0.24775
     2.16194      0.28137      0.25386
     2.21475      0.28684      0.26009
     2.26757      0.29205      0.26644
     2.32038      0.29702      0.27293
     2.37320      0.30176      0.27958
     2.42601      0.30627      0.28642
     2.47883      0.31094      0.29091
     2.53165      0.31697      0.29411
