# T/Tc, I/T^4_max,I/T^4_min
     0.63291     12.39367      7.41400
     0.65486     10.64615      6.26361
     0.67680      9.20917      5.33534
     0.69875      8.02454      4.59056
     0.72069      7.04593      3.99923
     0.74264      6.23609      3.53736
     0.76458      5.56487      3.18489
     0.78653      5.00780      2.92393
     0.80847      4.54509      2.73764
     0.83042      4.16106      2.60982
     0.85236      3.84363      2.52553
     0.87431      3.58403      2.47229
     0.89625      3.37641      2.44133
     0.91820      3.21742      2.42837
     0.94014      3.10557      2.43352
     0.96209      3.06524      2.46033
     0.98403      3.09380      2.51403
     1.00598      3.16223      2.59946
     1.02792      3.26621      2.71875
     1.04987      3.39621      2.86938
     1.07181      3.53827      3.04310
     1.09376      3.67642      3.22664
     1.11571      3.79583      3.40405
     1.13765      3.88595      3.56022
     1.15960      3.94201      3.68414
     1.18154      3.96508      3.77074
     1.20349      3.96071      3.82095
     1.22543      3.94371      3.84026
     1.24738      3.92024      3.83676
     1.26932      3.88875      3.81912
     1.29127      3.85706      3.79524
     1.31321      3.83034      3.77130
     1.33516      3.81107      3.75139
     1.35710      3.79941      3.73751
     1.37905      3.79368      3.72984
     1.40099      3.79206      3.72709
     1.42294      3.80306      3.72705
     1.44488      3.81182      3.72700
     1.46683      3.81517      3.72413
     1.48877      3.81056      3.71605
     1.51072      3.79620      3.70082
     1.53266      3.77115      3.67503
     1.55461      3.73526      3.63391
     1.57655      3.68905      3.57836
     1.59850      3.63352      3.51633
     1.62044      3.57005      3.44937
     1.64239      3.50017      3.37911
     1.66433      3.42544      3.30707
     1.68628      3.34738      3.23460
     1.70822      3.26739      3.16283
     1.73017      3.18674      3.09263
     1.75212      3.10644      3.02467
     1.77406      3.02742      2.95939
     1.79601      2.95776      2.89705
     1.81795      2.89416      2.83428
     1.83990      2.83335      2.77113
     1.86184      2.77552      2.71141
     1.88379      2.72074      2.65509
     1.90573      2.66900      2.60203
     1.92768      2.62025      2.55172
     1.94962      2.57437      2.49716
     1.97157      2.53121      2.44586
     1.99351      2.49057      2.39761
     2.01546      2.45220      2.35216
     2.03740      2.41587      2.30924
     2.05935      2.38681      2.26855
     2.08129      2.35962      2.22978
     2.10324      2.33330      2.19268
     2.12518      2.30744      2.15697
     2.14713      2.28168      2.12244
     2.16907      2.25569      2.08891
     2.19102      2.22922      2.05627
     2.21296      2.20207      2.02442
     2.23491      2.17411      1.99331
     2.25685      2.14522      1.96284
     2.27880      2.11535      1.93300
     2.30074      2.08449      1.90371
     2.32269      2.05264      1.87488
     2.34463      2.01982      1.84643
     2.36658      1.98608      1.81825
     2.38852      1.95146      1.79022
     2.41047      1.91605      1.76226
     2.43242      1.87993      1.73429
     2.45436      1.84320      1.70625
     2.47631      1.80597      1.67814
     2.49825      1.76838      1.64998
     2.52020      1.73320      1.62186
     2.54214      1.69833      1.59386
     2.56409      1.66331      1.56614
     2.58603      1.62854      1.53881
     2.60798      1.59403      1.51204
     2.62992      1.55984      1.48595
     2.65187      1.52610      1.46066
     2.67381      1.49287      1.43624
     2.69576      1.46020      1.41272
     2.71770      1.43351      1.38791
     2.73965      1.40949      1.35673
     2.76159      1.38615      1.32620
     2.78354      1.36343      1.29628
     2.80548      1.34130      1.26695
     2.82743      1.31975      1.23822
     2.84937      1.29876      1.20999
     2.87132      1.27840      1.18058
     2.89326      1.25874      1.15220
     2.91521      1.23985      1.12499
     2.93715      1.22180      1.09909
     2.95910      1.20467      1.07455
     2.98104      1.18845      1.05138
     3.00299      1.17311      1.02949
     3.02493      1.15860      1.00875
     3.04688      1.14661      0.98894
     3.06883      1.13703      0.96981
     3.09077      1.12794      0.94744
     3.11272      1.11916      0.92586
     3.13466      1.11056      0.90498
     3.15661      1.10196      0.88462
     3.17855      1.09316      0.86457
     3.20050      1.08392      0.84451
     3.22244      1.07393      0.82402
     3.24439      1.06286      0.80293
     3.26633      1.05028      0.78086
     3.28828      1.03575      0.75748
     3.31022      1.01881      0.73244
     3.33217      0.99904      0.70546
     3.35411      0.97601      0.67632
     3.37606      0.94938      0.64464
     3.39800      0.91887      0.60987
     3.41995      0.88428      0.57221
     3.44189      0.84548      0.53159
     3.46384      0.80240      0.48794
     3.48578      0.75504      0.44125
     3.50773      0.70344      0.39149
     3.52967      0.64769      0.33802
     3.55162      0.58794      0.27897
     3.57356      0.52436      0.21710
     3.59551      0.45718      0.15268
     3.61745      0.38668      0.08596
     3.63940      0.31317      0.01726
     3.66134      0.23704     -0.05310
     3.68329      0.15868     -0.12478
     3.70524      0.07854     -0.19742
     3.72718      0.00000     -0.27067
     3.74913      0.00000     -0.34416
     3.77107      0.00000     -0.41750
     3.79302      0.00000     -0.49033
     3.81496      0.00000     -0.56227
     3.83691      0.00000     -0.63800
     3.85885      0.00000     -0.71305
     3.88080      0.00000     -0.78676
     3.90274      0.00000     -0.85876
     3.92469      0.00000     -0.92869
     3.94663      0.00000     -0.99622
     3.96858      0.00000     -1.06103
     3.99052      0.00000     -1.12286
     4.01247      0.00000     -1.18146
     4.03441      0.00000     -1.23664
     4.05636      0.00000     -1.28821
     4.07830      0.00000     -1.33605
     4.10025      0.00000     -1.38008
     4.12219      0.00000     -1.42024
     4.14414      0.00000     -1.45654
     4.16608      0.00000     -1.48900
     4.18803      0.00000     -1.51772
     4.20997      0.00000     -1.54281
     4.23192      0.00000     -1.56443
     4.25386      0.00000     -1.58279
     4.27581      0.00000     -1.59813
     4.29775      0.00000     -1.61071
     4.31970      0.00000     -1.62085
     4.34164      0.00000     -1.62884
     4.36359      0.00000     -1.63504
     4.38554      0.00000     -1.63977
     4.40748      0.00000     -1.64338
     4.42943      0.00000     -1.64620
     4.45137      0.00000     -1.64853
     4.47332      0.00000     -1.65066
     4.49526      0.00000     -1.65284
     4.51721      0.00000     -1.65530
     4.53915      0.00000     -1.65818
     4.56110      0.00000     -1.66162
     4.58304      0.00000     -1.66567
     4.60499      0.00000     -1.67036
     4.62693      0.00000     -1.67561
     4.64888      0.00000     -1.68133
     4.67082      0.00000     -1.68734
     4.69277      0.00000     -1.69340
     4.71471      0.00000     -1.69920
     4.73666      0.00000     -1.70437
     4.75860      0.00000     -1.70845
     4.78055      0.00000     -1.71091
     4.80249      0.00000     -1.71114
     4.82444      0.00000     -1.70845
     4.84638      0.00000     -1.70206
     4.86833      0.00000     -1.69116
     4.89027      0.00000     -1.67491
     4.91222      0.00000     -1.65251
     4.93416      0.00000     -1.62334
     4.95611      0.00000     -1.58712
     4.97805      0.00000     -1.54407
     5.00000      0.00000     -1.49521
