# T/Tc, P/T^4_max,P/T^4_min
     0.63291      0.00000     -1.85664
     0.65486      0.00000     -1.46478
     0.67680      0.00000     -1.13818
     0.69875      0.00000     -0.86372
     0.72069      0.00000     -0.63110
     0.74264      0.00000     -0.43222
     0.76458      0.06694     -0.26064
     0.78653      0.15320     -0.11126
     0.80847      0.23096      0.02002
     0.83042      0.30246      0.13647
     0.85236      0.36936      0.24074
     0.87431      0.43283      0.33505
     0.89625      0.49370      0.42123
     0.91820      0.55256      0.49985
     0.94014      0.60994      0.57301
     0.96209      0.66635      0.64379
     0.98403      0.72239      0.71317
     1.00598      0.78208      0.77872
     1.02792      0.85139      0.83604
     1.04987      0.92172      0.89500
     1.07181      0.99343      0.95612
     1.09376      1.06656      1.01965
     1.11571      1.14082      1.08553
     1.13765      1.21568      1.15340
     1.15960      1.29052      1.22266
     1.18154      1.36469      1.29259
     1.20349      1.43765      1.36250
     1.22543      1.50903      1.43176
     1.24738      1.57862      1.49992
     1.26932      1.64636      1.56670
     1.29127      1.71233      1.63196
     1.31321      1.77669      1.69571
     1.33516      1.83964      1.75804
     1.35710      1.90138      1.81908
     1.37905      1.96208      1.87896
     1.40099      2.02187      1.93782
     1.42294      2.08083      1.99575
     1.44488      2.13895      2.05279
     1.46683      2.19621      2.10896
     1.48877      2.25250      2.16421
     1.51072      2.30773      2.21849
     1.53266      2.36177      2.27170
     1.55461      2.41450      2.32376
     1.57655      2.46582      2.37457
     1.59850      2.51562      2.42406
     1.62044      2.56386      2.47215
     1.64239      2.61050      2.51880
     1.66433      2.65551      2.56399
     1.68628      2.69892      2.60770
     1.70822      2.74076      2.64994
     1.73017      2.78107      2.69076
     1.75212      2.81990      2.73017
     1.77406      2.85733      2.76823
     1.79601      2.89342      2.80500
     1.81795      2.92825      2.84053
     1.83990      2.96187      2.87489
     1.86184      2.99437      2.90814
     1.88379      3.02581      2.94034
     1.90573      3.05625      2.97155
     1.92768      3.08576      3.00183
     1.94962      3.11438      3.03123
     1.97157      3.14217      3.05980
     1.99351      3.16918      3.08759
     2.01546      3.19545      3.11465
     2.03740      3.22102      3.14100
     2.05935      3.24593      3.16670
     2.08129      3.27021      3.19177
     2.10324      3.29389      3.21623
     2.12518      3.31698      3.24011
     2.14713      3.33952      3.26343
     2.16907      3.36152      3.28621
     2.19102      3.38300      3.30846
     2.21296      3.40398      3.33020
     2.23491      3.42446      3.35144
     2.25685      3.44446      3.37218
     2.27880      3.46399      3.39245
     2.30074      3.48305      3.41224
     2.32269      3.50167      3.43156
     2.34463      3.51984      3.45042
     2.36658      3.53757      3.46883
     2.38852      3.55486      3.48679
     2.41047      3.57172      3.50430
     2.43242      3.58814      3.52136
     2.45436      3.60415      3.53798
     2.47631      3.61972      3.55416
     2.49825      3.63488      3.56990
     2.52020      3.64962      3.58520
     2.54214      3.66395      3.60008
     2.56409      3.67788      3.61452
     2.58603      3.69142      3.62855
     2.60798      3.70457      3.64216
     2.62992      3.71736      3.65538
     2.65187      3.72977      3.66820
     2.67381      3.74185      3.68064
     2.69576      3.75358      3.69271
     2.71770      3.76498      3.70442
     2.73965      3.77607      3.71577
     2.76159      3.78685      3.72679
     2.78354      3.79733      3.73748
     2.80548      3.80752      3.74785
     2.82743      3.81744      3.75790
     2.84937      3.82707      3.76765
     2.87132      3.83645      3.77710
     2.89326      3.84556      3.78626
     2.91521      3.85443      3.79515
     2.93715      3.86305      3.80376
     2.95910      3.87145      3.81212
     2.98104      3.87963      3.82023
     3.00299      3.88761      3.82811
     3.02493      3.89538      3.83576
     3.04688      3.90297      3.84320
     3.06883      3.91038      3.85043
     3.09077      3.91761      3.85746
     3.11272      3.92468      3.86430
     3.13466      3.93159      3.87095
     3.15661      3.93834      3.87743
     3.17855      3.94494      3.88372
     3.20050      3.95139      3.88984
     3.22244      3.95768      3.89579
     3.24439      3.96382      3.90156
     3.26633      3.96979      3.90716
     3.28828      3.97559      3.91258
     3.31022      3.98122      3.91780
     3.33217      3.98665      3.92284
     3.35411      3.99188      3.92766
     3.37606      3.99689      3.93228
     3.39800      4.00165      3.93666
     3.41995      4.00616      3.94080
     3.44189      4.01039      3.94467
     3.46384      4.01433      3.94828
     3.48578      4.01795      3.95158
     3.50773      4.02124      3.95459
     3.52967      4.02418      3.95726
     3.55162      4.02675      3.95960
     3.57356      4.02894      3.96159
     3.59551      4.03073      3.96321
     3.61745      4.03211      3.96445
     3.63940      4.03307      3.96531
     3.66134      4.03360      3.96576
     3.68329      4.03369      3.96581
     3.70524      4.03399      3.96545
     3.72718      4.03422      3.96467
     3.74913      4.03396      3.96347
     3.77107      4.03322      3.96185
     3.79302      4.03201      3.95982
     3.81496      4.03033      3.95738
     3.83691      4.02820      3.95452
     3.85885      4.02563      3.95128
     3.88080      4.02264      3.94765
     3.90274      4.01924      3.94364
     3.92469      4.01546      3.93929
     3.94663      4.01132      3.93459
     3.96858      4.00684      3.92956
     3.99052      4.00205      3.92424
     4.01247      3.99697      3.91864
     4.03441      3.99164      3.91277
     4.05636      3.98607      3.90667
     4.07830      3.98029      3.90035
     4.10025      3.97434      3.89384
     4.12219      3.96824      3.88716
     4.14414      3.96200      3.88033
     4.16608      3.95567      3.87338
     4.18803      3.94925      3.86632
     4.20997      3.94277      3.85918
     4.23192      3.93625      3.85197
     4.25386      3.92970      3.84472
     4.27581      3.92315      3.83743
     4.29775      3.91659      3.83012
     4.31970      3.91005      3.82280
     4.34164      3.90352      3.81549
     4.36359      3.89718      3.80819
     4.38554      3.89126      3.80090
     4.40748      3.88536      3.79364
     4.42943      3.87946      3.78640
     4.45137      3.87356      3.77919
     4.47332      3.86767      3.77201
     4.49526      3.86176      3.76484
     4.51721      3.85585      3.75770
     4.53915      3.84993      3.75058
     4.56110      3.84398      3.74297
     4.58304      3.83802      3.73499
     4.60499      3.83204      3.72702
     4.62693      3.82604      3.71906
     4.64888      3.82003      3.71112
     4.67082      3.81400      3.70319
     4.69277      3.80797      3.69527
     4.71471      3.80194      3.68735
     4.73666      3.79593      3.67945
     4.75860      3.78994      3.67156
     4.78055      3.78401      3.66369
     4.80249      3.77814      3.65586
     4.82444      3.77237      3.64806
     4.84638      3.76670      3.64032
     4.86833      3.76116      3.63265
     4.89027      3.75576      3.62508
     4.91222      3.75053      3.61763
     4.93416      3.74545      3.61033
     4.95611      3.74052      3.60320
     4.97805      3.73574      3.59628
     5.00000      3.73109      3.58959
