# T/Tc, sigma/T(strange)_max,sigma/T(strange)_min, sigma/T(full)_max, sigma/T(full)_min
     1.00000      0.00045      0.00036      0.00512      0.00326
     1.07464      0.00059      0.00051      0.00615      0.00453
     1.14928      0.00073      0.00066      0.00716      0.00582
     1.22392      0.00086      0.00081      0.00830      0.00702
     1.29856      0.00100      0.00096      0.00929      0.00811
     1.37320      0.00114      0.00108      0.01028      0.00877
     1.44784      0.00129      0.00119      0.01114      0.00921
     1.52248      0.00143      0.00130      0.01185      0.00959
     1.59712      0.00157      0.00139      0.01242      0.00995
     1.67176      0.00170      0.00148      0.01286      0.01028
     1.74640      0.00184      0.00158      0.01322      0.01057
     1.82104      0.00196      0.00167      0.01350      0.01086
     1.89568      0.00209      0.00177      0.01388      0.01117
     1.97032      0.00221      0.00188      0.01419      0.01149
     2.04496      0.00233      0.00199      0.01446      0.01184
     2.11960      0.00246      0.00210      0.01470      0.01221
     2.19424      0.00258      0.00222      0.01490      0.01261
     2.26888      0.00269      0.00234      0.01506      0.01302
     2.34352      0.00278      0.00246      0.01519      0.01348
     2.41816      0.00286      0.00258      0.01530      0.01383
     2.49280      0.00296      0.00272      0.01551      0.01392
     2.56744      0.00311      0.00282      0.01593      0.01397
     2.64208      0.00325      0.00291      0.01635      0.01398
     2.71672      0.00340      0.00300      0.01677      0.01398
     2.79136      0.00355      0.00308      0.01725      0.01398
     2.86600      0.00375      0.00313      0.01799      0.01393
     2.94064      0.00397      0.00314      0.01881      0.01386
     3.01528      0.00420      0.00316      0.01968      0.01380
     3.08992      0.00444      0.00317      0.02059      0.01373
     3.16456      0.00470      0.00317      0.02155      0.01366
