# T/Tc, cs_max,cs_min
     0.63291      0.70579      0.48602
     0.65486      0.57278      0.41107
     0.67680      0.46843      0.35043
     0.69875      0.38875      0.30605
     0.72069      0.33584      0.27406
     0.74264      0.31272      0.25130
     0.76458      0.29349      0.23183
     0.78653      0.27708      0.21828
     0.80847      0.26260      0.20870
     0.83042      0.24936      0.19969
     0.85236      0.23692      0.19226
     0.87431      0.22509      0.18572
     0.89625      0.21396      0.17954
     0.91820      0.20377      0.17369
     0.94014      0.19492      0.16857
     0.96209      0.18778      0.16470
     0.98403      0.18264      0.16255
     1.00598      0.17964      0.16240
     1.02792      0.17874      0.16427
     1.04987      0.17976      0.16768
     1.07181      0.18238      0.17120
     1.09376      0.18715      0.17596
     1.11571      0.19294      0.18154
     1.13765      0.19880      0.18756
     1.15960      0.20448      0.19370
     1.18154      0.20978      0.19972
     1.20349      0.21454      0.20545
     1.22543      0.21864      0.21075
     1.24738      0.22203      0.21546
     1.26932      0.22472      0.21900
     1.29127      0.22682      0.22196
     1.31321      0.22907      0.22443
     1.33516      0.23108      0.22657
     1.35710      0.23289      0.22836
     1.37905      0.23472      0.23020
     1.40099      0.23681      0.23230
     1.42294      0.23952      0.23478
     1.44488      0.24258      0.23767
     1.46683      0.24597      0.24099
     1.48877      0.24965      0.24470
     1.51072      0.25355      0.24865
     1.53266      0.25755      0.25242
     1.55461      0.26156      0.25634
     1.57655      0.26546      0.26031
     1.59850      0.26937      0.26424
     1.62044      0.27331      0.26803
     1.64239      0.27692      0.27159
     1.66433      0.28013      0.27487
     1.68628      0.28292      0.27781
     1.70822      0.28529      0.28039
     1.73017      0.28765      0.28260
     1.75212      0.28985      0.28445
     1.77406      0.29167      0.28597
     1.79601      0.29315      0.28719
     1.81795      0.29432      0.28778
     1.83990      0.29522      0.28815
     1.86184      0.29589      0.28838
     1.88379      0.29638      0.28852
     1.90573      0.29673      0.28860
     1.92768      0.29699      0.28864
     1.94962      0.29718      0.28867
     1.97157      0.29735      0.28874
     1.99351      0.29751      0.28885
     2.01546      0.29769      0.28904
     2.03740      0.29791      0.28932
     2.05935      0.29817      0.28972
     2.08129      0.29847      0.29024
     2.10324      0.29883      0.29089
     2.12518      0.29924      0.29167
     2.14713      0.29970      0.29258
     2.16907      0.30019      0.29362
     2.19102      0.30072      0.29476
     2.21296      0.30129      0.29601
     2.23491      0.30188      0.29734
     2.25685      0.30251      0.29859
     2.27880      0.30317      0.29963
     2.30074      0.30386      0.30074
     2.32269      0.30459      0.30192
     2.34463      0.30540      0.30316
     2.36658      0.30677      0.30414
     2.38852      0.30815      0.30505
     2.41047      0.30951      0.30600
     2.43242      0.31087      0.30696
     2.45436      0.31230      0.30792
     2.47631      0.31366      0.30887
     2.49825      0.31496      0.30979
     2.52020      0.31618      0.31066
     2.54214      0.31732      0.31147
     2.56409      0.31838      0.31221
     2.58603      0.31936      0.31288
     2.60798      0.32026      0.31347
     2.62992      0.32110      0.31398
     2.65187      0.32187      0.31435
     2.67381      0.32259      0.31456
     2.69576      0.32326      0.31473
     2.71770      0.32387      0.31486
     2.73965      0.32443      0.31496
     2.76159      0.32492      0.31502
     2.78354      0.32534      0.31506
     2.80548      0.32568      0.31506
     2.82743      0.32593      0.31502
     2.84937      0.32609      0.31494
     2.87132      0.32660      0.31483
     2.89326      0.32708      0.31467
     2.91521      0.32749      0.31448
     2.93715      0.32783      0.31426
     2.95910      0.32809      0.31404
     2.98104      0.32828      0.31382
     3.00299      0.32842      0.31362
     3.02493      0.32853      0.31346
     3.04688      0.32863      0.31335
     3.06883      0.32875      0.31333
     3.09077      0.32893      0.31342
     3.11272      0.32921      0.31366
     3.13466      0.32965      0.31407
     3.15661      0.33031      0.31469
     3.17855      0.33119      0.31557
     3.20050      0.33232      0.31674
     3.22244      0.33377      0.31824
     3.24439      0.33585      0.32010
     3.26633      0.33826      0.32237
     3.28828      0.34102      0.32506
     3.31022      0.34416      0.32821
     3.33217      0.34771      0.33184
     3.35411      0.35168      0.33596
     3.37606      0.35610      0.34059
     3.39800      0.36096      0.34572
     3.41995      0.36627      0.35135
     3.44189      0.37201      0.35748
     3.46384      0.37817      0.36410
     3.48578      0.38471      0.37035
     3.50773      0.39159      0.37689
     3.52967      0.39877      0.38373
     3.55162      0.40619      0.39084
     3.57356      0.41377      0.39814
     3.59551      0.42145      0.40557
     3.61745      0.42915      0.41306
     3.63940      0.43678      0.42050
     3.66134      0.44424      0.42780
     3.68329      0.45183      0.43484
     3.70524      0.46035      0.44151
     3.72718      0.46865      0.44768
     3.74913      0.47660      0.45322
     3.77107      0.48406      0.45801
     3.79302      0.49096      0.46195
     3.81496      0.49700      0.46493
     3.83691      0.50211      0.46690
     3.85885      0.50627      0.46781
     3.88080      0.50934      0.46765
     3.90274      0.51124      0.46645
     3.92469      0.51196      0.46425
     3.94663      0.51149      0.46113
     3.96858      0.50987      0.45722
     3.99052      0.50716      0.45262
     4.01247      0.50344      0.44748
     4.03441      0.49883      0.44194
     4.05636      0.49347      0.43615
     4.07830      0.48748      0.43024
     4.10025      0.48102      0.42436
     4.12219      0.47424      0.41863
     4.14414      0.46728      0.41315
     4.16608      0.46029      0.40802
     4.18803      0.45340      0.40331
     4.20997      0.44672      0.39910
     4.23192      0.44036      0.39542
     4.25386      0.43441      0.39232
     4.27581      0.42895      0.38982
     4.29775      0.42402      0.38792
     4.31970      0.41968      0.38662
     4.34164      0.41597      0.38590
     4.36359      0.41289      0.38542
     4.38554      0.41046      0.38502
     4.40748      0.40866      0.38523
     4.42943      0.40756      0.38598
     4.45137      0.40727      0.38720
     4.47332      0.40748      0.38870
     4.49526      0.40812      0.38986
     4.51721      0.40911      0.39116
     4.53915      0.41033      0.39249
     4.56110      0.41166      0.39371
     4.58304      0.41296      0.39470
     4.60499      0.41405      0.39529
     4.62693      0.41475      0.39424
     4.64888      0.41485      0.39166
     4.67082      0.41454      0.38795
     4.69277      0.41356      0.38310
     4.71471      0.41148      0.37723
     4.73666      0.40809      0.37055
     4.75860      0.40322      0.36336
     4.78055      0.39676      0.35605
     4.80249      0.38870      0.34902
     4.82444      0.37918      0.34110
     4.84638      0.36847      0.33096
     4.86833      0.35793      0.32194
     4.89027      0.35337      0.31392
     4.91222      0.35099      0.30658
     4.93416      0.35251      0.30212
     4.95611      0.35587      0.30107
     4.97805      0.36103      0.30212
     5.00000      0.36794      0.30232
