# T/Tc, sigma/T(strange)_max,sigma/T(strange)_min, sigma/T(full)_max, sigma/T(full)_min
     1.00000      0.00041      0.00041      0.00457      0.00349
     1.07464      0.00055      0.00055      0.00586      0.00470
     1.14928      0.00069      0.00069      0.00712      0.00593
     1.22392      0.00083      0.00083      0.00827      0.00709
     1.29856      0.00097      0.00096      0.00926      0.00812
     1.37320      0.00110      0.00109      0.01010      0.00903
     1.44784      0.00122      0.00121      0.01080      0.00980
     1.52248      0.00135      0.00133      0.01137      0.01047
     1.59712      0.00147      0.00144      0.01185      0.01106
     1.67176      0.00158      0.00156      0.01224      0.01157
     1.74640      0.00170      0.00167      0.01256      0.01204
     1.82104      0.00181      0.00179      0.01284      0.01246
     1.89568      0.00193      0.00191      0.01307      0.01286
     1.97032      0.00204      0.00203      0.01327      0.01323
     2.04496      0.00216      0.00215      0.01359      0.01343
     2.11960      0.00228      0.00227      0.01393      0.01357
     2.19424      0.00241      0.00238      0.01425      0.01369
     2.26888      0.00255      0.00249      0.01457      0.01379
     2.34352      0.00268      0.00260      0.01488      0.01388
     2.41816      0.00282      0.00270      0.01518      0.01395
     2.49280      0.00296      0.00281      0.01547      0.01401
     2.56744      0.00311      0.00291      0.01576      0.01405
     2.64208      0.00325      0.00301      0.01604      0.01409
     2.71672      0.00340      0.00311      0.01631      0.01412
     2.79136      0.00355      0.00321      0.01658      0.01415
     2.86600      0.00370      0.00330      0.01684      0.01417
     2.94064      0.00385      0.00339      0.01709      0.01418
     3.01528      0.00400      0.00348      0.01734      0.01419
     3.08992      0.00416      0.00357      0.01759      0.01420
     3.16456      0.00431      0.00366      0.01783      0.01421
