# T/Tc,massG_min*eval, massG_max*eval, massL_min*eval, massL_max*eval, massS_min*eval, massS_max*eval
     0.98101      0.77532      0.86701      0.51191      0.54646      0.54191      0.57646
     1.00789      0.79115      0.87664      0.50238      0.53296      0.53238      0.56295
     1.03476      0.80626      0.88547      0.49077      0.51970      0.52077      0.54970
     1.06164      0.82040      0.89351      0.47943      0.50679      0.50943      0.53679
     1.08851      0.83394      0.90079      0.46841      0.49431      0.49841      0.52431
     1.11539      0.84689      0.90734      0.45777      0.48234      0.48777      0.51234
     1.14226      0.85918      0.91319      0.44753      0.47091      0.47753      0.50091
     1.16914      0.87050      0.91838      0.43773      0.46008      0.46773      0.49008
     1.19601      0.88107      0.92295      0.42840      0.44986      0.45840      0.47986
     1.22289      0.89088      0.92701      0.41954      0.44028      0.44954      0.47028
     1.24976      0.89677      0.93201      0.41118      0.43134      0.44118      0.46134
     1.27664      0.90025      0.93614      0.40331      0.42304      0.43331      0.45304
     1.30351      0.90343      0.93947      0.39594      0.41537      0.42594      0.44537
     1.33039      0.90631      0.94285      0.38907      0.40832      0.41907      0.43832
     1.35726      0.90894      0.94707      0.38271      0.40187      0.41271      0.43187
     1.38414      0.91134      0.95069      0.37683      0.39601      0.40683      0.42601
     1.41101      0.91351      0.95372      0.37144      0.39070      0.40144      0.42070
     1.43789      0.91549      0.95631      0.36653      0.38594      0.39653      0.41594
     1.46476      0.91730      0.95875      0.36208      0.38170      0.39208      0.41170
     1.49164      0.91893      0.96046      0.35809      0.37794      0.38809      0.40794
     1.51851      0.92036      0.96146      0.35455      0.37465      0.38455      0.40465
     1.54539      0.92104      0.96279      0.35144      0.37181      0.38144      0.40181
     1.57226      0.92163      0.96439      0.34875      0.36939      0.37875      0.39939
     1.59913      0.92212      0.96542      0.34647      0.36737      0.37647      0.39737
     1.62601      0.92254      0.96590      0.34459      0.36573      0.37459      0.39573
     1.65288      0.92289      0.96588      0.34309      0.36446      0.37309      0.39446
     1.67976      0.92279      0.96538      0.34196      0.36352      0.37196      0.39352
     1.70663      0.92172      0.96444      0.34120      0.36291      0.37120      0.39291
     1.73351      0.92069      0.96310      0.34077      0.36261      0.37077      0.39261
     1.76038      0.91971      0.96140      0.34069      0.36261      0.37069      0.39261
     1.78726      0.91880      0.95937      0.34092      0.36288      0.37092      0.39288
     1.81413      0.91795      0.95707      0.34146      0.36343      0.37146      0.39343
     1.84101      0.91586      0.95500      0.34230      0.36422      0.37230      0.39422
     1.86788      0.91305      0.95323      0.34342      0.36527      0.37342      0.39527
     1.89476      0.91027      0.95129      0.34482      0.36655      0.37482      0.39655
     1.92163      0.90755      0.94922      0.34648      0.36805      0.37648      0.39805
     1.94851      0.90489      0.94744      0.34839      0.36978      0.37839      0.39978
     1.97538      0.90232      0.94637      0.35054      0.37171      0.38054      0.40171
     2.00226      0.89951      0.94522      0.35291      0.37385      0.38291      0.40385
     2.02913      0.89520      0.94400      0.35551      0.37618      0.38551      0.40618
     2.05601      0.89116      0.94271      0.35831      0.37871      0.38831      0.40871
     2.08288      0.88743      0.94136      0.36132      0.38142      0.39132      0.41142
     2.10976      0.88405      0.93996      0.36451      0.38432      0.39451      0.41432
     2.13663      0.88103      0.93852      0.36788      0.38739      0.39788      0.41739
     2.16351      0.87839      0.93705      0.37143      0.39063      0.40143      0.42063
     2.19038      0.87616      0.93554      0.37514      0.39405      0.40514      0.42405
     2.21726      0.87432      0.93401      0.37901      0.39763      0.40901      0.42763
     2.24413      0.87290      0.93246      0.38303      0.40138      0.41303      0.43138
     2.27101      0.87188      0.93090      0.38704      0.40528      0.41704      0.43528
     2.29788      0.87127      0.92933      0.39119      0.40936      0.42119      0.43936
     2.32476      0.87107      0.92776      0.39553      0.41361      0.42553      0.44361
     2.35163      0.87125      0.92618      0.40007      0.41796      0.43007      0.44796
     2.37851      0.87182      0.92462      0.40479      0.42245      0.43479      0.45245
     2.40538      0.87275      0.92306      0.40968      0.42711      0.43968      0.45711
     2.43226      0.87405      0.92227      0.41465      0.43192      0.44465      0.46192
     2.45913      0.87569      0.92190      0.41981      0.43688      0.44981      0.46688
     2.48601      0.87766      0.92159      0.42500      0.44197      0.45500      0.47197
     2.51288      0.87994      0.92134      0.43022      0.44720      0.46022      0.47720
     2.53976      0.88253      0.92114      0.43553      0.45256      0.46553      0.48256
     2.56663      0.88540      0.92100      0.44093      0.45806      0.47093      0.48806
     2.59351      0.88854      0.92093      0.44643      0.46368      0.47643      0.49368
     2.62038      0.89194      0.92091      0.45200      0.46944      0.48200      0.49944
     2.64726      0.89540      0.92096      0.45766      0.47532      0.48766      0.50532
     2.67413      0.89579      0.92107      0.46340      0.48132      0.49340      0.51132
     2.70101      0.89631      0.92125      0.46922      0.48743      0.49922      0.51743
     2.72788      0.89668      0.92150      0.47511      0.49367      0.50511      0.52367
     2.75475      0.89647      0.92181      0.48106      0.50001      0.51106      0.53001
     2.78163      0.89638      0.92218      0.48637      0.50647      0.51637      0.53647
     2.80850      0.89641      0.92263      0.49141      0.51303      0.52141      0.54303
     2.83538      0.89654      0.92680      0.49650      0.51970      0.52650      0.54970
     2.86225      0.89680      0.93194      0.50164      0.52646      0.53164      0.55646
     2.88913      0.89716      0.93722      0.50681      0.53332      0.53681      0.56332
     2.91600      0.89764      0.94264      0.51203      0.54028      0.54203      0.57028
     2.94288      0.89822      0.94817      0.51729      0.54732      0.54729      0.57732
     2.96975      0.89779      0.95383      0.52259      0.55445      0.55259      0.58445
     2.99663      0.89711      0.95959      0.52792      0.56183      0.55792      0.59183
     3.02350      0.89649      0.96546      0.53329      0.57061      0.56329      0.60061
     3.05038      0.89593      0.97142      0.53868      0.57954      0.56868      0.60954
     3.07725      0.89542      0.97747      0.54411      0.58861      0.57411      0.61861
     3.10413      0.89498      0.98361      0.54957      0.59781      0.57957      0.62781
     3.13100      0.89459      0.98982      0.55506      0.60714      0.58506      0.63714
     3.15788      0.89427      0.99611      0.56057      0.61659      0.59057      0.64659
     3.18475      0.89400      1.00248      0.56610      0.62616      0.59610      0.65616
     3.21163      0.89379      1.00890      0.57166      0.63583      0.60166      0.66583
     3.23850      0.89365      1.01540      0.57724      0.64561      0.60724      0.67561
     3.26538      0.89357      1.02194      0.58284      0.65548      0.61284      0.68548
     3.29225      0.89354      1.02855      0.58846      0.66545      0.61846      0.69545
     3.31913      0.89358      1.03521      0.59410      0.67549      0.62410      0.70549
     3.34600      0.89368      1.04191      0.59976      0.68561      0.62976      0.71561
     3.37288      0.89384      1.04867      0.60543      0.69580      0.63543      0.72580
     3.39975      0.89406      1.05546      0.61112      0.70605      0.64112      0.73605
     3.42663      0.89434      1.06230      0.61682      0.71636      0.64682      0.74636
     3.45350      0.89467      1.06918      0.62253      0.72672      0.65253      0.75672
     3.48038      0.89507      1.07610      0.62826      0.73711      0.65826      0.76711
     3.50725      0.89553      1.08305      0.63400      0.74755      0.66400      0.77755
     3.53413      0.89605      1.09003      0.63975      0.75801      0.66975      0.78801
     3.56100      0.89662      1.09705      0.64551      0.76849      0.67551      0.79849
     3.58788      0.89726      1.10410      0.65127      0.77899      0.68127      0.80899
     3.61475      0.89795      1.11117      0.65705      0.78951      0.68705      0.81951
     3.64163      0.89869      1.11828      0.66284      0.80002      0.69284      0.83002
     3.66850      0.89940      1.12541      0.66863      0.81054      0.69863      0.84054
     3.69538      0.90019      1.13256      0.67396      0.82106      0.70396      0.85106
     3.72225      0.90104      1.13974      0.67910      0.83156      0.70910      0.86156
     3.74913      0.90197      1.14694      0.68423      0.84205      0.71423      0.87205
     3.77600      0.90296      1.15417      0.68934      0.85252      0.71934      0.88252
     3.80288      0.90403      1.16141      0.69445      0.86297      0.72445      0.89297
     3.82975      0.90516      1.16868      0.69954      0.87339      0.72954      0.90339
     3.85662      0.90635      1.17596      0.70462      0.88378      0.73462      0.91378
     3.88350      0.90762      1.18326      0.70969      0.89414      0.73969      0.92414
     3.91037      0.90894      1.19058      0.71475      0.90446      0.74475      0.93446
     3.93725      0.91033      1.19792      0.71979      0.91474      0.74979      0.94474
     3.96412      0.91179      1.20527      0.72482      0.92497      0.75482      0.95497
     3.99100      0.91330      1.21264      0.72985      0.93517      0.75985      0.96517
     4.01787      0.91481      1.22032      0.73486      0.94531      0.76486      0.97531
     4.04475      0.91634      1.22903      0.73986      0.95541      0.76986      0.98541
     4.07162      0.91791      1.23777      0.74485      0.96545      0.77485      0.99545
     4.09850      0.91953      1.24656      0.74982      0.97545      0.77982      1.00545
     4.12537      0.92120      1.25539      0.75479      0.98538      0.78479      1.01538
     4.15225      0.92291      1.26425      0.75975      0.99527      0.78975      1.02527
     4.17912      0.92466      1.27315      0.76469      1.00509      0.79469      1.03509
     4.20600      0.92646      1.28208      0.76963      1.01487      0.79963      1.04487
     4.23287      0.92830      1.29105      0.77455      1.02458      0.80455      1.05458
     4.25975      0.93018      1.30005      0.77946      1.03423      0.80946      1.06423
     4.28662      0.93210      1.30908      0.78437      1.04383      0.81437      1.07383
     4.31350      0.93407      1.31814      0.78926      1.05336      0.81926      1.08336
     4.34037      0.93607      1.32722      0.79415      1.06284      0.82415      1.09284
     4.36725      0.93811      1.33633      0.79902      1.07226      0.82902      1.10226
     4.39412      0.94019      1.34547      0.80389      1.08162      0.83389      1.11162
     4.42100      0.94230      1.35463      0.80875      1.09092      0.83875      1.12092
     4.44787      0.94446      1.36382      0.81359      1.10016      0.84359      1.13016
     4.47475      0.94664      1.37302      0.81843      1.10934      0.84843      1.13934
     4.50162      0.94887      1.38225      0.82326      1.11847      0.85326      1.14847
     4.52850      0.95113      1.39150      0.82809      1.12754      0.85809      1.15754
     4.55537      0.95342      1.40077      0.83290      1.13655      0.86290      1.16655
     4.58225      0.95575      1.41005      0.83771      1.14550      0.86771      1.17550
     4.60912      0.95811      1.41935      0.84251      1.15440      0.87251      1.18440
     4.63600      0.96051      1.42867      0.84730      1.16324      0.87730      1.19324
     4.66287      0.96293      1.43801      0.85208      1.17203      0.88208      1.20203
     4.68975      0.96539      1.44735      0.85686      1.18077      0.88686      1.21077
     4.71662      0.96788      1.45672      0.86163      1.18945      0.89163      1.21945
     4.74350      0.97039      1.46609      0.86639      1.19808      0.89639      1.22808
     4.77037      0.97294      1.47548      0.87115      1.20666      0.90115      1.23666
     4.79725      0.97552      1.48488      0.87590      1.21519      0.90590      1.24519
     4.82412      0.97812      1.49429      0.88064      1.22367      0.91064      1.25367
     4.85100      0.98076      1.50372      0.88538      1.23210      0.91538      1.26210
     4.87787      0.98342      1.51315      0.89011      1.24048      0.92011      1.27048
     4.90475      0.98610      1.52259      0.89484      1.24882      0.92484      1.27882
     4.93162      0.98882      1.53204      0.89956      1.25711      0.92956      1.28711
     4.95850      0.99156      1.54150      0.90428      1.26535      0.93428      1.29535
     4.98537      0.99432      1.55096      0.90899      1.27355      0.93899      1.30355
     5.01224      0.99712      1.56044      0.91369      1.28171      0.94369      1.31171
     5.03912      0.99993      1.56992      0.91839      1.28983      0.94839      1.31983
     5.06599      1.00277      1.57940      0.92309      1.29790      0.95309      1.32790
     5.09287      1.00563      1.58890      0.92778      1.30594      0.95778      1.33594
     5.11974      1.00852      1.59839      0.93246      1.31393      0.96246      1.34393
     5.14662      1.01143      1.60789      0.93714      1.32189      0.96714      1.35189
     5.17349      1.01436      1.61740      0.94182      1.32980      0.97182      1.35980
     5.20037      1.01731      1.62691      0.94649      1.33769      0.97649      1.36769
     5.22724      1.02029      1.63643      0.95116      1.34553      0.98116      1.37553
     5.25412      1.02329      1.64594      0.95583      1.35334      0.98583      1.38334
     5.28099      1.02630      1.65547      0.96049      1.36111      0.99049      1.39111
     5.30787      1.02934      1.66499      0.96515      1.36885      0.99515      1.39885
     5.33474      1.03240      1.67451      0.96980      1.37656      0.99980      1.40656
     5.36162      1.03548      1.68404      0.97446      1.38424      1.00446      1.41424
     5.38849      1.03857      1.69357      0.97910      1.39188      1.00910      1.42188
     5.41537      1.04169      1.70310      0.98375      1.39949      1.01375      1.42949
     5.44224      1.04482      1.71264      0.98839      1.40708      1.01839      1.43708
     5.46912      1.04798      1.72217      0.99303      1.41463      1.02303      1.44463
     5.49599      1.05115      1.73171      0.99767      1.42216      1.02767      1.45216
     5.52287      1.05433      1.74124      1.00230      1.42966      1.03230      1.45966
     5.54974      1.05754      1.75078      1.00693      1.43713      1.03693      1.46713
     5.57662      1.06076      1.76031      1.01156      1.44457      1.04156      1.47457
     5.60349      1.06400      1.76985      1.01619      1.45199      1.04619      1.48199
     5.63037      1.06726      1.77938      1.02081      1.45938      1.05081      1.48938
     5.65724      1.07053      1.78891      1.02543      1.46675      1.05543      1.49675
     5.68412      1.07382      1.79845      1.03005      1.47409      1.06005      1.50409
     5.71099      1.07712      1.80798      1.03467      1.48141      1.06467      1.51141
     5.73787      1.08044      1.81751      1.03928      1.48871      1.06928      1.51871
     5.76474      1.08377      1.82704      1.04390      1.49599      1.07390      1.52599
     5.79162      1.08712      1.83657      1.04851      1.50324      1.07851      1.53324
     5.81849      1.09049      1.84610      1.05312      1.51047      1.08312      1.54047
     5.84537      1.09386      1.85562      1.05773      1.51768      1.08773      1.54768
     5.87224      1.09725      1.86515      1.06234      1.52488      1.09234      1.55488
     5.89912      1.10066      1.87467      1.06694      1.53205      1.09694      1.56205
     5.92599      1.10408      1.88419      1.07154      1.53920      1.10154      1.56920
     5.95287      1.10751      1.89371      1.07615      1.54633      1.10615      1.57633
     5.97974      1.11096      1.90322      1.08075      1.55345      1.11075      1.58345
     6.00662      1.11441      1.91274      1.08535      1.56055      1.11535      1.59055
     6.03349      1.11789      1.92225      1.08995      1.56763      1.11995      1.59763
     6.06037      1.12137      1.93176      1.09455      1.57469      1.12455      1.60469
     6.08724      1.12486      1.94126      1.09914      1.58174      1.12914      1.61174
     6.11411      1.12837      1.95076      1.10374      1.58877      1.13374      1.61877
     6.14099      1.13189      1.96026      1.10833      1.59578      1.13833      1.62578
     6.16786      1.13542      1.96976      1.11292      1.60278      1.14292      1.63278
     6.19474      1.13896      1.97925      1.11752      1.60977      1.14752      1.63977
     6.22161      1.14252      1.98874      1.12211      1.61674      1.15211      1.64674
     6.24849      1.14608      1.99823      1.12670      1.62369      1.15670      1.65369
     6.27536      1.14966      2.00772      1.13129      1.63063      1.16129      1.66063
     6.30224      1.15325      2.01720      1.13588      1.63756      1.16588      1.66756
     6.32911      1.15684      2.02668      1.14047      1.64448      1.17047      1.67448
