# T/Tc, widthG_min*eval, widthG_max*eval, widthL_min*eval, widthL_max*eval, widthS_min*eval, widthS_max*eval
     0.98101      0.11669      0.13434      0.03777      0.06215      0.07337      0.09019
     1.00789      0.11839      0.13434      0.04033      0.06281      0.07561      0.09128
     1.03476      0.12001      0.13456      0.04295      0.06346      0.07784      0.09228
     1.06164      0.12154      0.13510      0.04563      0.06408      0.08005      0.09321
     1.08851      0.12299      0.13553      0.04834      0.06470      0.08223      0.09405
     1.11539      0.12436      0.13583      0.05105      0.06530      0.08436      0.09482
     1.14226      0.12566      0.13604      0.05313      0.06590      0.08645      0.09551
     1.16914      0.12688      0.13617      0.05466      0.06651      0.08849      0.09620
     1.19601      0.12804      0.13621      0.05617      0.06740      0.09047      0.09695
     1.22289      0.12913      0.13619      0.05768      0.06859      0.09237      0.09763
     1.24976      0.13016      0.13612      0.05918      0.06977      0.09406      0.09826
     1.27664      0.13113      0.13600      0.06066      0.07093      0.09527      0.09913
     1.30351      0.13186      0.13617      0.06214      0.07208      0.09631      0.10028
     1.33039      0.13161      0.13626      0.06327      0.07322      0.09697      0.10135
     1.35726      0.13137      0.13628      0.06432      0.07503      0.09758      0.10234
     1.38414      0.13114      0.13652      0.06538      0.07744      0.09788      0.10351
     1.41101      0.13094      0.13705      0.06646      0.07977      0.09804      0.10460
     1.43789      0.13076      0.13751      0.06755      0.08203      0.09817      0.10561
     1.46476      0.13060      0.13791      0.06866      0.08420      0.09826      0.10652
     1.49164      0.13046      0.13826      0.06979      0.08629      0.09833      0.10734
     1.51851      0.13035      0.13855      0.07094      0.08830      0.09837      0.10806
     1.54539      0.13026      0.13894      0.07211      0.09023      0.09839      0.10869
     1.57226      0.13020      0.13947      0.07330      0.09207      0.09825      0.10938
     1.59913      0.13017      0.13997      0.07451      0.09383      0.09805      0.11004
     1.62601      0.13016      0.14045      0.07573      0.09551      0.09783      0.11062
     1.65288      0.13018      0.14089      0.07698      0.09711      0.09759      0.11111
     1.67976      0.13023      0.14131      0.07824      0.09866      0.09733      0.11152
     1.70663      0.13030      0.14170      0.07952      0.10028      0.09706      0.11184
     1.73351      0.13040      0.14207      0.08082      0.10185      0.09678      0.11209
     1.76038      0.13052      0.14241      0.08214      0.10335      0.09649      0.11226
     1.78726      0.13067      0.14273      0.08347      0.10480      0.09620      0.11235
     1.81413      0.13084      0.14302      0.08464      0.10618      0.09590      0.11237
     1.84101      0.13073      0.14329      0.08560      0.10749      0.09562      0.11232
     1.86788      0.13059      0.14354      0.08658      0.10874      0.09533      0.11220
     1.89476      0.13048      0.14376      0.08758      0.10992      0.09506      0.11202
     1.92163      0.13040      0.14396      0.08859      0.11104      0.09479      0.11178
     1.94851      0.13035      0.14414      0.08961      0.11209      0.09454      0.11149
     1.97538      0.13033      0.14430      0.09065      0.11308      0.09430      0.11113
     2.00226      0.13034      0.14444      0.09170      0.11399      0.09394      0.11072
     2.02913      0.13039      0.14456      0.09277      0.11484      0.09350      0.11027
     2.05601      0.13047      0.14466      0.09384      0.11562      0.09309      0.10976
     2.08288      0.13058      0.14474      0.09492      0.11633      0.09272      0.10921
     2.10976      0.13073      0.14480      0.09601      0.11697      0.09239      0.10862
     2.13663      0.13091      0.14485      0.09711      0.11754      0.09211      0.10799
     2.16351      0.13113      0.14488      0.09821      0.11805      0.09187      0.10758
     2.19038      0.13139      0.14490      0.09929      0.11849      0.09168      0.10720
     2.21726      0.13168      0.14490      0.10029      0.11886      0.09154      0.10678
     2.24413      0.13201      0.14489      0.10131      0.11917      0.09144      0.10632
     2.27101      0.13237      0.14486      0.10233      0.11941      0.09139      0.10582
     2.29788      0.13278      0.14487      0.10337      0.11959      0.09140      0.10528
     2.32476      0.13321      0.14498      0.10441      0.11970      0.09145      0.10470
     2.35163      0.13368      0.14508      0.10547      0.11975      0.09154      0.10409
     2.37851      0.13419      0.14519      0.10655      0.11974      0.09168      0.10344
     2.40538      0.13473      0.14530      0.10763      0.11967      0.09187      0.10276
     2.43226      0.13531      0.14541      0.10872      0.12077      0.09210      0.10205
     2.45913      0.13591      0.14552      0.10981      0.12227      0.09200      0.10130
     2.48601      0.13656      0.14563      0.11050      0.12378      0.09140      0.10051
     2.51288      0.13723      0.14574      0.11119      0.12529      0.09081      0.09970
     2.53976      0.13760      0.14620      0.11187      0.12681      0.09022      0.09898
     2.56663      0.13788      0.14695      0.11224      0.12835      0.08964      0.09887
     2.59351      0.13818      0.14772      0.11243      0.12989      0.08905      0.09876
     2.62038      0.13849      0.14850      0.11261      0.13143      0.08847      0.09866
     2.64726      0.13882      0.14930      0.11277      0.13299      0.08789      0.09857
     2.67413      0.13916      0.15011      0.11291      0.13456      0.08731      0.09848
     2.70101      0.13952      0.15093      0.11303      0.13620      0.08674      0.09841
     2.72788      0.13989      0.15176      0.11313      0.13788      0.08616      0.09834
     2.75475      0.14028      0.15261      0.11322      0.13957      0.08560      0.09827
     2.78163      0.14068      0.15347      0.11304      0.14126      0.08504      0.09822
     2.80850      0.14109      0.15434      0.11249      0.14296      0.08448      0.09884
     2.83538      0.14152      0.15523      0.11193      0.14466      0.08392      0.09951
     2.86225      0.14162      0.15612      0.11118      0.14636      0.08318      0.10019
     2.88913      0.14170      0.15703      0.11037      0.14807      0.08217      0.10090
     2.91600      0.14179      0.15794      0.10954      0.14978      0.08116      0.10162
     2.94288      0.14172      0.15888      0.10869      0.15149      0.08016      0.10235
     2.96975      0.14157      0.15998      0.10782      0.15320      0.07916      0.10310
     2.99663      0.14142      0.16110      0.10694      0.15491      0.07817      0.10386
     3.02350      0.14127      0.16224      0.10604      0.15663      0.07718      0.10464
     3.05038      0.14113      0.16340      0.10514      0.15835      0.07620      0.10542
     3.07725      0.14099      0.16457      0.10422      0.16007      0.07523      0.10622
     3.10413      0.14086      0.16575      0.10330      0.16179      0.07426      0.10702
     3.13100      0.14073      0.16695      0.10238      0.16351      0.07331      0.10783
     3.15788      0.14060      0.16816      0.10145      0.16523      0.07236      0.10865
     3.18475      0.14048      0.16939      0.10051      0.16696      0.07142      0.10948
     3.21163      0.14036      0.17063      0.09958      0.16868      0.07050      0.11032
     3.23850      0.14026      0.17188      0.09865      0.17041      0.06958      0.11117
     3.26538      0.14015      0.17314      0.09772      0.17214      0.06867      0.11202
     3.29225      0.14005      0.17441      0.09679      0.17386      0.06777      0.11287
     3.31913      0.13996      0.17570      0.09587      0.17559      0.06689      0.11373
     3.34600      0.13988      0.17699      0.09495      0.17732      0.06602      0.11460
     3.37288      0.13980      0.17830      0.09404      0.17905      0.06515      0.11547
     3.39975      0.13973      0.17961      0.09314      0.18078      0.06430      0.11635
     3.42663      0.13967      0.18093      0.09225      0.18251      0.06347      0.11723
     3.45350      0.13962      0.18226      0.09136      0.18424      0.06264      0.11811
     3.48038      0.13957      0.18360      0.09049      0.18597      0.06183      0.11900
     3.50725      0.13953      0.18494      0.08963      0.18770      0.06103      0.11989
     3.53413      0.13950      0.18629      0.08878      0.18943      0.06024      0.12079
     3.56100      0.13947      0.18764      0.08794      0.19116      0.05947      0.12168
     3.58788      0.13945      0.18900      0.08711      0.19289      0.05871      0.12258
     3.61475      0.13944      0.19037      0.08630      0.19462      0.05796      0.12349
     3.64163      0.13944      0.19174      0.08550      0.19635      0.05723      0.12439
     3.66850      0.13945      0.19311      0.08471      0.19808      0.05650      0.12530
     3.69538      0.13946      0.19449      0.08394      0.19980      0.05580      0.12621
     3.72225      0.13949      0.19587      0.08318      0.20153      0.05510      0.12712
     3.74913      0.13952      0.19726      0.08244      0.20326      0.05442      0.12803
     3.77600      0.13955      0.19864      0.08172      0.20499      0.05375      0.12894
     3.80288      0.13960      0.20003      0.08100      0.20672      0.05309      0.12986
     3.82975      0.13965      0.20142      0.08031      0.20844      0.05245      0.13077
     3.85662      0.13972      0.20281      0.07962      0.21017      0.05182      0.13169
     3.88350      0.13979      0.20420      0.07896      0.21190      0.05120      0.13261
     3.91037      0.13986      0.20560      0.07831      0.21362      0.05060      0.13353
     3.93725      0.13995      0.20699      0.07767      0.21535      0.05001      0.13445
     3.96412      0.14004      0.20839      0.07705      0.21707      0.04943      0.13537
     3.99100      0.14014      0.20978      0.07645      0.21879      0.04886      0.13629
     4.01787      0.14025      0.21118      0.07585      0.22052      0.04830      0.13721
     4.04475      0.14037      0.21257      0.07528      0.22224      0.04776      0.13814
     4.07162      0.14049      0.21396      0.07472      0.22396      0.04723      0.13906
     4.09850      0.14062      0.21536      0.07417      0.22568      0.04671      0.13998
     4.12537      0.14076      0.21675      0.07364      0.22745      0.04620      0.14091
     4.15225      0.14090      0.21814      0.07312      0.22925      0.04570      0.14183
     4.17912      0.14105      0.21953      0.07262      0.23105      0.04521      0.14276
     4.20600      0.14121      0.22092      0.07213      0.23285      0.04474      0.14368
     4.23287      0.14138      0.22231      0.07166      0.23464      0.04427      0.14461
     4.25975      0.14155      0.22370      0.07119      0.23644      0.04382      0.14553
     4.28662      0.14173      0.22508      0.07075      0.23824      0.04338      0.14646
     4.31350      0.14192      0.22647      0.07031      0.24004      0.04294      0.14739
     4.34037      0.14211      0.22785      0.06989      0.24184      0.04252      0.14831
     4.36725      0.14231      0.22923      0.06948      0.24364      0.04210      0.14924
     4.39412      0.14251      0.23061      0.06908      0.24544      0.04170      0.15016
     4.42100      0.14272      0.23199      0.06870      0.24724      0.04130      0.15109
     4.44787      0.14294      0.23336      0.06832      0.24905      0.04092      0.15202
     4.47475      0.14316      0.23474      0.06796      0.25085      0.04054      0.15294
     4.50162      0.14339      0.23611      0.06761      0.25265      0.04017      0.15387
     4.52850      0.14363      0.23748      0.06728      0.25445      0.03981      0.15479
     4.55537      0.14387      0.23885      0.06695      0.25625      0.03946      0.15572
     4.58225      0.14412      0.24022      0.06663      0.25805      0.03912      0.15664
     4.60912      0.14437      0.24158      0.06633      0.25985      0.03879      0.15757
     4.63600      0.14462      0.24294      0.06603      0.26165      0.03846      0.15849
     4.66287      0.14489      0.24431      0.06575      0.26345      0.03814      0.15942
     4.68975      0.14516      0.24567      0.06547      0.26525      0.03783      0.16034
     4.71662      0.14543      0.24702      0.06521      0.26705      0.03752      0.16127
     4.74350      0.14571      0.24838      0.06495      0.26885      0.03723      0.16219
     4.77037      0.14599      0.24973      0.06471      0.27065      0.03694      0.16312
     4.79725      0.14628      0.25109      0.06447      0.27245      0.03665      0.16404
     4.82412      0.14657      0.25244      0.06424      0.27425      0.03638      0.16496
     4.85100      0.14687      0.25378      0.06402      0.27604      0.03611      0.16589
     4.87787      0.14717      0.25513      0.06381      0.27784      0.03584      0.16681
     4.90475      0.14748      0.25648      0.06361      0.27964      0.03559      0.16773
     4.93162      0.14779      0.25782      0.06342      0.28143      0.03534      0.16866
     4.95850      0.14811      0.25916      0.06323      0.28323      0.03509      0.16958
     4.98537      0.14843      0.26050      0.06305      0.28503      0.03485      0.17050
     5.01224      0.14875      0.26184      0.06288      0.28682      0.03462      0.17142
     5.03912      0.14908      0.26318      0.06272      0.28861      0.03439      0.17234
     5.06599      0.14941      0.26451      0.06256      0.29041      0.03417      0.17326
     5.09287      0.14975      0.26585      0.06241      0.29220      0.03395      0.17418
     5.11974      0.15009      0.26718      0.06227      0.29399      0.03374      0.17510
     5.14662      0.15043      0.26851      0.06213      0.29579      0.03353      0.17602
     5.17349      0.15078      0.26984      0.06200      0.29758      0.03333      0.17694
     5.20037      0.15113      0.27117      0.06188      0.29937      0.03313      0.17786
     5.22724      0.15149      0.27250      0.06176      0.30116      0.03294      0.17878
     5.25412      0.15185      0.27382      0.06165      0.30295      0.03276      0.17970
     5.28099      0.15221      0.27515      0.06155      0.30474      0.03257      0.18062
     5.30787      0.15258      0.27647      0.06145      0.30653      0.03239      0.18154
     5.33474      0.15295      0.27779      0.06136      0.30831      0.03222      0.18245
     5.36162      0.15332      0.27911      0.06127      0.31010      0.03205      0.18337
     5.38849      0.15370      0.28043      0.06119      0.31189      0.03188      0.18429
     5.41537      0.15408      0.28176      0.06111      0.31367      0.03172      0.18521
     5.44224      0.15446      0.28326      0.06104      0.31546      0.03156      0.18612
     5.46912      0.15484      0.28477      0.06097      0.31724      0.03141      0.18704
     5.49599      0.15523      0.28627      0.06091      0.31903      0.03126      0.18795
     5.52287      0.15562      0.28778      0.06086      0.32081      0.03111      0.18887
     5.54974      0.15602      0.28928      0.06080      0.32259      0.03097      0.18979
     5.57662      0.15642      0.29079      0.06076      0.32438      0.03083      0.19070
     5.60349      0.15682      0.29229      0.06071      0.32616      0.03069      0.19162
     5.63037      0.15722      0.29380      0.06068      0.32794      0.03056      0.19253
     5.65724      0.15763      0.29530      0.06064      0.32972      0.03043      0.19344
     5.68412      0.15803      0.29681      0.06061      0.33150      0.03030      0.19436
     5.71099      0.15845      0.29831      0.06059      0.33328      0.03017      0.19527
     5.73787      0.15886      0.29982      0.06056      0.33505      0.03005      0.19618
     5.76474      0.15928      0.30132      0.06055      0.33683      0.02994      0.19710
     5.79162      0.15969      0.30282      0.06053      0.33861      0.02982      0.19801
     5.81849      0.16012      0.30432      0.06052      0.34038      0.02971      0.19892
     5.84537      0.16054      0.30583      0.06051      0.34216      0.02960      0.19983
     5.87224      0.16097      0.30733      0.06051      0.34393      0.02949      0.20075
     5.89912      0.16139      0.30883      0.06051      0.34571      0.02939      0.20166
     5.92599      0.16183      0.31033      0.06051      0.34748      0.02929      0.20257
     5.95287      0.16226      0.31183      0.06052      0.34925      0.02919      0.20348
     5.97974      0.16269      0.31333      0.06053      0.35103      0.02909      0.20439
     6.00662      0.16313      0.31483      0.06055      0.35280      0.02900      0.20530
     6.03349      0.16357      0.31633      0.06056      0.35457      0.02891      0.20621
     6.06037      0.16401      0.31783      0.06058      0.35634      0.02882      0.20712
     6.08724      0.16446      0.31933      0.06060      0.35811      0.02873      0.20803
     6.11411      0.16490      0.32083      0.06063      0.35988      0.02864      0.20894
     6.14099      0.16535      0.32233      0.06066      0.36164      0.02856      0.20985
     6.16786      0.16580      0.32382      0.06069      0.36341      0.02848      0.21076
     6.19474      0.16625      0.32532      0.06072      0.36518      0.02840      0.21166
     6.22161      0.16671      0.32682      0.06076      0.36694      0.02833      0.21257
     6.24849      0.16716      0.32831      0.06080      0.36871      0.02825      0.21348
     6.27536      0.16762      0.32981      0.06084      0.37047      0.02818      0.21439
     6.30224      0.16808      0.33130      0.06089      0.37224      0.02811      0.21530
     6.32911      0.16854      0.33280      0.06093      0.37400      0.02804      0.21620
