# T/Tc, Ag_min^2, Ag_max^2, Aq_min^2, Aq_max^2
     0.98101      0.70429      0.80826      0.28567      0.36807
     1.00789      0.71928      0.81394      0.27129      0.34189
     1.03476      0.73478      0.81960      0.25776      0.31797
     1.06164      0.75066      0.82867      0.24507      0.29615
     1.08851      0.76679      0.83804      0.23144      0.27629
     1.11539      0.78300      0.84705      0.21912      0.25825
     1.14226      0.79914      0.85566      0.20802      0.24190
     1.16914      0.81505      0.86386      0.19806      0.22711
     1.19601      0.83058      0.87161      0.18914      0.21375
     1.22289      0.84558      0.87889      0.18118      0.20280
     1.24976      0.85514      0.88571      0.17411      0.19356
     1.27664      0.86271      0.89329      0.16783      0.18583
     1.30351      0.86966      0.90198      0.16184      0.17931
     1.33039      0.87361      0.90932      0.15590      0.17338
     1.35726      0.87732      0.91539      0.15071      0.16799
     1.38414      0.88078      0.92028      0.14558      0.16311
     1.41101      0.88398      0.92665      0.14079      0.15870
     1.43789      0.88691      0.93400      0.13656      0.15474
     1.46476      0.88959      0.94020      0.13283      0.15119
     1.49164      0.89199      0.94528      0.12958      0.14803
     1.51851      0.89413      0.94927      0.12678      0.14532
     1.54539      0.89600      0.95219      0.12439      0.14333
     1.57226      0.89760      0.95409      0.12238      0.14163
     1.59913      0.89895      0.95502      0.12075      0.14021
     1.62601      0.90003      0.95505      0.11946      0.13906
     1.65288      0.90086      0.95423      0.11850      0.13815
     1.67976      0.90145      0.95265      0.11784      0.13748
     1.70663      0.90179      0.95037      0.11749      0.13703
     1.73351      0.90190      0.94747      0.11741      0.13679
     1.76038      0.90160      0.94403      0.11760      0.13724
     1.78726      0.90014      0.94011      0.11804      0.13795
     1.81413      0.89845      0.93579      0.11873      0.13883
     1.84101      0.89654      0.93161      0.11965      0.13993
     1.86788      0.89443      0.92977      0.12080      0.14145
     1.89476      0.89215      0.92767      0.12216      0.14342
     1.92163      0.88972      0.92533      0.12373      0.14582
     1.94851      0.88716      0.92316      0.12549      0.14833
     1.97538      0.88451      0.92148      0.12663      0.15095
     2.00226      0.88121      0.91957      0.12793      0.15365
     2.02913      0.87764      0.91746      0.12942      0.15642
     2.05601      0.87410      0.91515      0.13095      0.15924
     2.08288      0.87059      0.91265      0.13263      0.16211
     2.10976      0.86714      0.90998      0.13450      0.16500
     2.13663      0.86376      0.90714      0.13655      0.16792
     2.16351      0.86046      0.90414      0.13877      0.17084
     2.19038      0.85725      0.90099      0.14118      0.17376
     2.21726      0.85413      0.89771      0.14377      0.17668
     2.24413      0.85112      0.89429      0.14655      0.17958
     2.27101      0.84822      0.89075      0.14951      0.18246
     2.29788      0.84543      0.88710      0.15266      0.18531
     2.32476      0.84277      0.88335      0.15600      0.18814
     2.35163      0.84024      0.87949      0.15954      0.19093
     2.37851      0.83783      0.87555      0.16327      0.19370
     2.40538      0.83556      0.87152      0.16720      0.19643
     2.43226      0.83342      0.86741      0.17133      0.19912
     2.45913      0.83142      0.86337      0.17567      0.20177
     2.48601      0.82955      0.86108      0.18021      0.20492
     2.51288      0.82783      0.85886      0.18496      0.20825
     2.53976      0.82624      0.85671      0.18992      0.21242
     2.56663      0.82479      0.85463      0.19509      0.21692
     2.59351      0.82348      0.85263      0.20048      0.22152
     2.62038      0.82230      0.85070      0.20609      0.22622
     2.64726      0.82126      0.84884      0.21192      0.23101
     2.67413      0.82034      0.84706      0.21797      0.23590
     2.70101      0.81794      0.84534      0.22407      0.24088
     2.72788      0.81555      0.84369      0.22638      0.24594
     2.75475      0.81200      0.84211      0.22867      0.25110
     2.78163      0.80815      0.84059      0.23092      0.25633
     2.80850      0.80436      0.83914      0.23316      0.26165
     2.83538      0.80060      0.83775      0.23536      0.26705
     2.86225      0.79610      0.83642      0.23754      0.27252
     2.88913      0.79155      0.83515      0.23970      0.27806
     2.91600      0.78701      0.83394      0.24184      0.28367
     2.94288      0.78249      0.83278      0.24395      0.29100
     2.96975      0.77800      0.83167      0.24604      0.29921
     2.99663      0.77352      0.83061      0.24811      0.30791
     3.02350      0.76908      0.82960      0.25016      0.31682
     3.05038      0.76466      0.82864      0.25219      0.32594
     3.07725      0.76028      0.82772      0.25420      0.33526
     3.10413      0.75593      0.82781      0.25619      0.34478
     3.13100      0.75162      0.82823      0.25817      0.35449
     3.15788      0.74734      0.82871      0.26012      0.36439
     3.18475      0.74311      0.82923      0.26206      0.37447
     3.21163      0.73893      0.82980      0.26398      0.38473
     3.23850      0.73478      0.83042      0.26588      0.39516
     3.26538      0.73069      0.83108      0.26777      0.40576
     3.29225      0.72664      0.83177      0.26963      0.41651
     3.31913      0.72265      0.83251      0.27149      0.42741
     3.34600      0.71870      0.83328      0.27332      0.43846
     3.37288      0.71481      0.83408      0.27514      0.44964
     3.39975      0.71097      0.83492      0.27694      0.46095
     3.42663      0.70718      0.83578      0.27873      0.47237
     3.45350      0.70345      0.83668      0.28050      0.48392
     3.48038      0.69977      0.83803      0.28225      0.49556
     3.50725      0.69615      0.83948      0.28398      0.50730
     3.53413      0.69258      0.84095      0.28570      0.51913
     3.56100      0.68907      0.84243      0.28741      0.53103
     3.58788      0.68562      0.84392      0.28909      0.54301
     3.61475      0.68223      0.84541      0.29076      0.55505
     3.64163      0.67889      0.84691      0.29242      0.56714
     3.66850      0.67561      0.84842      0.29406      0.57928
     3.69538      0.67238      0.84992      0.29568      0.59146
     3.72225      0.66922      0.85142      0.29728      0.60366
     3.74913      0.66610      0.85291      0.29887      0.61589
     3.77600      0.66305      0.85440      0.30045      0.62813
     3.80288      0.66005      0.85588      0.30200      0.64038
     3.82975      0.65711      0.85734      0.30354      0.65262
     3.85662      0.65422      0.85880      0.30507      0.66486
     3.88350      0.65139      0.86024      0.30657      0.67708
     3.91037      0.64861      0.86167      0.30806      0.68928
     3.93725      0.64588      0.86308      0.30954      0.70144
     3.96412      0.64321      0.86447      0.31100      0.71357
     3.99100      0.64059      0.86584      0.31244      0.72566
     4.01787      0.63803      0.86719      0.31387      0.73770
     4.04475      0.63551      0.86852      0.31528      0.74969
     4.07162      0.63305      0.86983      0.31667      0.76162
     4.09850      0.63063      0.87112      0.31805      0.77348
     4.12537      0.62826      0.87238      0.31941      0.78527
     4.15225      0.62594      0.87362      0.32076      0.79698
     4.17912      0.62367      0.87484      0.32209      0.80862
     4.20600      0.62145      0.87603      0.32340      0.82017
     4.23287      0.61927      0.87719      0.32470      0.83164
     4.25975      0.61714      0.87833      0.32599      0.84301
     4.28662      0.61505      0.87945      0.32725      0.85429
     4.31350      0.61301      0.88053      0.32851      0.86547
     4.34037      0.61101      0.88160      0.32974      0.87655
     4.36725      0.60905      0.88263      0.33097      0.88752
     4.39412      0.60713      0.88364      0.33217      0.89839
     4.42100      0.60525      0.88463      0.33336      0.90915
     4.44787      0.60342      0.88558      0.33454      0.91980
     4.47475      0.60162      0.88652      0.33570      0.93033
     4.50162      0.59986      0.88742      0.33685      0.94075
     4.52850      0.59814      0.88831      0.33798      0.95105
     4.55537      0.59645      0.88916      0.33910      0.96123
     4.58225      0.59480      0.88999      0.34020      0.97129
     4.60912      0.59319      0.89080      0.34129      0.98124
     4.63600      0.59161      0.89158      0.34237      0.99106
     4.66287      0.59006      0.89234      0.34343      1.00076
     4.68975      0.58855      0.89308      0.34448      1.01033
     4.71662      0.58706      0.89379      0.34551      1.01979
     4.74350      0.58561      0.89448      0.34653      1.02912
     4.77037      0.58420      0.89515      0.34754      1.03832
     4.79725      0.58281      0.89579      0.34853      1.04740
     4.82412      0.58145      0.89642      0.34951      1.05636
     4.85100      0.58012      0.89702      0.35048      1.06520
     4.87787      0.57882      0.89760      0.35143      1.07391
     4.90475      0.57754      0.89816      0.35237      1.08250
     4.93162      0.57630      0.89870      0.35330      1.09096
     4.95850      0.57508      0.89922      0.35422      1.09931
     4.98537      0.57388      0.89973      0.35512      1.10753
     5.01224      0.57271      0.90021      0.35601      1.11563
     5.03912      0.57156      0.90068      0.35689      1.12362
     5.06599      0.57044      0.90113      0.35776      1.13148
     5.09287      0.56935      0.90156      0.35862      1.13922
     5.11974      0.56827      0.90197      0.35946      1.14685
     5.14662      0.56722      0.90237      0.36030      1.15437
     5.17349      0.56619      0.90275      0.36112      1.16176
     5.20037      0.56518      0.90329      0.36193      1.16905
     5.22724      0.56419      0.90410      0.36273      1.17622
     5.25412      0.56322      0.90491      0.36352      1.18328
     5.28099      0.56228      0.90570      0.36430      1.19023
     5.30787      0.56135      0.90648      0.36506      1.19707
     5.33474      0.56044      0.90726      0.36582      1.20380
     5.36162      0.55955      0.90802      0.36657      1.21043
     5.38849      0.55867      0.90878      0.36730      1.21695
     5.41537      0.55782      0.90953      0.36803      1.22336
     5.44224      0.55698      0.91026      0.36875      1.22968
     5.46912      0.55616      0.91099      0.36945      1.23589
     5.49599      0.55536      0.91171      0.37015      1.24200
     5.52287      0.55457      0.91242      0.37084      1.24801
     5.54974      0.55380      0.91313      0.37152      1.25393
     5.57662      0.55304      0.91382      0.37219      1.25975
     5.60349      0.55230      0.91450      0.37284      1.26548
     5.63037      0.55157      0.91518      0.37350      1.27111
     5.65724      0.55086      0.91585      0.37414      1.27665
     5.68412      0.55016      0.91650      0.37477      1.28210
     5.71099      0.54947      0.91716      0.37540      1.28747
     5.73787      0.54880      0.91780      0.37601      1.29274
     5.76474      0.54814      0.91843      0.37662      1.29793
     5.79162      0.54750      0.91906      0.37722      1.30303
     5.81849      0.54686      0.91967      0.37781      1.30805
     5.84537      0.54624      0.92028      0.37839      1.31299
     5.87224      0.54563      0.92088      0.37897      1.31784
     5.89912      0.54503      0.92148      0.37954      1.32262
     5.92599      0.54445      0.92206      0.38010      1.32732
     5.95287      0.54387      0.92264      0.38065      1.33194
     5.97974      0.54331      0.92321      0.38120      1.33648
     6.00662      0.54275      0.92377      0.38173      1.34095
     6.03349      0.54221      0.92433      0.38227      1.34535
     6.06037      0.54168      0.92488      0.38279      1.34968
     6.08724      0.54115      0.92542      0.38331      1.35393
     6.11411      0.54064      0.92595      0.38382      1.35811
     6.14099      0.54014      0.92648      0.38432      1.36223
     6.16786      0.53964      0.92700      0.38481      1.36628
     6.19474      0.53915      0.92751      0.38530      1.37026
     6.22161      0.53868      0.92801      0.38579      1.37418
     6.24849      0.53821      0.92851      0.38626      1.37803
     6.27536      0.53775      0.92900      0.38674      1.38182
     6.30224      0.53730      0.92949      0.38720      1.38555
     6.32911      0.53685      0.92997      0.38766      1.38922
