# T/Tc, g_max^2, g_min^2
     0.98101     40.89266     32.58728
     0.99835     39.61475     31.96088
     1.01568     38.37224     31.34385
     1.03301     37.16634     30.73643
     1.05035     35.99783     30.13862
     1.06768     34.86732     29.55057
     1.08501     33.77502     28.97229
     1.10235     32.72099     28.40381
     1.11968     31.72567     27.84510
     1.13701     30.77647     27.29617
     1.15435     29.85676     26.75695
     1.17168     28.96655     26.22734
     1.18901     28.10580     25.70730
     1.20635     27.27428     25.18286
     1.22368     26.47167     24.58953
     1.24102     25.69756     24.01396
     1.25835     24.95150     23.44455
     1.27568     24.23289     22.84058
     1.29302     23.55466     22.25721
     1.31035     22.91521     21.69387
     1.32768     22.35680     21.14995
     1.34502     21.83762     20.62486
     1.36235     21.33076     20.11801
     1.37968     20.83606     19.62877
     1.39702     20.35336     19.15655
     1.41435     19.88248     18.70075
     1.43168     19.42327     18.26080
     1.44902     18.97551     17.83608
     1.46635     18.57528     17.41135
     1.48368     18.19647     16.97879
     1.50102     17.82476     16.56243
     1.51835     17.46006     16.16168
     1.53568     17.10226     15.77593
     1.55302     16.75129     15.40459
     1.57035     16.40707     15.04710
     1.58769     16.06952     14.70290
     1.60502     15.73859     14.37144
     1.62235     15.41423     14.05220
     1.63969     15.09636     13.74466
     1.65702     14.78494     13.44833
     1.67435     14.47994     13.15231
     1.69169     14.18131     12.86228
     1.70902     13.88900     12.58373
     1.72635     13.60299     12.31617
     1.74369     13.32323     12.05911
     1.76102     13.04968     11.81205
     1.77835     12.78231     11.57454
     1.79569     12.52108     11.34615
     1.81302     12.26593     11.12642
     1.83035     12.01682     10.91495
     1.84769     11.77371     10.71133
     1.86502     11.53655     10.51521
     1.88235     11.30527     10.32620
     1.89969     11.07981     10.14396
     1.91702     10.87948      9.94357
     1.93436     10.69113      9.73475
     1.95169     10.50726      9.53291
     1.96902     10.32775      9.33797
     1.98636     10.15247      9.14981
     2.00369      9.98130      8.96833
     2.02102      9.81413      8.79339
     2.03836      9.65085      8.62488
     2.05569      9.49135      8.46266
     2.07302      9.33553      8.30658
     2.09036      9.18330      8.15649
     2.10769      9.03456      8.01225
     2.12502      8.88920      7.87368
     2.14236      8.74716      7.74065
     2.15969      8.60834      7.61295
     2.17702      8.47265      7.49045
     2.19436      8.34003      7.37296
     2.21169      8.21038      7.26033
     2.22902      8.08363      7.15236
     2.24636      7.95973      7.04890
     2.26369      7.83858      6.94977
     2.28103      7.72012      6.85482
     2.29836      7.60428      6.76387
     2.31569      7.49101      6.67675
     2.33303      7.38133      6.59333
     2.35036      7.27469      6.51344
     2.36769      7.17029      6.43692
     2.38503      7.06806      6.36364
     2.40236      6.96795      6.29344
     2.41969      6.86991      6.22620
     2.43703      6.77389      6.16178
     2.45436      6.67983      6.10005
     2.47169      6.58769      6.04088
     2.48903      6.49741      5.98415
     2.50636      6.40897      5.92976
     2.52369      6.32231      5.87759
     2.54103      6.23738      5.82754
     2.55836      6.15416      5.77950
     2.57569      6.07259      5.73339
     2.59303      5.99264      5.68016
     2.61036      5.92442      5.62677
     2.62770      5.85984      5.57523
     2.64503      5.79668      5.52374
     2.66236      5.73491      5.46659
     2.67970      5.67447      5.41113
     2.69703      5.61535      5.35731
     2.71436      5.55815      5.30506
     2.73170      5.51022      5.25432
     2.74903      5.46350      5.20505
     2.76636      5.41796      5.15718
     2.78370      5.37355      5.10519
     2.80103      5.33025      5.05093
     2.81836      5.28802      4.99802
     2.83570      5.24683      4.94642
     2.85303      5.20665      4.89610
     2.87036      5.16831      4.84701
     2.88770      5.14451      4.79913
     2.90503      5.12147      4.75240
     2.92236      5.09914      4.70681
     2.93970      5.07750      4.66232
     2.95703      5.05653      4.61889
     2.97437      5.03617      4.57650
     2.99170      5.01641      4.52723
     3.00903      4.99722      4.47707
     3.02637      4.97858      4.42785
     3.04370      4.96046      4.37955
     3.06103      4.94283      4.33216
     3.07837      4.92569      4.28565
     3.09570      4.90900      4.24001
     3.11303      4.89274      4.19522
     3.13037      4.87691      4.15126
     3.14770      4.86148      4.10812
     3.16503      4.84643      4.06578
     3.18237      4.83175      4.02422
     3.19970      4.81742      3.98344
     3.21703      4.80343      3.94340
     3.23437      4.78977      3.90411
     3.25170      4.77642      3.86554
     3.26904      4.76338      3.82768
     3.28637      4.75062      3.79051
     3.30370      4.73814      3.75403
     3.32104      4.72593      3.71822
     3.33837      4.71397      3.68306
     3.35570      4.70227      3.64854
     3.37304      4.69081      3.61466
     3.39037      4.67957      3.58139
     3.40770      4.66856      3.54872
     3.42504      4.65777      3.51665
     3.44237      4.64718      3.48517
     3.45970      4.63679      3.45425
     3.47704      4.62660      3.42389
     3.49437      4.61660      3.39408
     3.51170      4.60678      3.36481
     3.52904      4.59713      3.33606
     3.54637      4.58766      3.30783
     3.56370      4.57835      3.28011
     3.58104      4.56920      3.25288
     3.59837      4.56021      3.22614
     3.61571      4.55136      3.19988
     3.63304      4.54267      3.17408
     3.65037      4.53411      3.14875
     3.66771      4.52569      3.12386
     3.68504      4.51741      3.09941
     3.70237      4.50926      3.07540
     3.71971      4.50123      3.05181
     3.73704      4.49333      3.02863
     3.75437      4.48555      3.00586
     3.77171      4.47789      2.98349
     3.78904      4.47034      2.96152
     3.80637      4.46290      2.93992
     3.82371      4.45557      2.91870
     3.84104      4.44834      2.89785
     3.85837      4.44122      2.87737
     3.87571      4.43419      2.85723
     3.89304      4.42727      2.83745
     3.91037      4.42045      2.81800
     3.92771      4.41371      2.79889
     3.94504      4.40707      2.78011
     3.96238      4.40052      2.76164
     3.97971      4.39405      2.74349
     3.99704      4.38768      2.72565
     4.01438      4.38138      2.70812
     4.03171      4.37517      2.69088
     4.04904      4.36903      2.67393
     4.06638      4.36298      2.65726
     4.08371      4.35700      2.64088
     4.10104      4.35110      2.62477
     4.11838      4.34527      2.60892
     4.13571      4.33952      2.59334
     4.15304      4.33383      2.57803
     4.17038      4.32822      2.56296
     4.18771      4.32267      2.54814
     4.20504      4.31719      2.53357
     4.22238      4.31178      2.51923
     4.23971      4.30644      2.50513
     4.25704      4.30115      2.49126
     4.27438      4.29593      2.47761
     4.29171      4.29286      2.46419
     4.30905      4.29293      2.45098
     4.32638      4.29306      2.43799
     4.34371      4.29325      2.42520
     4.36105      4.29349      2.41262
     4.37838      4.29378      2.40024
     4.39571      4.29413      2.38805
     4.41305      4.29452      2.37606
     4.43038      4.29496      2.36426
