# T/Tc, entr_max, entr_min, chib_max, chib_min, chis_max, chis_min
     0.98101      5.90211      5.36353      0.09151      0.07986      0.26096      0.22433
     0.99358      6.09132      5.53427      0.09529      0.08419      0.27242      0.23695
     1.00614      6.29320      5.71671      0.09972      0.08862      0.28558      0.24991
     1.01870      6.50735      5.91165      0.10427      0.09316      0.29900      0.26320
     1.03126      6.73266      6.11933      0.10890      0.09779      0.31264      0.27678
     1.04383      6.96743      6.33941      0.11359      0.10250      0.32647      0.29062
     1.05639      7.20935      6.57077      0.11833      0.10727      0.34045      0.30468
     1.06895      7.45561      6.81163      0.12311      0.11211      0.35456      0.31893
     1.08152      7.70313      7.05955      0.12791      0.11698      0.36875      0.33332
     1.09408      7.94883      7.31165      0.13273      0.12187      0.38298      0.34781
     1.10664      8.18973      7.56476      0.13754      0.12678      0.39722      0.36236
     1.11920      8.42327      7.81565      0.14234      0.13168      0.41142      0.37691
     1.13177      8.64739      8.06131      0.14712      0.13656      0.42554      0.39142
     1.14433      8.86064      8.29913      0.15185      0.14141      0.43955      0.40586
     1.15689      9.06225      8.52713      0.15653      0.14621      0.45342      0.42017
     1.16945      9.25204      8.74388      0.16114      0.15095      0.46709      0.43431
     1.18202      9.43040      8.94867      0.16568      0.15561      0.48055      0.44825
     1.19458      9.59817      9.14140      0.17013      0.16019      0.49377      0.46195
     1.20714      9.75652      9.32252      0.17449      0.16467      0.50671      0.47537
     1.21971      9.90685      9.49292      0.17875      0.16905      0.51935      0.48850
     1.23227     10.05068      9.65374      0.18290      0.17331      0.53169      0.50130
     1.24483     10.18951      9.80639      0.18693      0.17746      0.54369      0.51376
     1.25739     10.32483      9.95231      0.19086      0.18149      0.55536      0.52586
     1.26996     10.45793     10.09291      0.19466      0.18539      0.56669      0.53759
     1.28252     10.59001     10.22959      0.19835      0.18916      0.57767      0.54895
     1.29508     10.72201     10.36355      0.20193      0.19281      0.58832      0.55994
     1.30765     10.85468     10.49585      0.20539      0.19634      0.59862      0.57055
     1.32021     10.98849     10.62732      0.20874      0.19974      0.60859      0.58079
     1.33277     11.12374     10.75862      0.21198      0.20302      0.61824      0.59068
     1.34533     11.26049     10.89017      0.21511      0.20619      0.62757      0.60021
     1.35790     11.39862     11.02220      0.21814      0.20925      0.63659      0.60941
     1.37046     11.53781     11.15480      0.22107      0.21220      0.64530      0.61828
     1.38302     11.67763     11.28783      0.22390      0.21504      0.65373      0.62683
     1.39559     11.81751     11.42107      0.22663      0.21778      0.66187      0.63507
     1.40815     11.95688     11.55418      0.22927      0.22042      0.66974      0.64302
     1.42071     12.09500     11.68668      0.23182      0.22297      0.67733      0.65069
     1.43327     12.23122     11.81812      0.23427      0.22542      0.68466      0.65808
     1.44584     12.36487     11.94796      0.23663      0.22779      0.69174      0.66520
     1.45840     12.49534     12.07570      0.23891      0.23006      0.69855      0.67206
     1.47096     12.62204     12.20084      0.24110      0.23225      0.70512      0.67867
     1.48353     12.74452     12.32290      0.24321      0.23436      0.71144      0.68504
     1.49609     12.86237     12.44150      0.24523      0.23639      0.71753      0.69116
     1.50865     12.97533     12.55628      0.24718      0.23833      0.72337      0.69706
     1.52121     13.08316     12.66693      0.24904      0.24020      0.72899      0.70273
     1.53378     13.18575     12.77329      0.25083      0.24200      0.73438      0.70817
     1.54634     13.28313     12.87522      0.25254      0.24372      0.73954      0.71341
     1.55890     13.37533     12.97265      0.25417      0.24537      0.74449      0.71843
     1.57146     13.46250     13.06561      0.25574      0.24696      0.74923      0.72325
     1.58403     13.54482     13.15412      0.25723      0.24847      0.75376      0.72787
     1.59659     13.62254     13.23835      0.25866      0.24992      0.75809      0.73230
     1.60915     13.69593     13.31845      0.26002      0.25131      0.76222      0.73654
     1.62172     13.76531     13.39461      0.26132      0.25264      0.76616      0.74059
     1.63428     13.83099     13.46708      0.26256      0.25391      0.76992      0.74448
     1.64684     13.89330     13.53607      0.26374      0.25512      0.77350      0.74819
     1.65940     13.95253     13.60185      0.26486      0.25628      0.77692      0.75174
     1.67197     14.00903     13.66469      0.26593      0.25739      0.78016      0.75513
     1.68453     14.06310     13.72487      0.26695      0.25845      0.78325      0.75838
     1.69709     14.11501     13.78260      0.26791      0.25946      0.78619      0.76147
     1.70966     14.16504     13.83817      0.26884      0.26043      0.78899      0.76443
     1.72222     14.21343     13.89177      0.26971      0.26135      0.79165      0.76726
     1.73478     14.26038     13.94365      0.27055      0.26223      0.79417      0.76996
     1.74734     14.30610     13.99400      0.27134      0.26308      0.79657      0.77254
     1.75991     14.35078     14.04300      0.27210      0.26389      0.79886      0.77501
     1.77247     14.39454     14.09082      0.27282      0.26466      0.80102      0.77736
     1.78503     14.43753     14.13762      0.27351      0.26540      0.80309      0.77962
     1.79760     14.47987     14.18352      0.27416      0.26611      0.80505      0.78177
     1.81016     14.52161     14.22865      0.27478      0.26679      0.80691      0.78384
     1.82272     14.56287     14.27309      0.27537      0.26744      0.80868      0.78581
     1.83528     14.60372     14.31695      0.27594      0.26807      0.81037      0.78770
     1.84785     14.64419     14.36030      0.27648      0.26867      0.81197      0.78952
     1.86041     14.68435     14.40322      0.27699      0.26925      0.81350      0.79125
     1.87297     14.72422     14.44576      0.27748      0.26980      0.81495      0.79292
     1.88554     14.76383     14.48795      0.27794      0.27033      0.81633      0.79452
     1.89810     14.80321     14.52988      0.27839      0.27085      0.81765      0.79606
     1.91066     14.84239     14.57152      0.27881      0.27134      0.81890      0.79754
     1.92322     14.88137     14.61294      0.27921      0.27182      0.82009      0.79896
     1.93579     14.92017     14.65414      0.27960      0.27227      0.82123      0.80033
     1.94835     14.95877     14.69514      0.27996      0.27271      0.82231      0.80164
     1.96091     14.99721     14.73594      0.28031      0.27314      0.82334      0.80290
     1.97347     15.03546     14.77656      0.28064      0.27354      0.82431      0.80412
     1.98604     15.07353     14.81698      0.28096      0.27394      0.82524      0.80523
     1.99860     15.11139     14.85719      0.28126      0.27431      0.82612      0.80622
     2.01116     15.14904     14.89717      0.28154      0.27468      0.82696      0.80718
     2.02373     15.18647     14.93692      0.28181      0.27502      0.82775      0.80811
     2.03629     15.22365     14.97640      0.28206      0.27536      0.82850      0.80903
     2.04885     15.26055     15.01559      0.28230      0.27568      0.82921      0.80992
     2.06141     15.29715     15.05446      0.28252      0.27599      0.82988      0.81078
     2.07398     15.33342     15.09298      0.28273      0.27628      0.83051      0.81163
     2.08654     15.36934     15.12899      0.28292      0.27656      0.83110      0.81245
     2.09910     15.40487     15.16288      0.28311      0.27682      0.83165      0.81325
     2.11167     15.44000     15.19643      0.28328      0.27708      0.83217      0.81403
     2.12423     15.47469     15.22962      0.28343      0.27732      0.83265      0.81478
     2.13679     15.50893     15.26242      0.28357      0.27754      0.83309      0.81551
     2.14935     15.54270     15.29483      0.28370      0.27775      0.83349      0.81622
     2.16192     15.57596     15.32683      0.28382      0.27795      0.83387      0.81690
     2.17448     15.60873     15.35841      0.28393      0.27814      0.83436      0.81756
     2.18704     15.64097     15.38956      0.28402      0.27831      0.83483      0.81820
     2.19961     15.67269     15.42029      0.28410      0.27848      0.83524      0.81881
     2.21217     15.70386     15.45059      0.28417      0.27862      0.83561      0.81933
     2.22473     15.73677     15.48046      0.28426      0.27876      0.83594      0.81975
     2.23729     15.76967     15.50990      0.28434      0.27888      0.83622      0.82014
     2.24986     15.80163     15.53891      0.28441      0.27899      0.83646      0.82048
     2.26242     15.83263     15.56750      0.28447      0.27909      0.83665      0.82080
     2.27498     15.86268     15.59565      0.28451      0.27918      0.83681      0.82107
     2.28755     15.89176     15.62335      0.28453      0.27925      0.83692      0.82131
     2.30011     15.91987     15.65061      0.28455      0.27931      0.83699      0.82152
     2.31267     15.94701     15.67742      0.28454      0.27936      0.83702      0.82170
     2.32523     15.97319     15.70375      0.28453      0.27940      0.83702      0.82184
     2.33780     15.99841     15.72958      0.28450      0.27943      0.83697      0.82195
     2.35036     16.02269     15.75492      0.28446      0.27945      0.83689      0.82203
     2.36292     16.04602     15.77973      0.28441      0.27946      0.83678      0.82208
     2.37549     16.06843     15.80399      0.28435      0.27946      0.83663      0.82209
     2.38805     16.08993     15.82769      0.28427      0.27945      0.83644      0.82208
     2.40061     16.11051     15.85081      0.28419      0.27943      0.83623      0.82205
     2.41317     16.13022     15.87333      0.28409      0.27940      0.83598      0.82198
     2.42574     16.14907     15.89525      0.28399      0.27936      0.83570      0.82189
     2.43830     16.16707     15.91654      0.28387      0.27931      0.83540      0.82178
     2.45086     16.18425     15.93723      0.28375      0.27926      0.83506      0.82164
     2.46342     16.20064     15.95728      0.28361      0.27920      0.83470      0.82148
     2.47599     16.21625     15.97673      0.28347      0.27913      0.83432      0.82130
     2.48855     16.23112     15.99556      0.28334      0.27906      0.83391      0.82109
     2.50111     16.24528     16.01382      0.28323      0.27898      0.83348      0.82087
     2.51368     16.26010     16.03149      0.28312      0.27889      0.83303      0.82063
     2.52624     16.27481     16.04863      0.28300      0.27880      0.83265      0.82037
     2.53880     16.28899     16.06526      0.28288      0.27870      0.83233      0.82010
     2.55136     16.30266     16.08138      0.28276      0.27860      0.83201      0.81981
     2.56393     16.31589     16.09707      0.28263      0.27849      0.83168      0.81951
     2.57649     16.32867     16.11234      0.28250      0.27838      0.83135      0.81919
     2.58905     16.34109     16.12723      0.28238      0.27826      0.83101      0.81886
     2.60162     16.35315     16.14177      0.28225      0.27815      0.83066      0.81852
     2.61418     16.36490     16.15601      0.28211      0.27802      0.83031      0.81816
     2.62674     16.37635     16.16996      0.28198      0.27790      0.82996      0.81780
     2.63930     16.38755     16.18368      0.28185      0.27777      0.82960      0.81742
     2.65187     16.39850     16.19717      0.28171      0.27764      0.82924      0.81704
     2.66443     16.40923     16.20847      0.28158      0.27750      0.82888      0.81664
     2.67699     16.41974     16.21774      0.28145      0.27736      0.82852      0.81624
     2.68956     16.43004     16.22671      0.28131      0.27722      0.82816      0.81583
     2.70212     16.44015     16.23539      0.28117      0.27708      0.82779      0.81541
     2.71468     16.45004     16.24380      0.28104      0.27694      0.82742      0.81498
     2.72724     16.45973     16.25192      0.28090      0.27679      0.82706      0.81455
     2.73981     16.46920     16.25977      0.28084      0.27664      0.82702      0.81411
     2.75237     16.47846     16.26735      0.28082      0.27649      0.82701      0.81366
     2.76493     16.48748     16.27464      0.28080      0.27634      0.82700      0.81321
     2.77750     16.49628     16.28166      0.28078      0.27618      0.82700      0.81275
     2.79006     16.50485     16.28841      0.28076      0.27602      0.82699      0.81228
     2.80262     16.51318     16.29488      0.28074      0.27586      0.82698      0.81181
     2.81518     16.52129     16.30109      0.28072      0.27570      0.82696      0.81132
     2.82775     16.52917     16.30704      0.28070      0.27554      0.82695      0.81084
     2.84031     16.53685     16.31274      0.28068      0.27537      0.82693      0.81034
     2.85287     16.54434     16.31822      0.28065      0.27520      0.82691      0.80984
     2.86543     16.55165     16.32349      0.28063      0.27503      0.82689      0.80933
     2.87800     16.55881     16.32858      0.28061      0.27486      0.82686      0.80882
     2.89056     16.56586     16.33351      0.28058      0.27468      0.82683      0.80829
     2.90312     16.57282     16.33831      0.28055      0.27450      0.82680      0.80776
     2.91569     16.57970     16.34300      0.28052      0.27432      0.82676      0.80722
     2.92825     16.58655     16.34761      0.28049      0.27414      0.82672      0.80668
     2.94081     16.59339     16.35217      0.28046      0.27395      0.82667      0.80613
     2.95337     16.60023     16.35670      0.28043      0.27376      0.82662      0.80556
     2.96594     16.60710     16.36122      0.28039      0.27357      0.82656      0.80499
     2.97850     16.61403     16.36575      0.28035      0.27338      0.82649      0.80442
     2.99106     16.62099     16.37029      0.28031      0.27306      0.82642      0.80383
     3.00363     16.62802     16.37485      0.28027      0.27272      0.82635      0.80324
     3.01619     16.63510     16.37943      0.28023      0.27238      0.82626      0.80264
     3.02875     16.64221     16.38403      0.28018      0.27203      0.82617      0.80202
     3.04131     16.64938     16.38863      0.28013      0.27167      0.82607      0.80141
     3.05388     16.65656     16.39322      0.28008      0.27131      0.82596      0.80052
     3.06644     16.66376     16.39779      0.28002      0.27095      0.82585      0.79947
     3.07900     16.67094     16.40231      0.27996      0.27058      0.82572      0.79842
     3.09157     16.67809     16.40678      0.27990      0.27021      0.82559      0.79735
     3.10413     16.68518     16.41116      0.27984      0.26983      0.82545      0.79627
     3.11669     16.69730     16.41543      0.27977      0.26945      0.82530      0.79518
     3.12925     16.71032     16.41957      0.27970      0.26906      0.82514      0.79407
     3.14182     16.72321     16.42357      0.27962      0.26867      0.82497      0.79295
     3.15438     16.73592     16.42739      0.27955      0.26828      0.82480      0.79182
     3.16694     16.74843     16.43100      0.27947      0.26788      0.82461      0.79068
     3.17951     16.76069     16.43437      0.27938      0.26748      0.82441      0.78953
     3.19207     16.77265     16.43748      0.27930      0.26707      0.82421      0.78837
     3.20463     16.78426     16.44030      0.27921      0.26666      0.82399      0.78719
     3.21719     16.79545     16.44276      0.27911      0.26625      0.82376      0.78601
     3.22976     16.80617     16.44484      0.27902      0.26583      0.82353      0.78482
     3.24232     16.81631     16.44649      0.27892      0.26541      0.82328      0.78362
     3.25488     16.82582     16.44765      0.27881      0.26499      0.82303      0.78241
     3.26744     16.83459     16.44827      0.27871      0.26457      0.82276      0.78120
     3.28001     16.84253     16.44827      0.27860      0.26414      0.82249      0.77998
     3.29257     16.84954     16.44761      0.27848      0.26371      0.82220      0.77875
     3.30513     16.85554     16.44621      0.27837      0.26328      0.82191      0.77752
     3.31770     16.86043     16.44400      0.27825      0.26285      0.82160      0.77628
     3.33026     16.86411     16.44092      0.27812      0.26241      0.82129      0.77504
     3.34282     16.86649     16.43690      0.27800      0.26198      0.82097      0.77380
     3.35538     16.86750     16.43188      0.27787      0.26154      0.82063      0.77255
     3.36795     16.86705     16.42579      0.27774      0.26110      0.82029      0.77130
     3.38051     16.86507     16.41858      0.27760      0.26066      0.81994      0.77004
     3.39307     16.86151     16.41019      0.27746      0.26022      0.81958      0.76879
     3.40564     16.85630     16.40058      0.27732      0.25978      0.81921      0.76753
     3.41820     16.84940     16.38969      0.27717      0.25934      0.81883      0.76628
     3.43076     16.84076     16.37750      0.27703      0.25890      0.81844      0.76502
     3.44332     16.83036     16.36397      0.27688      0.25846      0.81804      0.76376
     3.45589     16.81817     16.34907      0.27672      0.25802      0.81763      0.76251
     3.46845     16.80416     16.33277      0.27656      0.25758      0.81722      0.76126
     3.48101     16.78833     16.31507      0.27641      0.25714      0.81679      0.76001
