# T/Tc, eta_max,eta_min
     1.00000      0.18465      0.13636
     1.05282      0.17618      0.14121
     1.10563      0.17514      0.14453
     1.15845      0.17768      0.14871
     1.21126      0.18158      0.15305
     1.26408      0.18568      0.15577
     1.31689      0.19234      0.15564
     1.36971      0.19592      0.15554
     1.42252      0.19759      0.15640
     1.47534      0.19801      0.15772
     1.52815      0.19733      0.15840
     1.58097      0.19555      0.16010
     1.63378      0.19283      0.16190
     1.68660      0.18974      0.16340
     1.73942      0.18945      0.16358
     1.79223      0.18954      0.16420
     1.84505      0.19042      0.16577
     1.89786      0.19298      0.16855
     1.95068      0.19454      0.17235
     2.00349      0.19542      0.17522
     2.05631      0.19615      0.17871
     2.10912      0.19743      0.18285
     2.16194      0.20680      0.18763
     2.21475      0.21713      0.19301
     2.26757      0.22783      0.19896
     2.32038      0.23844      0.20547
     2.37320      0.24860      0.21255
     2.42601      0.25804      0.22023
     2.47883      0.26658      0.22855
     2.53165      0.27412      0.23356
