# T/Tc, I/T^4_max,I/T^4_min
     0.63291      9.05326      5.23547
     0.65486      7.70868      4.36880
     0.67680      6.62335      3.67801
     0.69875      5.75197      3.13617
     0.72069      5.05842      2.72437
     0.74264      4.51273      2.42929
     0.76458      4.08904      2.24018
     0.78653      3.76432      2.14499
     0.80847      3.51820      2.12708
     0.83042      3.33360      2.16483
     0.85236      3.19781      2.23549
     0.87431      3.10335      2.32148
     0.89625      3.04812      2.41466
     0.91820      3.03448      2.49142
     0.94014      3.06967      2.59410
     0.96209      3.16512      2.73232
     0.98403      3.30034      2.91045
     1.00598      3.46284      3.12237
     1.02792      3.63176      3.34808
     1.04987      3.78352      3.55367
     1.07181      3.91064      3.72073
     1.09376      3.99995      3.82927
     1.11571      4.03394      3.89124
     1.13765      4.02393      3.91030
     1.15960      3.98564      3.89736
     1.18154      3.93475      3.86658
     1.20349      3.88444      3.82825
     1.22543      3.84362      3.79459
     1.24738      3.81721      3.77308
     1.26932      3.80932      3.76651
     1.29127      3.81667      3.77306
     1.31321      3.83170      3.78859
     1.33516      3.84878      3.80769
     1.35710      3.86875      3.81907
     1.37905      3.88135      3.82103
     1.40099      3.88244      3.81131
     1.42294      3.87243      3.78919
     1.44488      3.84717      3.75409
     1.46683      3.80724      3.70645
     1.48877      3.75667      3.64767
     1.51072      3.69504      3.57978
     1.53266      3.62457      3.50525
     1.55461      3.54755      3.42666
     1.57655      3.46628      3.34651
     1.59850      3.38285      3.26708
     1.62044      3.29922      3.19029
     1.64239      3.21699      3.11679
     1.66433      3.13763      3.04026
     1.68628      3.06225      2.96827
     1.70822      2.99173      2.90135
     1.73017      2.92760      2.83847
     1.75212      2.87257      2.78078
     1.77406      2.82440      2.72808
     1.79601      2.79122      2.68153
     1.81795      2.77265      2.64082
     1.83990      2.75904      2.60553
     1.86184      2.74855      2.57505
     1.88379      2.73916      2.54863
     1.90573      2.72897      2.51924
     1.92768      2.71655      2.48945
     1.94962      2.70098      2.46146
     1.97157      2.68188      2.43502
     1.99351      2.65925      2.40991
     2.01546      2.63332      2.38596
     2.03740      2.60444      2.36305
     2.05935      2.57297      2.34107
     2.08129      2.55171      2.31994
     2.10324      2.53469      2.29962
     2.12518      2.51559      2.28008
     2.14713      2.49614      2.26131
     2.16907      2.47587      2.24335
     2.19102      2.45451      2.21896
     2.21296      2.43205      2.19239
     2.23491      2.40848      2.16689
     2.25685      2.38373      2.14259
     2.27880      2.35768      2.11955
     2.30074      2.33019      2.09771
     2.32269      2.30111      2.07691
     2.34463      2.27025      2.05686
     2.36658      2.23748      2.03303
     2.38852      2.20269      1.99540
     2.41047      2.16582      1.95798
     2.43242      2.12689      1.92063
     2.45436      2.08598      1.88321
     2.47631      2.04888      1.84559
     2.49825      2.01840      1.80764
     2.52020      1.98542      1.76926
     2.54214      1.94996      1.73034
     2.56409      1.91212      1.69083
     2.58603      1.87204      1.65065
     2.60798      1.82988      1.60978
     2.62992      1.78583      1.56821
     2.65187      1.74008      1.52596
     2.67381      1.69283      1.48309
     2.69576      1.64429      1.43971
     2.71770      1.59462      1.39595
     2.73965      1.54399      1.35201
     2.76159      1.49257      1.30812
     2.78354      1.44047      1.26452
     2.80548      1.38782      1.22150
     2.82743      1.33472      1.17932
     2.84937      1.28770      1.13827
     2.87132      1.24159      1.09858
     2.89326      1.19557      1.06046
     2.91521      1.14959      1.02404
     2.93715      1.10358      0.98879
     2.95910      1.06021      0.95233
     2.98104      1.01920      0.91676
     3.00299      0.97749      0.87944
     3.02493      0.93495      0.83333
     3.04688      0.89152      0.78702
     3.06883      0.84747      0.73290
     3.09077      0.81643      0.67725
     3.11272      0.79998      0.62175
     3.13466      0.78505      0.56651
     3.15661      0.77100      0.51162
     3.17855      0.75690      0.45712
     3.20050      0.74171      0.40296
     3.22244      0.72999      0.34900
     3.24439      0.71659      0.29509
     3.26633      0.69991      0.24096
     3.28828      0.67978      0.18635
     3.31022      0.65626      0.11668
     3.33217      0.62957      0.03061
     3.35411      0.59990     -0.06069
     3.37606      0.56741     -0.15694
     3.39800      0.53220     -0.25786
     3.41995      0.49436     -0.36324
     3.44189      0.45396     -0.47286
     3.46384      0.41109     -0.58653
     3.48578      0.36585     -0.70398
     3.50773      0.31836     -0.82482
     3.52967      0.26878     -0.94854
     3.55162      0.22290     -1.07447
     3.57356      0.17744     -1.20180
     3.59551      0.13078     -1.32961
     3.61745      0.08323     -1.45693
     3.63940      0.03518     -1.58276
     3.66134      0.00000     -1.70608
     3.68329      0.00000     -1.82592
     3.70524      0.00000     -1.94138
     3.72718      0.00000     -2.05165
     3.74913      0.00000     -2.15602
     3.77107      0.00000     -2.25389
     3.79302      0.00000     -2.34485
     3.81496      0.00000     -2.42859
     3.83691      0.00000     -2.50504
     3.85885      0.00000     -2.57425
     3.88080      0.00000     -2.63646
     3.90274      0.00000     -2.69208
     3.92469      0.00000     -2.74164
     3.94663      0.00000     -2.78575
     3.96858      0.00000     -2.82510
     3.99052      0.00000     -2.86036
     4.01247      0.00000     -2.89217
     4.03441      0.00000     -2.92107
     4.05636      0.00000     -2.94751
     4.07830      0.00000     -2.97175
     4.10025      0.00000     -2.99392
     4.12219      0.00000     -3.01397
     4.14414      0.00000     -3.03161
     4.16608      0.00000     -3.04642
     4.18803      0.00000     -3.05775
     4.20997      0.00000     -3.06474
     4.23192      0.00000     -3.06634
     4.25386      0.00000     -3.06130
     4.27581      0.00000     -3.04817
     4.29775      0.00000     -3.02543
     4.31970      0.00000     -2.99169
     4.34164      0.00000     -2.94601
     4.36359      0.00000     -2.88851
     4.38554      0.00000     -2.82107
     4.40748      0.00000     -2.74799
     4.42943      0.00000     -2.72453
     4.45137      0.00000     -2.72102
     4.47332      0.00000     -2.71363
     4.49526      0.00000     -2.72117
     4.51721      0.00000     -2.72947
     4.53915      0.00000     -2.73615
     4.56110      0.00000     -2.74091
     4.58304      0.00000     -2.74339
     4.60499      0.00000     -2.74317
     4.62693      0.00000     -2.76015
     4.64888      0.00000     -2.82273
     4.67082      0.00000     -2.88580
     4.69277      0.00000     -2.94816
     4.71471      0.00000     -3.00902
     4.73666      0.00000     -3.06787
     4.75860      0.00000     -3.12442
     4.78055      0.00000     -3.17848
     4.80249      0.00000     -3.22997
     4.82444      0.00000     -3.27886
     4.84638      0.00000     -3.32518
     4.86833      0.00000     -3.36895
     4.89027      0.00000     -3.41024
     4.91222      0.00000     -3.44910
     4.93416      0.00000     -3.48559
     4.95611      0.00000     -3.51979
     4.97805      0.00000     -3.55176
     5.00000      0.00000     -3.58157
