# T/Tc, P/T^4_max,P/T^4_min
     0.63291      0.00000     -1.27625
     0.65486      0.00000     -0.99126
     0.67680      0.00000     -0.75559
     0.69875      0.00000     -0.55859
     0.72069      0.00000     -0.39180
     0.74264      0.04505     -0.24855
     0.76458      0.11282     -0.12354
     0.78653      0.17466     -0.01261
     0.80847      0.23329      0.08745
     0.83042      0.29291      0.17910
     0.85236      0.35272      0.26419
     0.87431      0.41197      0.34420
     0.89625      0.47105      0.42006
     0.91820      0.53035      0.49279
     0.94014      0.59034      0.56458
     0.96209      0.65171      0.63642
     0.98403      0.71526      0.70926
     1.00598      0.78381      0.78173
     1.02792      0.86036      0.85155
     1.04987      0.93873      0.92464
     1.07181      1.01826      1.00016
     1.09376      1.09806      1.07713
     1.11571      1.17718      1.15455
     1.13765      1.25482      1.23135
     1.15960      1.33046      1.30674
     1.18154      1.40450      1.37993
     1.20349      1.47644      1.45076
     1.22543      1.54623      1.51973
     1.24738      1.61415      1.58708
     1.26932      1.68052      1.65312
     1.29127      1.74561      1.71815
     1.31321      1.80963      1.78238
     1.33516      1.87273      1.84594
     1.35710      1.93493      1.90874
     1.37905      1.99622      1.97076
     1.40099      2.05651      2.03197
     1.42294      2.11567      2.09219
     1.44488      2.17356      2.15123
     1.46683      2.23005      2.20892
     1.48877      2.28501      2.26439
     1.51072      2.33834      2.31794
     1.53266      2.39009      2.36975
     1.55461      2.44000      2.41979
     1.57655      2.48806      2.46806
     1.59850      2.53428      2.51458
     1.62044      2.57883      2.55940
     1.64239      2.62175      2.60259
     1.66433      2.66307      2.64424
     1.68628      2.70288      2.68444
     1.70822      2.74125      2.72328
     1.73017      2.77829      2.76088
     1.75212      2.81446      2.79734
     1.77406      2.84953      2.83248
     1.79601      2.88356      2.86651
     1.81795      2.91664      2.89970
     1.83990      2.94886      2.93216
     1.86184      2.98027      2.96398
     1.88379      3.01094      2.99521
     1.90573      3.04091      3.02590
     1.92768      3.07022      3.05597
     1.94962      3.09890      3.08561
     1.97157      3.12696      3.11441
     1.99351      3.15519      3.14249
     2.01546      3.18417      3.17015
     2.03740      3.21253      3.19739
     2.05935      3.24027      3.22341
     2.08129      3.26737      3.24893
     2.10324      3.29382      3.27397
     2.12518      3.31961      3.29778
     2.14713      3.34475      3.32111
     2.16907      3.36925      3.34401
     2.19102      3.39309      3.36650
     2.21296      3.41630      3.38861
     2.23491      3.43887      3.41034
     2.25685      3.46084      3.43170
     2.27880      3.48220      3.45272
     2.30074      3.50298      3.47339
     2.32269      3.52388      3.49372
     2.34463      3.54472      3.51373
     2.36658      3.56548      3.53339
     2.38852      3.58598      3.55272
     2.41047      3.60596      3.57169
     2.43242      3.62541      3.59030
     2.45436      3.64433      3.60853
     2.47631      3.66271      3.62637
     2.49825      3.68054      3.64379
     2.52020      3.69782      3.66078
     2.54214      3.71455      3.67732
     2.56409      3.73072      3.69338
     2.58603      3.74635      3.70847
     2.60798      3.76142      3.72302
     2.62992      3.77594      3.73709
     2.65187      3.78993      3.75065
     2.67381      3.80339      3.76372
     2.69576      3.81632      3.77628
     2.71770      3.82873      3.78834
     2.73965      3.84064      3.79991
     2.76159      3.85205      3.81099
     2.78354      3.86297      3.82161
     2.80548      3.87342      3.83178
     2.82743      3.88340      3.84151
     2.84937      3.89292      3.85082
     2.87132      3.90200      3.85973
     2.89326      3.91064      3.86827
     2.91521      3.91887      3.87644
     2.93715      3.92668      3.88426
     2.95910      3.93408      3.89176
     2.98104      3.94109      3.89895
     3.00299      3.94771      3.90583
     3.02493      3.95394      3.91243
     3.04688      3.95980      3.91875
     3.06883      3.96528      3.92482
     3.09077      3.97039      3.93065
     3.11272      3.97513      3.93625
     3.13466      3.97951      3.94166
     3.15661      3.98352      3.94687
     3.17855      3.98717      3.95192
     3.20050      3.99047      3.95681
     3.22244      3.99342      3.96154
     3.24439      3.99602      3.96613
     3.26633      3.99828      3.97056
     3.28828      4.00020      3.97298
     3.31022      4.00178      3.97482
     3.33217      4.00302      3.97621
     3.35411      4.00392      3.97713
     3.37606      4.00583      3.97756
     3.39800      4.00815      3.97748
     3.41995      4.01019      3.97688
     3.44189      4.01193      3.97575
     3.46384      4.01415      3.97406
     3.48578      4.01661      3.97181
     3.50773      4.01875      3.96899
     3.52967      4.02059      3.96559
     3.55162      4.02209      3.96159
     3.57356      4.02327      3.95699
     3.59551      4.02411      3.94928
     3.61745      4.02460      3.94080
     3.63940      4.02474      3.93161
     3.66134      4.02454      3.92172
     3.68329      4.02397      3.91116
     3.70524      4.02306      3.89997
     3.72718      4.02179      3.88818
     3.74913      4.02017      3.87583
     3.77107      4.01819      3.86295
     3.79302      4.01587      3.84961
     3.81496      4.01320      3.83584
     3.83691      4.01019      3.82168
     3.85885      4.00685      3.80720
     3.88080      4.00319      3.79242
     3.90274      3.99921      3.77739
     3.92469      3.99493      3.76216
     3.94663      3.99193      3.74674
     3.96858      3.98919      3.73119
     3.99052      3.98637      3.71551
     4.01247      3.98378      3.69973
     4.03441      3.98270      3.68388
     4.05636      3.98164      3.66796
     4.07830      3.98060      3.65199
     4.10025      3.97955      3.63598
     4.12219      3.97850      3.61994
     4.14414      3.97742      3.60389
     4.16608      3.97632      3.58784
     4.18803      3.97517      3.57181
     4.20997      3.97398      3.55580
     4.23192      3.97273      3.53986
     4.25386      3.97143      3.52401
     4.27581      3.97008      3.50829
     4.29775      3.96867      3.49274
     4.31970      3.96721      3.47741
     4.34164      3.96573      3.46236
     4.36359      3.96423      3.44765
     4.38554      3.96273      3.43333
     4.40748      3.96128      3.41943
     4.42943      3.95990      3.40596
     4.45137      3.95861      3.39289
     4.47332      3.95746      3.38016
     4.49526      3.95647      3.36767
     4.51721      3.95563      3.35530
     4.53915      3.95493      3.34294
     4.56110      3.95434      3.33051
     4.58304      3.95378      3.31794
     4.60499      3.95318      3.30518
     4.62693      3.95246      3.29220
     4.64888      3.95156      3.27899
     4.67082      3.95042      3.26555
     4.69277      3.94899      3.25188
     4.71471      3.94726      3.23798
     4.73666      3.94521      3.22387
     4.75860      3.94286      3.20956
     4.78055      3.94020      3.19505
     4.80249      3.93726      3.18038
     4.82444      3.93405      3.16554
     4.84638      3.93057      3.15055
     4.86833      3.92683      3.13543
     4.89027      3.92283      3.12018
     4.91222      3.91854      3.10483
     4.93416      3.91394      3.08937
     4.95611      3.90898      3.07383
     4.97805      3.90364      3.05820
     5.00000      3.89789      3.04251
