# T/Tc, cs_max,cs_min
     0.63291      0.81769      0.49534
     0.65486      0.59048      0.39824
     0.67680      0.44031      0.32981
     0.69875      0.34308      0.28116
     0.72069      0.28344      0.24311
     0.74264      0.25370      0.20666
     0.76458      0.23201      0.18347
     0.78653      0.21773      0.16953
     0.80847      0.20629      0.16119
     0.83042      0.19632      0.15577
     0.85236      0.18718      0.15153
     0.87431      0.17882      0.14781
     0.89625      0.17163      0.14483
     0.91820      0.16618      0.14328
     0.94014      0.16298      0.14380
     0.96209      0.16232      0.14677
     0.98403      0.16522      0.15214
     1.00598      0.17064      0.15944
     1.02792      0.17729      0.16708
     1.04987      0.18451      0.17524
     1.07181      0.19159      0.18323
     1.09376      0.19806      0.19056
     1.11571      0.20376      0.19707
     1.13765      0.20866      0.20250
     1.15960      0.21276      0.20715
     1.18154      0.21606      0.21118
     1.20349      0.21925      0.21420
     1.22543      0.22181      0.21658
     1.24738      0.22385      0.21867
     1.26932      0.22563      0.22068
     1.29127      0.22744      0.22282
     1.31321      0.22969      0.22514
     1.33516      0.23244      0.22777
     1.35710      0.23569      0.23092
     1.37905      0.23941      0.23459
     1.40099      0.24356      0.23876
     1.42294      0.24801      0.24332
     1.44488      0.25264      0.24818
     1.46683      0.25726      0.25317
     1.48877      0.26173      0.25816
     1.51072      0.26656      0.26297
     1.53266      0.27102      0.26746
     1.55461      0.27496      0.27116
     1.57655      0.27829      0.27411
     1.59850      0.28095      0.27648
     1.62044      0.28318      0.27806
     1.64239      0.28500      0.27855
     1.66433      0.28622      0.27847
     1.68628      0.28690      0.27793
     1.70822      0.28712      0.27706
     1.73017      0.28698      0.27601
     1.75212      0.28656      0.27494
     1.77406      0.28595      0.27401
     1.79601      0.28543      0.27332
     1.81795      0.28529      0.27296
     1.83990      0.28516      0.27295
     1.86184      0.28507      0.27332
     1.88379      0.28504      0.27403
     1.90573      0.28507      0.27461
     1.92768      0.28517      0.27460
     1.94962      0.28533      0.27489
     1.97157      0.28554      0.27545
     1.99351      0.28630      0.27626
     2.01546      0.28724      0.27731
     2.03740      0.28822      0.27855
     2.05935      0.28920      0.27992
     2.08129      0.29032      0.28112
     2.10324      0.29227      0.28238
     2.12518      0.29411      0.28367
     2.14713      0.29581      0.28500
     2.16907      0.29740      0.28637
     2.19102      0.29887      0.28778
     2.21296      0.30022      0.28896
     2.23491      0.30148      0.28943
     2.25685      0.30266      0.29001
     2.27880      0.30377      0.29073
     2.30074      0.30484      0.29161
     2.32269      0.30588      0.29267
     2.34463      0.30693      0.29393
     2.36658      0.30799      0.29536
     2.38852      0.30909      0.29686
     2.41047      0.31024      0.29856
     2.43242      0.31145      0.30043
     2.45436      0.31321      0.30247
     2.47631      0.31535      0.30467
     2.49825      0.31751      0.30699
     2.52020      0.31966      0.30942
     2.54214      0.32178      0.31193
     2.56409      0.32386      0.31449
     2.58603      0.32587      0.31708
     2.60798      0.32780      0.31929
     2.62992      0.32960      0.32142
     2.65187      0.33128      0.32304
     2.67381      0.33280      0.32455
     2.69576      0.33475      0.32599
     2.71770      0.33691      0.32736
     2.73965      0.33865      0.32868
     2.76159      0.33995      0.32996
     2.78354      0.34078      0.33121
     2.80548      0.34166      0.33246
     2.82743      0.34395      0.33373
     2.84937      0.34623      0.33505
     2.87132      0.34851      0.33645
     2.89326      0.35080      0.33679
     2.91521      0.35310      0.33661
     2.93715      0.35542      0.33624
     2.95910      0.35776      0.33541
     2.98104      0.36009      0.33405
     3.00299      0.36242      0.33269
     3.02493      0.36474      0.33143
     3.04688      0.36703      0.33034
     3.06883      0.36930      0.32951
     3.09077      0.37156      0.32839
     3.11272      0.37384      0.32762
     3.13466      0.37615      0.32727
     3.15661      0.38034      0.32738
     3.17855      0.38698      0.32798
     3.20050      0.39456      0.32906
     3.22244      0.40319      0.33067
     3.24439      0.41298      0.33283
     3.26633      0.42407      0.33553
     3.28828      0.43661      0.33875
     3.31022      0.45075      0.34243
     3.33217      0.46665      0.34587
     3.35411      0.48444      0.34893
     3.37606      0.50425      0.35225
     3.39800      0.52617      0.35576
     3.41995      0.55029      0.35944
     3.44189      0.57666      0.36325
     3.46384      0.60531      0.36714
     3.48578      0.63618      0.37107
     3.50773      0.66909      0.37501
     3.52967      0.70369      0.37889
     3.55162      0.73934      0.37827
     3.57356      0.77511      0.37688
     3.59551      0.80971      0.37490
     3.61745      0.84160      0.37237
     3.63940      0.86906      0.36936
     3.66134      0.89042      0.36596
     3.68329      0.90434      0.36229
     3.70524      0.90999      0.35845
     3.72718      0.90729      0.35457
     3.74913      0.89687      0.35076
     3.77107      0.87994      0.34714
     3.79302      0.85816      0.34379
     3.81496      0.83326      0.34079
     3.83691      0.80691      0.33821
     3.85885      0.78053      0.33610
     3.88080      0.75521      0.33448
     3.90274      0.73172      0.33338
     3.92469      0.71052      0.33280
     3.94663      0.69180      0.33274
     3.96858      0.67554      0.33317
     3.99052      0.66150      0.33407
     4.01247      0.64929      0.33540
     4.03441      0.63839      0.33711
     4.05636      0.62813      0.33912
     4.07830      0.61772      0.34137
     4.10025      0.60630      0.34376
     4.12219      0.59298      0.34618
     4.14414      0.58329      0.34851
     4.16608      0.57659      0.35060
     4.18803      0.57043      0.35228
     4.20997      0.56486      0.35336
     4.23192      0.55992      0.35365
     4.25386      0.55561      0.35295
     4.27581      0.55191      0.34897
     4.29775      0.54876      0.34231
     4.31970      0.54609      0.33449
     4.34164      0.54377      0.32581
     4.36359      0.54167      0.31685
     4.38554      0.53961      0.30844
     4.40748      0.53739      0.30151
     4.42943      0.53479      0.29691
     4.45137      0.53156      0.29525
     4.47332      0.52744      0.29684
     4.49526      0.52219      0.30176
     4.51721      0.51556      0.30995
     4.53915      0.58172      0.32137
     4.56110      0.67254      0.32828
     4.58304      0.78980      0.32990
     4.60499      0.93540      0.32877
     4.62693      1.10621      0.32692
     4.64888      1.29238      0.31652
     4.67082      1.47845      0.30763
     4.69277      1.64766      0.30112
     4.71471      1.78705      0.29770
     4.73666      1.89060      0.29796
     4.75860      1.95888      0.30234
     4.78055      1.99672      0.31120
     4.80249      2.01059      0.32496
     4.82444      2.00667      0.33647
     4.84638      1.99021      0.34172
     4.86833      1.96514      0.34324
     4.89027      1.93432      0.34122
     4.91222      1.89974      0.34311
     4.93416      1.86268      0.34904
     4.95611      1.82401      0.35480
     4.97805      1.78428      0.35802
     5.00000      1.74381      0.36527
