# T/Tc, sigma/T(strange)_max,sigma/T(strange)_min, sigma/T(full)_max, sigma/T(full)_min
     1.00000      0.00015      0.00013      0.00732      0.00438
     1.07464      0.00021      0.00019      0.00925      0.00637
     1.14928      0.00027      0.00025      0.01082      0.00812
     1.22392      0.00033      0.00031      0.01207      0.00955
     1.29856      0.00039      0.00036      0.01377      0.01025
     1.37320      0.00044      0.00042      0.01539      0.01081
     1.44784      0.00049      0.00047      0.01630      0.01130
     1.52248      0.00054      0.00052      0.01642      0.01142
     1.59712      0.00060      0.00057      0.01584      0.01134
     1.67176      0.00066      0.00061      0.01474      0.01091
     1.74640      0.00073      0.00067      0.01408      0.01038
     1.82104      0.00083      0.00073      0.01331      0.00948
     1.89568      0.00095      0.00080      0.01278      0.00866
     1.97032      0.00108      0.00088      0.01224      0.00800
     2.04496      0.00121      0.00097      0.01134      0.00755
     2.11960      0.00135      0.00108      0.01026      0.00727
     2.19424      0.00157      0.00121      0.00926      0.00711
     2.26888      0.00180      0.00133      0.00866      0.00693
     2.34352      0.00202      0.00148      0.00868      0.00679
     2.41816      0.00224      0.00164      0.00875      0.00674
     2.49280      0.00245      0.00182      0.00888      0.00660
     2.56744      0.00278      0.00202      0.00920      0.00666
     2.64208      0.00311      0.00216      0.00958      0.00686
     2.71672      0.00341      0.00233      0.01005      0.00735
     2.79136      0.00368      0.00256      0.01077      0.00823
     2.86600      0.00391      0.00280      0.01159      0.00906
     2.94064      0.00424      0.00298      0.01348      0.00980
     3.01528      0.00480      0.00306      0.01895      0.01006
     3.08992      0.00565      0.00309      0.03253      0.01029
     3.16456      0.00825      0.00311      0.08679      0.01052
