# T/Tc, entr_max, entr_min, chib_max, chib_min, chis_max, chis_min
     0.98101      6.07630      5.70906      0.10550      0.09892      0.27909      0.26611
     0.99216      6.30493      5.94380      0.11053      0.10409      0.29234      0.28049
     1.00331      6.54087      6.18928      0.11562      0.10936      0.30596      0.29522
     1.01446      6.78138      6.44311      0.12076      0.11471      0.31993      0.31027
     1.02562      7.02326      6.70202      0.12595      0.12012      0.33420      0.32558
     1.03677      7.26321      6.95631      0.13117      0.12558      0.34873      0.34112
     1.04792      7.49803      7.20883      0.13641      0.13107      0.36421      0.35682
     1.05907      7.72495      7.45686      0.14164      0.13657      0.38030      0.37264
     1.07022      7.94170      7.69685      0.14686      0.14206      0.39653      0.38853
     1.08137      8.15644      7.91903      0.15213      0.14750      0.41266      0.40442
     1.09252      8.35941      8.12580      0.15753      0.15275      0.42865      0.42028
     1.10367      8.54749      8.32064      0.16286      0.15796      0.44445      0.43605
     1.11482      8.72136      8.50315      0.16810      0.16313      0.46001      0.45168
     1.12597      8.88227      8.67366      0.17323      0.16826      0.47530      0.46713
     1.13712      9.03189      8.83302      0.17823      0.17332      0.49029      0.48235
     1.14827      9.17202      8.98252      0.18310      0.17830      0.50493      0.49730
     1.15942      9.30463      9.12377      0.18783      0.18318      0.51932      0.51196
     1.17057      9.43162      9.25846      0.19242      0.18797      0.53340      0.52628
     1.18173      9.55477      9.38842      0.19686      0.19265      0.54706      0.54026
     1.19288      9.67565      9.51534      0.20114      0.19717      0.56030      0.55385
     1.20403      9.79560      9.64078      0.20528      0.20151      0.57310      0.56706
     1.21518      9.91575      9.76612      0.20927      0.20571      0.58548      0.57986
     1.22633     10.03693      9.89245      0.21311      0.20977      0.59742      0.59226
     1.23748     10.15971     10.02063      0.21682      0.21370      0.60897      0.60425
     1.24863     10.28444     10.15116      0.22048      0.21750      0.62029      0.61582
     1.25978     10.41125     10.28317      0.22400      0.22117      0.63119      0.62700
     1.27093     10.54008     10.41707      0.22740      0.22470      0.64169      0.63777
     1.28208     10.67066     10.55342      0.23071      0.22811      0.65180      0.64814
     1.29323     10.80264     10.69183      0.23389      0.23138      0.66168      0.65813
     1.30438     10.93555     10.83177      0.23695      0.23449      0.67121      0.66774
     1.31553     11.06882     10.97262      0.23988      0.23750      0.68038      0.67698
     1.32668     11.20232     11.11301      0.24269      0.24039      0.68919      0.68554
     1.33783     11.33927     11.25014      0.24538      0.24317      0.69766      0.69379
     1.34899     11.47449     11.38385      0.24796      0.24584      0.70585      0.70172
     1.36014     11.60729     11.51533      0.25043      0.24839      0.71379      0.70936
     1.37129     11.73703     11.64414      0.25280      0.25080      0.72139      0.71670
     1.38244     11.86319     11.76969      0.25506      0.25312      0.72868      0.72376
     1.39359     11.98526     11.89153      0.25725      0.25533      0.73565      0.73055
     1.40474     12.10291     12.00926      0.25934      0.25744      0.74231      0.73707
     1.41589     12.21941     12.12257      0.26134      0.25946      0.74867      0.74334
     1.42704     12.33254     12.23126      0.26324      0.26139      0.75473      0.74936
     1.43819     12.44044     12.33519      0.26510      0.26323      0.76050      0.75513
     1.44934     12.54303     12.43434      0.26686      0.26498      0.76598      0.76067
     1.46049     12.64031     12.52876      0.26854      0.26665      0.77119      0.76598
     1.47164     12.73236     12.61851      0.27012      0.26824      0.77613      0.77106
     1.48279     12.81934     12.70377      0.27163      0.26976      0.78080      0.77592
     1.49394     12.90142     12.78471      0.27308      0.27120      0.78522      0.78057
     1.50510     12.97881     12.85810      0.27445      0.27257      0.78941      0.78501
     1.51625     13.05176     12.92742      0.27575      0.27387      0.79361      0.78902
     1.52740     13.12058     12.99333      0.27699      0.27511      0.79757      0.79271
     1.53855     13.18554     13.05615      0.27816      0.27628      0.80129      0.79619
     1.54970     13.24695     13.11622      0.27926      0.27740      0.80503      0.79946
     1.56085     13.30512     13.17387      0.28031      0.27846      0.80858      0.80253
     1.57200     13.36035     13.22946      0.28138      0.27947      0.81191      0.80541
     1.58315     13.41293     13.28327      0.28246      0.28042      0.81502      0.80811
     1.59430     13.46318     13.33564      0.28349      0.28133      0.81789      0.81064
     1.60545     13.51137     13.38685      0.28446      0.28220      0.82053      0.81299
     1.61660     13.55777     13.43717      0.28538      0.28302      0.82294      0.81519
     1.62775     13.60263     13.48684      0.28625      0.28381      0.82511      0.81724
     1.63890     13.64848     13.53609      0.28707      0.28455      0.82704      0.81914
     1.65005     13.69496     13.58513      0.28783      0.28527      0.82872      0.82091
     1.66120     13.74060     13.63413      0.28855      0.28595      0.83016      0.82255
     1.67236     13.78558     13.68326      0.28922      0.28660      0.83136      0.82407
     1.68351     13.83011     13.73269      0.28984      0.28722      0.83286      0.82547
     1.69466     13.87431     13.77963      0.29041      0.28781      0.83433      0.82676
     1.70581     13.91834     13.82154      0.29093      0.28839      0.83565      0.82795
     1.71696     13.96230     13.86374      0.29141      0.28893      0.83683      0.82904
     1.72811     14.00633     13.90637      0.29185      0.28946      0.83786      0.83005
     1.73926     14.05049     13.94952      0.29224      0.28997      0.83876      0.83097
     1.75041     14.09488     13.99330      0.29260      0.29047      0.83952      0.83093
     1.76156     14.13953     14.03780      0.29292      0.29094      0.84038      0.83078
     1.77271     14.18449     14.08308      0.29322      0.29140      0.84120      0.83051
     1.78386     14.22976     14.12917      0.29348      0.29185      0.84192      0.83015
     1.79501     14.27536     14.17613      0.29372      0.29229      0.84254      0.82970
     1.80616     14.32566     14.22396      0.29393      0.29264      0.84307      0.82917
     1.81731     14.38524     14.27266      0.29413      0.29298      0.84352      0.82802
     1.82847     14.44550     14.32221      0.29431      0.29331      0.84388      0.82680
     1.83962     14.50626     14.37256      0.29457      0.29363      0.84417      0.82554
     1.85077     14.56727     14.42368      0.29488      0.29394      0.84438      0.82425
     1.86192     14.62831     14.47126      0.29520      0.29425      0.84452      0.82296
     1.87307     14.68911     14.51872      0.29553      0.29456      0.84459      0.82168
     1.88422     14.74944     14.56645      0.29586      0.29486      0.84459      0.82043
     1.89537     14.80904     14.61438      0.29619      0.29512      0.84454      0.81922
     1.90652     14.86771     14.66242      0.29652      0.29535      0.84443      0.81807
     1.91767     14.92528     14.71049      0.29684      0.29558      0.84426      0.81698
     1.92882     14.98161     14.75658      0.29716      0.29580      0.84404      0.81596
     1.93997     15.03657     14.79939      0.29749      0.29601      0.84378      0.81503
     1.95112     15.09010     14.84198      0.29781      0.29622      0.84348      0.81417
     1.96227     15.14216     14.88433      0.29813      0.29643      0.84314      0.81340
     1.97342     15.19272     14.92643      0.29845      0.29664      0.84276      0.81272
     1.98457     15.24177     14.96825      0.29877      0.29685      0.84234      0.81213
     1.99573     15.28935     15.00980      0.29909      0.29706      0.84216      0.81162
     2.00688     15.33548     15.05107      0.29941      0.29726      0.84209      0.81120
     2.01803     15.38017     15.09206      0.29973      0.29747      0.84201      0.81086
     2.02918     15.42349     15.13275      0.30004      0.29769      0.84192      0.81060
     2.04033     15.46545     15.17315      0.30035      0.29790      0.84182      0.81041
     2.05148     15.50612     15.21326      0.30067      0.29812      0.84170      0.81030
     2.06263     15.54551     15.25308      0.30097      0.29835      0.84158      0.81025
     2.07378     15.58368     15.29261      0.30128      0.29858      0.84145      0.81027
     2.08493     15.62067     15.33185      0.30158      0.29881      0.84131      0.81034
     2.09608     15.65651     15.37080      0.30187      0.29905      0.84117      0.81047
     2.10723     15.69123     15.40948      0.30216      0.29930      0.84101      0.81065
     2.11838     15.72489     15.44790      0.30244      0.29956      0.84085      0.81087
     2.12953     15.76456     15.48605      0.30271      0.29982      0.84068      0.81113
     2.14068     15.80723     15.52395      0.30298      0.30009      0.84050      0.81143
     2.15184     15.84913     15.56161      0.30324      0.30037      0.84032      0.81176
     2.16299     15.89026     15.59904      0.30349      0.30060      0.84012      0.81212
     2.17414     15.93063     15.63626      0.30373      0.30083      0.83995      0.81250
     2.18529     15.97024     15.67326      0.30396      0.30107      0.83991      0.81290
     2.19644     16.00908     15.71006      0.30418      0.30132      0.83987      0.81332
     2.20759     16.04716     15.74665      0.30444      0.30157      0.83981      0.81376
     2.21874     16.08448     15.78305      0.30471      0.30183      0.83975      0.81420
     2.22989     16.12102     15.81923      0.30496      0.30209      0.83967      0.81466
     2.24104     16.15678     15.85519      0.30520      0.30236      0.83957      0.81512
     2.25219     16.19173     15.89092      0.30543      0.30264      0.83946      0.81558
     2.26334     16.22588     15.92280      0.30564      0.30292      0.83934      0.81605
     2.27449     16.25920     15.95299      0.30584      0.30320      0.83921      0.81651
     2.28564     16.29166     15.98307      0.30602      0.30349      0.83905      0.81697
     2.29679     16.32324     16.01303      0.30618      0.30378      0.83889      0.81742
     2.30794     16.35393     16.04287      0.30632      0.30408      0.83870      0.81787
     2.31910     16.38367     16.07254      0.30644      0.30437      0.83850      0.81807
     2.33025     16.41248     16.10204      0.30655      0.30467      0.83828      0.81779
     2.34140     16.44030     16.13132      0.30663      0.30496      0.83805      0.81750
     2.35255     16.46712     16.16034      0.30670      0.30507      0.83779      0.81721
     2.36370     16.49292     16.18882      0.30674      0.30510      0.83752      0.81692
     2.37485     16.51768     16.21578      0.30677      0.30513      0.83723      0.81663
     2.38600     16.54138     16.24231      0.30677      0.30514      0.83692      0.81632
     2.39715     16.56402     16.26834      0.30687      0.30514      0.83659      0.81602
     2.40830     16.58558     16.29380      0.30706      0.30513      0.83624      0.81570
     2.41945     16.60607     16.31864      0.30722      0.30511      0.83587      0.81537
     2.43060     16.62548     16.34277      0.30736      0.30508      0.83548      0.81503
     2.44175     16.64383     16.36614      0.30748      0.30503      0.83507      0.81468
     2.45290     16.66111     16.38868      0.30756      0.30497      0.83464      0.81432
     2.46405     16.67737     16.41032      0.30763      0.30490      0.83419      0.81394
     2.47521     16.69259     16.43102      0.30777      0.30482      0.83371      0.81354
     2.48636     16.70681     16.45073      0.30788      0.30472      0.83322      0.81297
     2.49751     16.72005     16.46937      0.30796      0.30462      0.83270      0.81239
     2.50866     16.73234     16.48342      0.30801      0.30450      0.83216      0.81181
     2.51981     16.74371     16.49543      0.30803      0.30436      0.83160      0.81123
     2.53096     16.75417     16.50682      0.30801      0.30421      0.83101      0.81064
     2.54211     16.76377     16.51758      0.30796      0.30405      0.83041      0.81004
     2.55326     16.77253     16.52771      0.30787      0.30382      0.82977      0.80943
     2.56441     16.78047     16.53718      0.30773      0.30358      0.82912      0.80880
     2.57556     16.78763     16.54601      0.30756      0.30333      0.82844      0.80817
     2.58671     16.79709     16.55417      0.30734      0.30306      0.82773      0.80752
     2.59786     16.80789     16.56168      0.30708      0.30278      0.82706      0.80685
     2.60901     16.81767     16.56854      0.30678      0.30249      0.82672      0.80617
     2.62016     16.82646     16.57473      0.30642      0.30219      0.82634      0.80547
     2.63131     16.83428     16.58027      0.30603      0.30187      0.82592      0.80474
     2.64247     16.84114     16.58516      0.30558      0.30153      0.82546      0.80399
     2.65362     16.84708     16.58942      0.30514      0.30111      0.82494      0.80322
     2.66477     16.85212     16.59304      0.30487      0.30067      0.82438      0.80228
     2.67592     16.85628     16.59604      0.30456      0.30022      0.82378      0.80118
     2.68707     16.85958     16.59845      0.30422      0.29976      0.82311      0.80006
     2.69822     16.86204     16.60028      0.30385      0.29928      0.82240      0.79891
     2.70937     16.86370     16.60155      0.30345      0.29880      0.82164      0.79773
     2.72052     16.86457     16.60229      0.30301      0.29830      0.82081      0.79652
     2.73167     16.86467     16.60254      0.30253      0.29780      0.81993      0.79529
     2.74282     16.86403     16.60231      0.30202      0.29728      0.81899      0.79403
     2.75397     16.86266     16.60165      0.30146      0.29675      0.81799      0.79274
     2.76512     16.86058     16.60060      0.30087      0.29619      0.81693      0.79143
     2.77627     16.85782     16.59919      0.30023      0.29534      0.81580      0.79009
     2.78742     16.85438     16.59747      0.29955      0.29448      0.81460      0.78872
     2.79858     16.85028     16.59282      0.29883      0.29361      0.81333      0.78732
     2.80973     16.84556     16.58652      0.29806      0.29271      0.81199      0.78589
     2.82088     16.84020     16.58027      0.29725      0.29180      0.81057      0.78444
     2.83203     16.83422     16.57413      0.29639      0.29088      0.80908      0.78295
     2.84318     16.82765     16.56819      0.29549      0.28994      0.80750      0.78144
     2.85433     16.82048     16.56253      0.29455      0.28900      0.80585      0.77990
     2.86548     16.81274     16.55718      0.29356      0.28804      0.80411      0.77832
     2.87663     16.80442     16.55221      0.29299      0.28692      0.80228      0.77672
     2.88778     16.79554     16.54765      0.29242      0.28576      0.80037      0.77509
     2.89893     16.78610     16.54354      0.29184      0.28460      0.79836      0.77344
     2.91008     16.77610     16.53989      0.29125      0.28344      0.79626      0.77175
     2.92123     16.76555     16.53671      0.29064      0.28227      0.79406      0.77003
     2.93238     16.75446     16.53403      0.29002      0.28112      0.79176      0.76829
     2.94353     16.74283     16.53181      0.28939      0.27996      0.79055      0.76651
     2.95468     16.73065     16.53006      0.28874      0.27882      0.78934      0.76471
     2.96584     16.71793     16.52874      0.28809      0.27768      0.78811      0.76288
     2.97699     16.70467     16.52785      0.28750      0.27655      0.78686      0.76103
     2.98814     16.69521     16.52735      0.28691      0.27542      0.78558      0.75914
     2.99929     16.68740     16.52724      0.28631      0.27431      0.78428      0.75723
     3.01044     16.67879     16.52748      0.28571      0.27321      0.78296      0.75529
     3.02159     16.66938     16.52808      0.28509      0.27211      0.78161      0.75333
     3.03274     16.65912     16.52903      0.28447      0.27102      0.78024      0.75134
     3.04389     16.64802     16.53032      0.28384      0.26994      0.77885      0.74932
     3.05504     16.63913     16.53197      0.28321      0.26886      0.77743      0.74724
     3.06619     16.63458     16.53114      0.28257      0.26778      0.77599      0.74403
     3.07734     16.62980     16.52925      0.28192      0.26671      0.77452      0.74070
     3.08849     16.62478     16.52355      0.28126      0.26564      0.77303      0.73729
     3.09964     16.61955     16.51164      0.28060      0.26456      0.77152      0.73380
     3.11079     16.61409     16.49950      0.27993      0.26349      0.76998      0.73024
     3.12195     16.60842     16.48710      0.27926      0.26225      0.76842      0.72660
     3.13310     16.60254     16.46739      0.27858      0.26086      0.76684      0.72265
     3.14425     16.59648     16.44736      0.27789      0.25945      0.76523      0.71853
     3.15540     16.59023     16.42699      0.27720      0.25803      0.76360      0.71433
     3.16655     16.58538     16.40630      0.27650      0.25659      0.76194      0.71005
     3.17770     16.59143     16.38530      0.27579      0.25514      0.76027      0.70568
     3.18885     16.59736     16.36397      0.27508      0.25368      0.75857      0.70123
     3.20000     16.60298     16.34232      0.27436      0.25220      0.75685      0.69670
