# T/Tc,massG_min*eval, massG_max*eval, massL_min*eval, massL_max*eval, massS_min*eval, massS_max*eval
     0.98101      1.06578      1.23483      0.46561      0.48707      0.61561      0.63708
     0.99216      1.07877      1.23960      0.45880      0.47903      0.60880      0.62903
     1.00331      1.09149      1.24417      0.45209      0.47114      0.60209      0.62114
     1.01446      1.10393      1.24854      0.44549      0.46363      0.59549      0.61363
     1.02562      1.11608      1.25270      0.43901      0.45639      0.58901      0.60639
     1.03677      1.12792      1.25667      0.43264      0.44922      0.58264      0.59922
     1.04792      1.13945      1.26043      0.42628      0.44214      0.57628      0.59214
     1.05907      1.14824      1.26399      0.41998      0.43515      0.56998      0.58515
     1.07022      1.15663      1.26736      0.41381      0.42828      0.56381      0.57828
     1.08137      1.16479      1.27053      0.40776      0.42168      0.55776      0.57168
     1.09252      1.17274      1.27350      0.40184      0.41554      0.55184      0.56554
     1.10367      1.18045      1.27628      0.39605      0.40947      0.54605      0.55947
     1.11482      1.18794      1.27887      0.39039      0.40349      0.54039      0.55349
     1.12597      1.19521      1.28127      0.38487      0.39759      0.53487      0.54759
     1.13712      1.20224      1.28347      0.37949      0.39180      0.52949      0.54180
     1.14827      1.20905      1.28942      0.37425      0.38611      0.52425      0.53611
     1.15942      1.21562      1.29514      0.36915      0.38053      0.51915      0.53053
     1.17057      1.22196      1.30037      0.36419      0.37506      0.51419      0.52506
     1.18173      1.22807      1.30512      0.35937      0.36971      0.50937      0.51971
     1.19288      1.23394      1.30938      0.35469      0.36471      0.50469      0.51471
     1.20403      1.23957      1.31317      0.35016      0.35998      0.50016      0.50998
     1.21518      1.24496      1.31649      0.34577      0.35539      0.49577      0.50539
     1.22633      1.25012      1.32022      0.34152      0.35093      0.49152      0.50093
     1.23748      1.25503      1.32359      0.33739      0.34662      0.48739      0.49662
     1.24863      1.25969      1.32694      0.33326      0.34244      0.48326      0.49244
     1.25978      1.26368      1.33015      0.32927      0.33840      0.47927      0.48840
     1.27093      1.26679      1.33293      0.32542      0.33449      0.47542      0.48449
     1.28208      1.26962      1.33528      0.32171      0.33071      0.47171      0.48071
     1.29323      1.27218      1.33721      0.31813      0.32707      0.46813      0.47707
     1.30438      1.27446      1.33871      0.31468      0.32356      0.46468      0.47356
     1.31553      1.27647      1.33979      0.31137      0.32017      0.46137      0.47017
     1.32668      1.27821      1.34044      0.30817      0.31691      0.45817      0.46691
     1.33783      1.27967      1.34069      0.30511      0.31378      0.45511      0.46378
     1.34899      1.28087      1.34052      0.30216      0.31076      0.45216      0.46076
     1.36014      1.28179      1.33995      0.29934      0.30787      0.44934      0.45787
     1.37129      1.28245      1.33899      0.29663      0.30509      0.44663      0.45509
     1.38244      1.28285      1.33764      0.29404      0.30243      0.44404      0.45243
     1.39359      1.28299      1.33592      0.29156      0.29988      0.44156      0.44988
     1.40474      1.28287      1.33383      0.28919      0.29744      0.43919      0.44744
     1.41589      1.28250      1.33147      0.28693      0.29511      0.43693      0.44511
     1.42704      1.28068      1.32977      0.28478      0.29288      0.43478      0.44288
     1.43819      1.27854      1.32778      0.28274      0.29076      0.43274      0.44076
     1.44934      1.27628      1.32550      0.28080      0.28874      0.43080      0.43874
     1.46049      1.27389      1.32303      0.27896      0.28682      0.42896      0.43682
     1.47164      1.27139      1.32274      0.27723      0.28507      0.42723      0.43507
     1.48279      1.26877      1.32342      0.27559      0.28358      0.42559      0.43358
     1.49394      1.26603      1.32375      0.27405      0.28219      0.42405      0.43219
     1.50510      1.26319      1.32372      0.27261      0.28089      0.42261      0.43089
     1.51625      1.26025      1.32329      0.27126      0.27967      0.42126      0.42967
     1.52740      1.25720      1.32246      0.27001      0.27854      0.42001      0.42854
     1.53855      1.25405      1.32118      0.26876      0.27748      0.41876      0.42748
     1.54970      1.25080      1.31945      0.26751      0.27651      0.41751      0.42651
     1.56085      1.24747      1.31724      0.26635      0.27561      0.41635      0.42561
     1.57200      1.24405      1.31452      0.26526      0.27479      0.41526      0.42479
     1.58315      1.24054      1.31129      0.26426      0.27403      0.41426      0.42403
     1.59430      1.23695      1.30752      0.26335      0.27335      0.41335      0.42335
     1.60545      1.23329      1.30321      0.26251      0.27273      0.41251      0.42273
     1.61660      1.22955      1.29835      0.26175      0.27217      0.41175      0.42217
     1.62775      1.22462      1.29293      0.26106      0.27167      0.41106      0.42167
     1.63890      1.21931      1.28695      0.26045      0.27123      0.41045      0.42123
     1.65005      1.21397      1.28042      0.25992      0.27085      0.40992      0.42085
     1.66120      1.20862      1.27335      0.25945      0.27052      0.40945      0.42052
     1.67236      1.20326      1.26575      0.25899      0.27024      0.40899      0.42024
     1.68351      1.19790      1.25766      0.25855      0.27001      0.40855      0.42001
     1.69466      1.19254      1.24909      0.25822      0.26983      0.40822      0.41983
     1.70581      1.18720      1.24009      0.25800      0.26969      0.40800      0.41969
     1.71696      1.18187      1.23068      0.25786      0.26959      0.40786      0.41959
     1.72811      1.17656      1.22092      0.25749      0.26962      0.40749      0.41962
     1.73926      1.17127      1.21356      0.25718      0.26976      0.40718      0.41976
     1.75041      1.16602      1.20627      0.25693      0.26995      0.40693      0.41995
     1.76156      1.15972      1.20016      0.25673      0.27018      0.40673      0.42018
     1.77271      1.15348      1.19432      0.25659      0.27045      0.40659      0.42045
     1.78386      1.14732      1.18845      0.25651      0.27076      0.40651      0.42076
     1.79501      1.14123      1.18256      0.25649      0.27109      0.40649      0.42109
     1.80616      1.13522      1.17666      0.25652      0.27147      0.40652      0.42147
     1.81731      1.12931      1.17076      0.25661      0.27187      0.40661      0.42187
     1.82847      1.12349      1.16487      0.25676      0.27229      0.40676      0.42229
     1.83962      1.11579      1.15902      0.25696      0.27275      0.40696      0.42275
     1.85077      1.10575      1.15320      0.25722      0.27322      0.40722      0.42322
     1.86192      1.09600      1.14743      0.25753      0.27372      0.40753      0.42372
     1.87307      1.08656      1.14173      0.25790      0.27424      0.40790      0.42424
     1.88422      1.07748      1.13610      0.25832      0.27477      0.40832      0.42477
     1.89537      1.06878      1.13199      0.25880      0.27532      0.40880      0.42532
     1.90652      1.06048      1.12827      0.25932      0.27588      0.40932      0.42588
     1.91767      1.05260      1.12462      0.25990      0.27645      0.40990      0.42645
     1.92882      1.04514      1.12106      0.26052      0.27703      0.41052      0.42703
     1.93997      1.03813      1.11756      0.26120      0.27789      0.41120      0.42789
     1.95112      1.03155      1.11415      0.26192      0.27883      0.41192      0.42883
     1.96227      1.02541      1.11080      0.26269      0.27978      0.41269      0.42978
     1.97342      1.01971      1.10752      0.26350      0.28071      0.41350      0.43071
     1.98457      1.01445      1.10431      0.26436      0.28164      0.41436      0.43164
     1.99573      1.00960      1.10116      0.26526      0.28256      0.41526      0.43256
     2.00688      1.00516      1.09806      0.26621      0.28371      0.41621      0.43371
     2.01803      1.00112      1.09503      0.26719      0.28499      0.41719      0.43499
     2.02918      0.99747      1.09205      0.26822      0.28626      0.41822      0.43626
     2.04033      0.99418      1.08911      0.26928      0.28752      0.41928      0.43752
     2.05148      0.99125      1.08622      0.27038      0.28875      0.42038      0.43875
     2.06263      0.98866      1.08337      0.27151      0.28997      0.42151      0.43997
     2.07378      0.98638      1.08056      0.27268      0.29118      0.42268      0.44118
     2.08493      0.98442      1.07779      0.27389      0.29236      0.42389      0.44236
     2.09608      0.98274      1.07505      0.27513      0.29354      0.42513      0.44354
     2.10723      0.98133      1.07234      0.27640      0.29470      0.42640      0.44470
     2.11838      0.98018      1.06965      0.27770      0.29585      0.42770      0.44585
     2.12953      0.97927      1.06699      0.27904      0.29699      0.42904      0.44699
     2.14068      0.97859      1.06436      0.28023      0.29812      0.43023      0.44812
     2.15184      0.97812      1.06174      0.28087      0.29924      0.43087      0.44924
     2.16299      0.97728      1.05914      0.28153      0.30035      0.43153      0.45035
     2.17414      0.97520      1.05657      0.28221      0.30146      0.43221      0.45146
     2.18529      0.97334      1.05401      0.28293      0.30257      0.43293      0.45257
     2.19644      0.97168      1.05146      0.28368      0.30367      0.43368      0.45367
     2.20759      0.97001      1.04894      0.28446      0.30476      0.43446      0.45476
     2.21874      0.96734      1.04643      0.28528      0.30586      0.43528      0.45586
     2.22989      0.96480      1.04393      0.28614      0.30695      0.43614      0.45695
     2.24104      0.96240      1.04146      0.28703      0.30805      0.43703      0.45805
     2.25219      0.96013      1.03899      0.28797      0.30915      0.43797      0.45915
     2.26334      0.95799      1.03655      0.28895      0.31025      0.43895      0.46025
     2.27449      0.95598      1.03412      0.28998      0.31138      0.43998      0.46138
     2.28564      0.95408      1.03171      0.29105      0.31266      0.44105      0.46266
     2.29679      0.95231      1.02932      0.29217      0.31396      0.44217      0.46396
     2.30794      0.95065      1.02695      0.29334      0.31526      0.44334      0.46526
     2.31910      0.94910      1.02460      0.29455      0.31657      0.44455      0.46657
     2.33025      0.94766      1.02228      0.29582      0.31790      0.44582      0.46790
     2.34140      0.94633      1.01997      0.29714      0.31924      0.44714      0.46924
     2.35255      0.94510      1.01948      0.29852      0.32059      0.44852      0.47059
     2.36370      0.94398      1.01955      0.29994      0.32196      0.44994      0.47196
     2.37485      0.94295      1.01961      0.30142      0.32335      0.45142      0.47335
     2.38600      0.94201      1.01965      0.30296      0.32476      0.45296      0.47476
     2.39715      0.94117      1.01966      0.30455      0.32618      0.45455      0.47618
     2.40830      0.94041      1.01964      0.30620      0.32764      0.45620      0.47764
     2.41945      0.93974      1.01958      0.30791      0.32938      0.45791      0.47938
     2.43060      0.93915      1.01948      0.30968      0.33139      0.45968      0.48139
     2.44175      0.93864      1.01933      0.31150      0.33344      0.46150      0.48344
     2.45290      0.93820      1.01913      0.31338      0.33551      0.46338      0.48551
     2.46405      0.93784      1.01900      0.31533      0.33762      0.46533      0.48762
     2.47521      0.93755      1.01913      0.31733      0.33976      0.46733      0.48976
     2.48636      0.93733      1.01923      0.31939      0.34194      0.46939      0.49194
     2.49751      0.93717      1.01929      0.32152      0.34416      0.47152      0.49416
     2.50866      0.93707      1.01932      0.32370      0.34641      0.47370      0.49641
     2.51981      0.93704      1.01929      0.32585      0.34870      0.47585      0.49870
     2.53096      0.93706      1.01921      0.32780      0.35104      0.47780      0.50104
     2.54211      0.93713      1.01999      0.32982      0.35341      0.47982      0.50341
     2.55326      0.93726      1.02135      0.33191      0.35584      0.48191      0.50584
     2.56441      0.93743      1.02266      0.33407      0.35831      0.48407      0.50831
     2.57556      0.93765      1.02389      0.33603      0.36083      0.48603      0.51083
     2.58671      0.93792      1.02506      0.33795      0.36341      0.48795      0.51341
     2.59786      0.93823      1.02614      0.33994      0.36604      0.48994      0.51604
     2.60901      0.93858      1.02713      0.34201      0.36873      0.49201      0.51873
     2.62016      0.93897      1.02803      0.34416      0.37171      0.49416      0.52171
     2.63131      0.93940      1.02882      0.34639      0.37474      0.49639      0.52474
     2.64247      0.93986      1.02950      0.34870      0.37782      0.49870      0.52782
     2.65362      0.94035      1.03007      0.35110      0.38094      0.50110      0.53094
     2.66477      0.94087      1.03050      0.35359      0.38411      0.50359      0.53411
     2.67592      0.94142      1.03080      0.35617      0.38734      0.50617      0.53734
     2.68707      0.94200      1.03095      0.35885      0.39061      0.50885      0.54061
     2.69822      0.94261      1.03095      0.36163      0.39393      0.51163      0.54393
     2.70937      0.94323      1.03078      0.36451      0.39730      0.51451      0.54730
     2.72052      0.94285      1.03044      0.36750      0.40072      0.51750      0.55072
     2.73167      0.94206      1.02991      0.37059      0.40419      0.52059      0.55419
     2.74282      0.94129      1.02919      0.37380      0.40772      0.52380      0.55772
     2.75397      0.94054      1.02826      0.37712      0.41162      0.52712      0.56162
     2.76512      0.93981      1.02711      0.38057      0.41570      0.53057      0.56570
     2.77627      0.93911      1.02574      0.38413      0.41986      0.53413      0.56986
     2.78742      0.93842      1.02412      0.38783      0.42408      0.53783      0.57408
     2.79858      0.93776      1.02226      0.39165      0.42837      0.54165      0.57837
     2.80973      0.93712      1.02014      0.39561      0.43273      0.54561      0.58273
     2.82088      0.93650      1.01775      0.39971      0.43715      0.54971      0.58715
     2.83203      0.93590      1.01508      0.40396      0.44165      0.55396      0.59165
     2.84318      0.93533      1.01212      0.40834      0.44621      0.55834      0.59621
     2.85433      0.93477      1.00886      0.41288      0.45084      0.56288      0.60084
     2.86548      0.93424      1.00529      0.41758      0.45554      0.56758      0.60554
     2.87663      0.93373      1.00141      0.42243      0.46031      0.57243      0.61031
     2.88778      0.93325      0.99721      0.42745      0.46514      0.57745      0.61514
     2.89893      0.93278      0.99268      0.43264      0.47004      0.58264      0.62004
     2.91008      0.93234      0.98781      0.43799      0.47500      0.58799      0.62500
     2.92123      0.93192      0.98262      0.44353      0.48004      0.59353      0.63004
     2.93238      0.93153      0.97708      0.44924      0.48514      0.59924      0.63514
     2.94353      0.93116      0.97121      0.45514      0.49030      0.60514      0.64030
     2.95468      0.92822      0.96914      0.46123      0.49553      0.61123      0.64553
     2.96584      0.92303      0.96905      0.46536      0.50082      0.61536      0.65082
     2.97699      0.91772      0.96894      0.46945      0.50618      0.61945      0.65618
     2.98814      0.91232      0.96882      0.47360      0.51161      0.62360      0.66161
     2.99929      0.90682      0.96869      0.47779      0.51710      0.62779      0.66710
     3.01044      0.90123      0.96855      0.48203      0.52265      0.63203      0.67265
     3.02159      0.89556      0.96839      0.48633      0.52826      0.63633      0.67826
     3.03274      0.88983      0.96822      0.49068      0.53421      0.64068      0.68421
     3.04389      0.88405      0.96804      0.49508      0.54058      0.64508      0.69058
     3.05504      0.87821      0.96784      0.49953      0.54705      0.64953      0.69705
     3.06619      0.87235      0.96843      0.50403      0.55362      0.65403      0.70362
     3.07734      0.86646      0.96921      0.50859      0.56029      0.65859      0.71029
     3.08849      0.86056      0.96999      0.51320      0.56728      0.66320      0.71728
     3.09964      0.85466      0.97076      0.51786      0.57540      0.66786      0.72540
     3.11079      0.84877      0.97152      0.52257      0.58368      0.67257      0.73368
     3.12195      0.83959      0.97227      0.52734      0.59212      0.67734      0.74212
     3.13310      0.83002      0.97301      0.53216      0.60072      0.68216      0.75072
     3.14425      0.82045      0.97374      0.53703      0.60977      0.68703      0.75977
     3.15540      0.81091      0.97447      0.54195      0.61927      0.69195      0.76927
     3.16655      0.80144      0.97519      0.54693      0.62895      0.69693      0.77895
     3.17770      0.79206      0.97589      0.55196      0.63881      0.70196      0.78881
     3.18885      0.78280      0.97659      0.55705      0.64887      0.70705      0.79887
     3.20000      0.77369      0.97727      0.56219      0.65911      0.71219      0.80911
