# T/Tc, Ag_min^2, Ag_max^2, Aq_min^2, Aq_max^2
     0.98101      0.74712      0.89056      0.12379      0.16551
     0.99216      0.75834      0.89156      0.11927      0.15850
     1.00331      0.76845      0.89254      0.11495      0.15182
     1.01446      0.77822      0.89349      0.11082      0.14548
     1.02562      0.78779      0.89440      0.10688      0.13945
     1.03677      0.79714      0.89529      0.10312      0.13372
     1.04792      0.80624      0.89662      0.09954      0.12828
     1.05907      0.81509      0.89845      0.09613      0.12311
     1.07022      0.82368      0.90017      0.09289      0.11821
     1.08137      0.83199      0.90179      0.08980      0.11355
     1.09252      0.84002      0.90400      0.08688      0.10914
     1.10367      0.84775      0.90968      0.08409      0.10495
     1.11482      0.85517      0.91504      0.08145      0.10097
     1.12597      0.86092      0.92005      0.07895      0.09720
     1.13712      0.86654      0.92472      0.07658      0.09362
     1.14827      0.87202      0.92904      0.07433      0.09023
     1.15942      0.87736      0.93301      0.07220      0.08702
     1.17057      0.88253      0.93662      0.07019      0.08397
     1.18173      0.88755      0.93988      0.06829      0.08108
     1.19288      0.89239      0.94278      0.06649      0.07834
     1.20403      0.89705      0.94533      0.06478      0.07574
     1.21518      0.89918      0.94753      0.06318      0.07328
     1.22633      0.90002      0.94938      0.06166      0.07094
     1.23748      0.90085      0.95088      0.06023      0.06893
     1.24863      0.90168      0.95203      0.05889      0.06708
     1.25978      0.90250      0.95285      0.05762      0.06533
     1.27093      0.90330      0.95334      0.05642      0.06367
     1.28208      0.90309      0.95350      0.05530      0.06210
     1.29323      0.90283      0.95335      0.05424      0.06061
     1.30438      0.90250      0.95288      0.05306      0.05920
     1.31553      0.90212      0.95339      0.05190      0.05787
     1.32668      0.90168      0.95378      0.05083      0.05660
     1.33783      0.90119      0.95385      0.04982      0.05540
     1.34899      0.90065      0.95362      0.04887      0.05427
     1.36014      0.90005      0.95311      0.04799      0.05319
     1.37129      0.89940      0.95239      0.04717      0.05217
     1.38244      0.89870      0.95174      0.04641      0.05120
     1.39359      0.89796      0.95078      0.04570      0.05029
     1.40474      0.89716      0.94954      0.04506      0.04942
     1.41589      0.89633      0.94802      0.04446      0.04860
     1.42704      0.89544      0.94623      0.04391      0.04782
     1.43819      0.89452      0.94420      0.04320      0.04724
     1.44934      0.89356      0.94376      0.04249      0.04673
     1.46049      0.89257      0.94322      0.04182      0.04625
     1.47164      0.89154      0.94247      0.04119      0.04581
     1.48279      0.89047      0.94152      0.04060      0.04541
     1.49394      0.88938      0.94037      0.04005      0.04504
     1.50510      0.88826      0.93904      0.03954      0.04470
     1.51625      0.88712      0.93753      0.03907      0.04439
     1.52740      0.88596      0.93585      0.03863      0.04412
     1.53855      0.88478      0.93402      0.03824      0.04387
     1.54970      0.88359      0.93203      0.03788      0.04366
     1.56085      0.88080      0.92990      0.03757      0.04347
     1.57200      0.87632      0.92764      0.03729      0.04332
     1.58315      0.87185      0.92526      0.03706      0.04319
     1.59430      0.86741      0.92277      0.03687      0.04308
     1.60545      0.86301      0.92018      0.03673      0.04300
     1.61660      0.85866      0.91749      0.03663      0.04295
     1.62775      0.85440      0.91473      0.03659      0.04292
     1.63890      0.85022      0.91190      0.03659      0.04292
     1.65005      0.84615      0.90902      0.03664      0.04294
     1.66120      0.84220      0.90608      0.03675      0.04302
     1.67236      0.83839      0.90310      0.03685      0.04316
     1.68351      0.83472      0.90010      0.03682      0.04339
     1.69466      0.83122      0.89707      0.03683      0.04364
     1.70581      0.82790      0.89438      0.03686      0.04392
     1.71696      0.82476      0.89185      0.03692      0.04421
     1.72811      0.82183      0.88933      0.03701      0.04453
     1.73926      0.81910      0.88682      0.03713      0.04487
     1.75041      0.81660      0.88432      0.03728      0.04523
     1.76156      0.81433      0.88185      0.03747      0.04560
     1.77271      0.81230      0.87941      0.03768      0.04600
     1.78386      0.81053      0.87700      0.03792      0.04641
     1.79501      0.80900      0.87462      0.03820      0.04684
     1.80616      0.80774      0.87230      0.03850      0.04730
     1.81731      0.80674      0.87002      0.03884      0.04778
     1.82847      0.80601      0.86779      0.03921      0.04828
     1.83962      0.80555      0.86562      0.03962      0.04894
     1.85077      0.80508      0.86352      0.04005      0.04963
     1.86192      0.80445      0.86148      0.04052      0.05034
     1.87307      0.80408      0.85952      0.04103      0.05108
     1.88422      0.80398      0.85763      0.04157      0.05215
     1.89537      0.80415      0.85664      0.04214      0.05347
     1.90652      0.80459      0.85661      0.04274      0.05481
     1.91767      0.80531      0.85665      0.04339      0.05616
     1.92882      0.80630      0.85677      0.04406      0.05751
     1.93997      0.80757      0.85696      0.04477      0.05887
     1.95112      0.80910      0.85724      0.04552      0.06023
     1.96227      0.81090      0.85759      0.04630      0.06157
     1.97342      0.81192      0.85802      0.04711      0.06290
     1.98457      0.81155      0.85852      0.04796      0.06421
     1.99573      0.81135      0.85911      0.04885      0.06550
     2.00688      0.81131      0.85977      0.04977      0.06677
     2.01803      0.81144      0.86050      0.05072      0.06800
     2.02918      0.81174      0.86131      0.05171      0.06921
     2.04033      0.81221      0.86219      0.05273      0.07039
     2.05148      0.81285      0.86314      0.05378      0.07153
     2.06263      0.81367      0.86416      0.05487      0.07264
     2.07378      0.81465      0.86525      0.05589      0.07371
     2.08493      0.81580      0.86641      0.05693      0.07476
     2.09608      0.81712      0.86762      0.05799      0.07577
     2.10723      0.81861      0.86890      0.05907      0.07674
     2.11838      0.82026      0.87023      0.06018      0.07769
     2.12953      0.82207      0.87162      0.06131      0.07860
     2.14068      0.82404      0.87305      0.06246      0.07948
     2.15184      0.82617      0.87595      0.06364      0.08034
     2.16299      0.82845      0.87968      0.06484      0.08117
     2.17414      0.83088      0.88373      0.06605      0.08197
     2.18529      0.83346      0.88775      0.06691      0.08274
     2.19644      0.83618      0.89172      0.06778      0.08350
     2.20759      0.83904      0.89563      0.06867      0.08423
     2.21874      0.84202      0.89947      0.06957      0.08494
     2.22989      0.84514      0.90383      0.07048      0.08564
     2.24104      0.84837      0.90810      0.07141      0.08632
     2.25219      0.85059      0.91226      0.07235      0.08698
     2.26334      0.85267      0.91631      0.07331      0.08763
     2.27449      0.85486      0.92022      0.07428      0.08826
     2.28564      0.85713      0.92400      0.07527      0.08889
     2.29679      0.85949      0.92762      0.07627      0.08950
     2.30794      0.86193      0.93107      0.07729      0.09011
     2.31910      0.86444      0.93436      0.07833      0.09071
     2.33025      0.86702      0.93747      0.07939      0.09167
     2.34140      0.86966      0.94039      0.08047      0.09282
     2.35255      0.87236      0.94311      0.08157      0.09398
     2.36370      0.87511      0.94564      0.08269      0.09513
     2.37485      0.87791      0.94797      0.08384      0.09629
     2.38600      0.88073      0.95009      0.08500      0.09746
     2.39715      0.88359      0.95200      0.08619      0.09890
     2.40830      0.88647      0.95370      0.08741      0.10065
     2.41945      0.88935      0.95518      0.08866      0.10241
     2.43060      0.89225      0.95645      0.08993      0.10419
     2.44175      0.89514      0.95750      0.09123      0.10598
     2.45290      0.89801      0.95834      0.09257      0.10779
     2.46405      0.90087      0.95896      0.09393      0.10961
     2.47521      0.90369      0.95936      0.09533      0.11144
     2.48636      0.90648      0.95955      0.09677      0.11330
     2.49751      0.90921      0.95953      0.09825      0.11517
     2.50866      0.91188      0.95930      0.09976      0.11705
     2.51981      0.91449      0.95886      0.10131      0.11895
     2.53096      0.91701      0.95821      0.10291      0.12087
     2.54211      0.91945      0.95737      0.10381      0.12280
     2.55326      0.92083      0.95780      0.10466      0.12475
     2.56441      0.92086      0.95830      0.10554      0.12672
     2.57556      0.92047      0.95858      0.10647      0.12871
     2.58671      0.91920      0.95863      0.10743      0.13072
     2.59786      0.91783      0.95846      0.10845      0.13275
     2.60901      0.91636      0.95951      0.10951      0.13480
     2.62016      0.91481      0.96069      0.11062      0.13687
     2.63131      0.91317      0.96161      0.11179      0.13896
     2.64247      0.91145      0.96224      0.11302      0.14107
     2.65362      0.90965      0.96259      0.11433      0.14320
     2.66477      0.90777      0.96264      0.11570      0.14536
     2.67592      0.90582      0.96238      0.11715      0.14754
     2.68707      0.90379      0.96181      0.11868      0.14974
     2.69822      0.90170      0.96092      0.12030      0.15197
     2.70937      0.89954      0.95970      0.12202      0.15423
     2.72052      0.89732      0.95815      0.12384      0.15651
     2.73167      0.89504      0.95626      0.12577      0.15882
     2.74282      0.89270      0.95403      0.12782      0.16115
     2.75397      0.89031      0.95145      0.13000      0.16351
     2.76512      0.88786      0.94853      0.13231      0.16590
     2.77627      0.88536      0.94526      0.13476      0.16832
     2.78742      0.88282      0.94163      0.13737      0.17077
     2.79858      0.88022      0.93766      0.14015      0.17325
     2.80973      0.87759      0.93333      0.14310      0.17576
     2.82088      0.87491      0.92866      0.14624      0.17931
     2.83203      0.87220      0.92364      0.14958      0.18306
     2.84318      0.86945      0.91827      0.15313      0.18691
     2.85433      0.86666      0.91256      0.15690      0.19084
     2.86548      0.86245      0.90652      0.16092      0.19487
     2.87663      0.85716      0.90015      0.16519      0.19899
     2.88778      0.85177      0.89345      0.16974      0.20321
     2.89893      0.84628      0.88764      0.17456      0.20752
     2.91008      0.84069      0.88164      0.17969      0.21193
     2.92123      0.83502      0.87531      0.18514      0.21645
     2.93238      0.82926      0.86862      0.18898      0.22107
     2.94353      0.82342      0.86160      0.19142      0.22672
     2.95468      0.81751      0.85568      0.19389      0.23259
     2.96584      0.81153      0.85154      0.19638      0.23866
     2.97699      0.80549      0.84733      0.19891      0.24495
     2.98814      0.79939      0.84306      0.20146      0.25147
     2.99929      0.79324      0.83871      0.20404      0.25821
     3.01044      0.78703      0.83429      0.20665      0.26518
     3.02159      0.78079      0.82982      0.20929      0.27239
     3.03274      0.77451      0.82528      0.21196      0.27984
     3.04389      0.76819      0.82069      0.21465      0.28753
     3.05504      0.75992      0.81604      0.21738      0.29546
     3.06619      0.74931      0.81134      0.22014      0.30363
     3.07734      0.73856      0.80659      0.22293      0.31205
     3.08849      0.72768      0.80311      0.22575      0.32072
     3.09964      0.71669      0.79997      0.22861      0.32964
     3.11079      0.70559      0.79682      0.23149      0.34186
     3.12195      0.69441      0.79368      0.23441      0.35550
     3.13310      0.68315      0.79053      0.23736      0.36964
     3.14425      0.67183      0.78739      0.24034      0.38428
     3.15540      0.66046      0.78425      0.24335      0.39940
     3.16655      0.64905      0.78111      0.24640      0.41499
     3.17770      0.63762      0.77798      0.24948      0.43101
     3.18885      0.62618      0.77485      0.25259      0.44745
     3.20000      0.61474      0.77172      0.25573      0.46427
