# T/Tc, s/T3,chib, chis
     0.98101      6.29887      0.09438      0.26072
     1.00153      6.88921      0.10427      0.28892
     1.02204      7.54291      0.11464      0.31865
     1.04255      8.23916      0.12536      0.34954
     1.06307      8.94624      0.13627      0.38113
     1.08358      9.63064      0.14718      0.41292
     1.10410     10.26783      0.15791      0.44438
     1.12461     10.84746      0.16830      0.47503
     1.14512     11.37142      0.17819      0.50443
     1.16564     11.84783      0.18749      0.53223
     1.18615     12.28562      0.19613      0.55820
     1.20667     12.69219      0.20408      0.58224
     1.22718     13.07329      0.21136      0.60434
     1.24769     13.43342      0.21800      0.62458
     1.26821     13.77617      0.22406      0.64308
     1.28872     14.10424      0.22958      0.66002
     1.30924     14.41941      0.23463      0.67556
     1.32975     14.72248      0.23926      0.68987
     1.35026     15.01362      0.24353      0.70311
     1.37078     15.29229      0.24749      0.71543
     1.39129     15.55780      0.25117      0.72694
     1.41181     15.80924      0.25460      0.73774
     1.43232     16.04572      0.25783      0.74791
     1.45283     16.26660      0.26085      0.75753
     1.47335     16.47132      0.26371      0.76663
     1.49386     16.65970      0.26640      0.77526
     1.51438     16.83181      0.26895      0.78345
     1.53489     16.98807      0.27136      0.79123
     1.55540     17.12913      0.27364      0.79861
     1.57592     17.25592      0.27579      0.80561
     1.59643     17.36965      0.27783      0.81225
     1.61695     17.47165      0.27975      0.81854
     1.63746     17.56344      0.28157      0.82451
     1.65797     17.64658      0.28330      0.83016
     1.67849     17.72267      0.28493      0.83552
     1.69900     17.79321      0.28648      0.84061
     1.71952     17.85962      0.28795      0.84544
     1.74003     17.92313      0.28934      0.85003
     1.76054     17.98478      0.29066      0.85440
     1.78106     18.04538      0.29192      0.85855
     1.80157     18.10554      0.29312      0.86252
     1.82209     18.16564      0.29426      0.86630
     1.84260     18.22591      0.29535      0.86991
     1.86311     18.28640      0.29639      0.87336
     1.88363     18.34701      0.29739      0.87666
     1.90414     18.40758      0.29834      0.87982
     1.92465     18.46782      0.29924      0.88285
     1.94517     18.52744      0.30011      0.88574
     1.96568     18.58607      0.30093      0.88850
     1.98620     18.64331      0.30172      0.89114
     2.00671     18.69878      0.30247      0.89366
     2.02722     18.75208      0.30318      0.89607
     2.04774     18.80284      0.30385      0.89835
     2.06825     18.85075      0.30449      0.90053
     2.08877     18.89555      0.30510      0.90259
     2.10928     18.93708      0.30567      0.90454
     2.12979     18.97528      0.30620      0.90638
     2.15031     19.01015      0.30671      0.90812
     2.17082     19.04184      0.30718      0.90975
     2.19134     19.07055      0.30762      0.91128
     2.21185     19.09653      0.30803      0.91271
     2.23236     19.12009      0.30841      0.91405
     2.25288     19.14157      0.30876      0.91531
     2.27339     19.16128      0.30909      0.91647
     2.29391     19.17953      0.30939      0.91756
     2.31442     19.19657      0.30968      0.91858
     2.33493     19.21263      0.30994      0.91953
     2.35545     19.22788      0.31018      0.92042
     2.37596     19.24248      0.31041      0.92125
     2.39648     19.25657      0.31063      0.92204
     2.41699     19.27025      0.31083      0.92279
     2.43750     19.28362      0.31103      0.92351
     2.45802     19.29681      0.31121      0.92420
     2.47853     19.30994      0.31140      0.92487
     2.49905     19.32311      0.31158      0.92552
     2.51956     19.33643      0.31176      0.92617
     2.54007     19.35000      0.31193      0.92681
     2.56059     19.36386      0.31211      0.92746
     2.58110     19.37803      0.31229      0.92810
     2.60162     19.39243      0.31248      0.92875
     2.62213     19.40697      0.31267      0.92941
     2.64264     19.42145      0.31286      0.93008
     2.66316     19.43563      0.31305      0.93076
     2.68367     19.44924      0.31325      0.93145
     2.70419     19.46202      0.31346      0.93215
     2.72470     19.47374      0.31366      0.93285
     2.74521     19.48424      0.31387      0.93356
     2.76573     19.49348      0.31408      0.93428
     2.78624     19.50154      0.31429      0.93499
     2.80676     19.50862      0.31450      0.93570
     2.82727     19.51508      0.31471      0.93641
     2.84778     19.52137      0.31492      0.93711
     2.86830     19.52795      0.31512      0.93779
     2.88881     19.53531      0.31531      0.93845
     2.90933     19.54382      0.31550      0.93910
     2.92984     19.55379      0.31568      0.93971
     2.95035     19.56530      0.31585      0.94030
     2.97087     19.57830      0.31600      0.94085
     2.99138     19.59256      0.31615      0.94136
     3.01189     19.60765      0.31628      0.94183
     3.03241     19.62308      0.31639      0.94225
     3.05292     19.63820      0.31649      0.94262
     3.07344     19.65232      0.31657      0.94294
     3.09395     19.66469      0.31663      0.94321
     3.11446     19.67456      0.31667      0.94341
     3.13498     19.68122      0.31669      0.94355
     3.15549     19.68391      0.31669      0.94362
     3.17601     19.68194      0.31666      0.94362
     3.19652     19.67466      0.31661      0.94355
     3.21703     19.66147      0.31654      0.94341
     3.23755     19.64185      0.31643      0.94319
     3.25806     19.61534      0.31631      0.94289
     3.27858     19.58158      0.31615      0.94251
     3.29909     19.54033      0.31597      0.94205
     3.31960     19.49140      0.31576      0.94151
     3.34012     19.43477      0.31552      0.94089
     3.36063     19.37049      0.31526      0.94019
     3.38115     19.29871      0.31497      0.93940
     3.40166     19.21966      0.31466      0.93854
     3.42217     19.13368      0.31431      0.93760
     3.44269     19.04114      0.31395      0.93659
     3.46320     18.94248      0.31356      0.93550
     3.48372     18.83819      0.31315      0.93435
     3.50423     18.72877      0.31272      0.93314
     3.52474     18.61474      0.31227      0.93187
     3.54526     18.49667      0.31181      0.93054
     3.56577     18.37509      0.31133      0.92917
     3.58629     18.25057      0.31083      0.92775
     3.60680     18.12363      0.31033      0.92630
     3.62731     17.99484      0.30981      0.92481
     3.64783     17.86472      0.30929      0.92329
     3.66834     17.73380      0.30875      0.92176
     3.68886     17.60262      0.30822      0.92020
     3.70937     17.47164      0.30768      0.91863
     3.72988     17.34137      0.30713      0.91704
     3.75040     17.21228      0.30658      0.91545
     3.77091     17.08483      0.30603      0.91385
     3.79143     16.95945      0.30548      0.91224
     3.81194     16.83655      0.30493      0.91062
     3.83245     16.71654      0.30437      0.90900
     3.85297     16.59978      0.30381      0.90737
     3.87348     16.48661      0.30324      0.90572
     3.89400     16.37736      0.30267      0.90407
     3.91451     16.27232      0.30210      0.90240
     3.93502     16.17174      0.30152      0.90071
     3.95554     16.07586      0.30093      0.89899
     3.97605     15.98487      0.30033      0.89725
     3.99657     15.89892      0.29972      0.89548
     4.01708     15.81815      0.29910      0.89368
     4.03759     15.74261      0.29846      0.89184
     4.05811     15.67236      0.29782      0.88997
     4.07862     15.60735      0.29716      0.88805
     4.09913     15.54753      0.29649      0.88610
     4.11965     15.49278      0.29580      0.88410
     4.14016     15.44291      0.29510      0.88207
     4.16068     15.39768      0.29439      0.88000
     4.18119     15.35679      0.29367      0.87789
     4.20170     15.31990      0.29294      0.87575
     4.22222     15.28660      0.29220      0.87358
     4.24273     15.25645      0.29145      0.87138
     4.26325     15.22896      0.29070      0.86917
     4.28376     15.20362      0.28994      0.86695
     4.30427     15.17991      0.28919      0.86472
     4.32479     15.15732      0.28843      0.86250
     4.34530     15.13532      0.28768      0.86029
     4.36582     15.11343      0.28694      0.85809
     4.38633     15.09122      0.28621      0.85592
     4.40684     15.06829      0.28549      0.85378
     4.42736     15.04431      0.28478      0.85168
     4.44787     15.01902      0.28409      0.84962
     4.46839     14.99223      0.28342      0.84762
     4.48890     14.96386      0.28276      0.84567
     4.50941     14.93386      0.28213      0.84379
     4.52993     14.90231      0.28152      0.84197
     4.55044     14.86935      0.28093      0.84021
     4.57096     14.83520      0.28037      0.83853
     4.59147     14.80016      0.27983      0.83691
     4.61198     14.76459      0.27931      0.83536
     4.63250     14.72892      0.27881      0.83387
     4.65301     14.69365      0.27833      0.83245
     4.67353     14.65931      0.27787      0.83107
     4.69404     14.62649      0.27743      0.82975
     4.71455     14.59580      0.27699      0.82847
     4.73507     14.56785      0.27657      0.82722
     4.75558     14.54324      0.27616      0.82600
     4.77610     14.52251      0.27574      0.82479
     4.79661     14.50609      0.27533      0.82358
     4.81712     14.49420      0.27492      0.82237
     4.83764     14.48681      0.27450      0.82114
     4.85815     14.48349      0.27407      0.81988
     4.87867     14.48332      0.27362      0.81859
     4.89918     14.48479      0.27316      0.81725
     4.91969     14.48581      0.27268      0.81585
     4.94021     14.48368      0.27217      0.81438
     4.96072     14.47535      0.27164      0.81284
     4.98124     14.45771      0.27108      0.81122
     5.00175     14.42797      0.27049      0.80952
     5.02226     14.38407      0.26988      0.80773
     5.04278     14.32490      0.26923      0.80584
     5.06329     14.25046      0.26855      0.80386
