#1112.4416
#$T$ [MeV]     chi_2^I/T2 err    chi_2^U/T^2 err    $\chi_2^Q/T^2 err     $\chi_2^S/T^2$  err   $\chi_2^B/T^2$  err   $\chi_{11}^{us}/T^2$     $C_{BS}$
125     0.432     0.092     0.268     0.039     0.239     0.045     0.085     0.037     0.019     0.002     -0.0331     0.0157     0.2492     0.0811
130     0.481     0.087     0.311     0.019     0.269     0.044     0.101     0.010     0.027     0.008     -0.0376     0.080     0.3442     0.0492
135     0.523     0.078     0.359     0.015     0.300     0.042     0.124     0.015     0.040     0.012     -0.0397     0.087     0.4426     0.0573
140     0.566     0.059     0.405     0.022     0.327     0.034     0.155     0.016     0.055     0.015     -0.0438     0.0112     0.5040     0.0355
145     0.614     0.040     0.448     0.030     0.358     0.027     0.190     0.019     0.070     0.013     -0.0457     0.0127     0.5672     0.0484
150     0.641     0.034     0.496     0.036     0.376     0.017     0.226     0.016     0.087     0.011     -0.0469     0.0118     0.6416     0.0442
155     0.669     0.041     0.548     0.024     0.400     0.022     0.261     0.020     0.106     0.012     -0.0447     0.077     0.7090     0.0278
160     0.696     0.025     0.580     0.029     0.420     0.020     0.295     0.028     0.124     0.008     -0.0407     0.074     0.7575     0.0152
165     0.722     0.028     0.618     0.021     0.440     0.018     0.346     0.026     0.143     0.007     -0.0357     0.042     0.8024     0.0160
170     0.747     0.020     0.659     0.015     0.460     0.014     0.400     0.021     0.160     0.005     -0.0320     0.028     0.8398     0.0163
175     0.753     0.028     0.699     0.017     0.480     0.019     0.441     0.023     0.179     0.006     -0.0293     0.027     0.8697     0.0133
180     0.780     0.031     0.733     0.017     0.499     0.018     0.491     0.023     0.194     0.006     -0.0277     0.028     0.8931     0.089
185     0.799     0.024     0.760     0.016     0.502     0.015     0.533     0.021     0.207     0.006     -0.0241     0.014     0.9132     0.059
190     0.810     0.017     0.770     0.013     0.513     0.010     0.568     0.018     0.218     0.005     -0.0227     0.021     0.9317     0.038
200     0.827     0.015     0.799     0.015     0.530     0.010     0.636     0.015     0.235     0.005     -0.0197     0.022     0.9457     0.035
220     0.860     0.013     0.844     0.014     0.561     0.009     0.732     0.020     0.259     0.004     -0.0151     0.017     0.9616     0.052
240     0.881     0.018     0.868     0.016     0.578     0.012     0.791     0.022     0.273     0.006     -0.0107     0.011     0.9741     0.046
260     0.890     0.016     0.880     0.015     0.586     0.011     0.823     0.020     0.282     0.005     -0.0073     0.010     0.9822     0.054
280     0.895     0.012     0.888     0.012     0.592     0.008     0.845     0.012     0.287     0.004     -0.0052     0.07     0.9866     0.030
300     0.900     0.014     0.895     0.015     0.596     0.009     0.861     0.015     0.291     0.005     -0.0040     0.06     0.9889     0.027
320     0.904     0.015     0.900     0.016     0.600     0.010     0.873     0.015     0.294     0.005     -0.0033     0.08     0.9905     0.022
340     0.908     0.014     0.905     0.015     0.603     0.009     0.882     0.014     0.297     0.005     -0.0028     0.011     0.9920     0.020
360     0.911     0.014     0.908     0.014     0.605     0.009     0.889     0.014     0.299     0.005     -0.0024     0.09     0.9932     0.034
380     0.913     0.015     0.911     0.015     0.607     0.010     0.894     0.016     0.300     0.005     -0.0018     0.010     0.9943     0.039
400     0.915     0.016     0.913     0.017     0.608     0.011     0.899     0.016     0.302     0.005     -0.0012     0.011     0.9953     0.036

