#data from preprint arXiv: 2202.05574v1 Fig 8,9,12
#muB/T	T[MeV]	p/T^4	error	nB/T^3	error	s/T^4	error	e/T^4	error	muS/muB	error	chiS2	error	chiBS11/chiS2	error	d2PdR2	error
0.0	140	5.010e-01	9.780e-02	0.000e+00	0.000e+00	3.730e+00	5.430e-01	3.229e+00	4.479e-01	1.540e-01	2.118e-03	1.613e-01	1.130e-03	1.540e-01	2.118e-03	0.000e+00	0.000e+00	
0.0	141	5.134e-01	9.613e-02	0.000e+00	0.000e+00	3.831e+00	5.513e-01	3.317e+00	4.581e-01	1.591e-01	2.351e-03	1.675e-01	1.157e-03	1.591e-01	2.351e-03	0.000e+00	0.000e+00	
0.0	142	5.260e-01	9.429e-02	0.000e+00	0.000e+00	3.931e+00	5.583e-01	3.405e+00	4.665e-01	1.642e-01	2.550e-03	1.740e-01	1.183e-03	1.642e-01	2.550e-03	0.000e+00	0.000e+00	
0.0	143	5.389e-01	9.254e-02	0.000e+00	0.000e+00	4.032e+00	5.642e-01	3.493e+00	4.737e-01	1.695e-01	2.708e-03	1.807e-01	1.213e-03	1.695e-01	2.708e-03	0.000e+00	0.000e+00	
0.0	144	5.519e-01	9.099e-02	0.000e+00	0.000e+00	4.135e+00	5.688e-01	3.583e+00	4.796e-01	1.747e-01	2.819e-03	1.877e-01	1.249e-03	1.747e-01	2.819e-03	0.000e+00	0.000e+00	
0.0	145	5.650e-01	8.950e-02	0.000e+00	0.000e+00	4.240e+00	5.720e-01	3.675e+00	4.841e-01	1.801e-01	2.879e-03	1.949e-01	1.286e-03	1.801e-01	2.879e-03	0.000e+00	0.000e+00	
0.0	146	5.781e-01	8.790e-02	0.000e+00	0.000e+00	4.349e+00	5.735e-01	3.771e+00	4.869e-01	1.854e-01	2.885e-03	2.024e-01	1.319e-03	1.854e-01	2.885e-03	0.000e+00	0.000e+00	
0.0	147	5.914e-01	8.627e-02	0.000e+00	0.000e+00	4.460e+00	5.735e-01	3.869e+00	4.882e-01	1.908e-01	2.848e-03	2.101e-01	1.345e-03	1.908e-01	2.848e-03	0.000e+00	0.000e+00	
0.0	148	6.049e-01	8.478e-02	0.000e+00	0.000e+00	4.574e+00	5.719e-01	3.969e+00	4.880e-01	1.962e-01	2.779e-03	2.180e-01	1.367e-03	1.962e-01	2.779e-03	0.000e+00	0.000e+00	
0.0	149	6.187e-01	8.349e-02	0.000e+00	0.000e+00	4.687e+00	5.683e-01	4.068e+00	4.859e-01	2.016e-01	2.690e-03	2.261e-01	1.387e-03	2.016e-01	2.690e-03	0.000e+00	0.000e+00	
0.0	150	6.330e-01	8.230e-02	0.000e+00	0.000e+00	4.800e+00	5.620e-01	4.167e+00	4.811e-01	2.069e-01	2.592e-03	2.343e-01	1.406e-03	2.069e-01	2.592e-03	0.000e+00	0.000e+00	
0.0	151	6.479e-01	8.111e-02	0.000e+00	0.000e+00	4.911e+00	5.526e-01	4.263e+00	4.731e-01	2.121e-01	2.495e-03	2.427e-01	1.424e-03	2.121e-01	2.495e-03	0.000e+00	0.000e+00	
0.0	152	6.633e-01	7.996e-02	0.000e+00	0.000e+00	5.021e+00	5.408e-01	4.358e+00	4.627e-01	2.172e-01	2.411e-03	2.512e-01	1.446e-03	2.172e-01	2.411e-03	0.000e+00	0.000e+00	
0.0	153	6.791e-01	7.894e-02	0.000e+00	0.000e+00	5.131e+00	5.273e-01	4.451e+00	4.506e-01	2.221e-01	2.349e-03	2.599e-01	1.474e-03	2.221e-01	2.349e-03	0.000e+00	0.000e+00	
0.0	154	6.954e-01	7.800e-02	0.000e+00	0.000e+00	5.240e+00	5.118e-01	4.545e+00	4.364e-01	2.269e-01	2.310e-03	2.686e-01	1.505e-03	2.269e-01	2.310e-03	0.000e+00	0.000e+00	
0.0	155	7.120e-01	7.700e-02	0.000e+00	0.000e+00	5.350e+00	4.940e-01	4.638e+00	4.193e-01	2.315e-01	2.288e-03	2.774e-01	1.534e-03	2.315e-01	2.288e-03	0.000e+00	0.000e+00	
0.0	156	7.289e-01	7.591e-02	0.000e+00	0.000e+00	5.461e+00	4.741e-01	4.732e+00	3.996e-01	2.359e-01	2.271e-03	2.863e-01	1.554e-03	2.359e-01	2.271e-03	0.000e+00	0.000e+00	
0.0	157	7.460e-01	7.498e-02	0.000e+00	0.000e+00	5.574e+00	4.548e-01	4.828e+00	3.806e-01	2.401e-01	2.249e-03	2.952e-01	1.565e-03	2.401e-01	2.249e-03	0.000e+00	0.000e+00	
0.0	158	7.633e-01	7.439e-02	0.000e+00	0.000e+00	5.688e+00	4.382e-01	4.925e+00	3.654e-01	2.441e-01	2.210e-03	3.041e-01	1.572e-03	2.441e-01	2.210e-03	0.000e+00	0.000e+00	
0.0	159	7.806e-01	7.402e-02	0.000e+00	0.000e+00	5.803e+00	4.247e-01	5.023e+00	3.540e-01	2.478e-01	2.144e-03	3.131e-01	1.580e-03	2.478e-01	2.144e-03	0.000e+00	0.000e+00	
0.0	160	7.980e-01	7.350e-02	0.000e+00	0.000e+00	5.920e+00	4.120e-01	5.122e+00	3.435e-01	2.514e-01	2.040e-03	3.221e-01	1.595e-03	2.514e-01	2.040e-03	0.000e+00	0.000e+00	
0.0	161	8.153e-01	7.257e-02	0.000e+00	0.000e+00	6.038e+00	3.978e-01	5.223e+00	3.303e-01	2.547e-01	1.896e-03	3.312e-01	1.624e-03	2.547e-01	1.896e-03	0.000e+00	0.000e+00	
0.0	162	8.327e-01	7.152e-02	0.000e+00	0.000e+00	6.158e+00	3.828e-01	5.326e+00	3.150e-01	2.577e-01	1.726e-03	3.402e-01	1.673e-03	2.577e-01	1.726e-03	0.000e+00	0.000e+00	
0.0	163	8.502e-01	7.073e-02	0.000e+00	0.000e+00	6.282e+00	3.693e-01	5.431e+00	3.008e-01	2.606e-01	1.553e-03	3.493e-01	1.741e-03	2.606e-01	1.553e-03	0.000e+00	0.000e+00	
0.0	164	8.680e-01	7.036e-02	0.000e+00	0.000e+00	6.409e+00	3.588e-01	5.541e+00	2.896e-01	2.633e-01	1.400e-03	3.583e-01	1.824e-03	2.633e-01	1.400e-03	0.000e+00	0.000e+00	
0.0	165	8.860e-01	7.020e-02	0.000e+00	0.000e+00	6.540e+00	3.510e-01	5.654e+00	2.817e-01	2.659e-01	1.286e-03	3.674e-01	1.913e-03	2.659e-01	1.286e-03	0.000e+00	0.000e+00	
0.0	166	9.044e-01	6.987e-02	0.000e+00	0.000e+00	6.676e+00	3.446e-01	5.772e+00	2.757e-01	2.683e-01	1.214e-03	3.764e-01	2.000e-03	2.683e-01	1.214e-03	0.000e+00	0.000e+00	
0.0	167	9.232e-01	6.925e-02	0.000e+00	0.000e+00	6.816e+00	3.390e-01	5.893e+00	2.707e-01	2.706e-01	1.173e-03	3.854e-01	2.076e-03	2.706e-01	1.173e-03	0.000e+00	0.000e+00	
0.0	168	9.422e-01	6.844e-02	0.000e+00	0.000e+00	6.958e+00	3.343e-01	6.016e+00	2.667e-01	2.728e-01	1.152e-03	3.944e-01	2.137e-03	2.728e-01	1.152e-03	0.000e+00	0.000e+00	
0.0	169	9.615e-01	6.753e-02	0.000e+00	0.000e+00	7.100e+00	3.305e-01	6.138e+00	2.636e-01	2.749e-01	1.142e-03	4.033e-01	2.181e-03	2.749e-01	1.142e-03	0.000e+00	0.000e+00	
0.0	170	9.810e-01	6.660e-02	0.000e+00	0.000e+00	7.240e+00	3.270e-01	6.259e+00	2.609e-01	2.768e-01	1.136e-03	4.122e-01	2.203e-03	2.768e-01	1.136e-03	0.000e+00	0.000e+00	
0.0	171	1.001e+00	6.569e-02	0.000e+00	0.000e+00	7.377e+00	3.231e-01	6.377e+00	2.578e-01	2.787e-01	1.135e-03	4.211e-01	2.203e-03	2.787e-01	1.135e-03	0.000e+00	0.000e+00	
0.0	172	1.020e+00	6.491e-02	0.000e+00	0.000e+00	7.512e+00	3.190e-01	6.492e+00	2.548e-01	2.806e-01	1.135e-03	4.299e-01	2.184e-03	2.806e-01	1.135e-03	0.000e+00	0.000e+00	
0.0	173	1.040e+00	6.428e-02	0.000e+00	0.000e+00	7.644e+00	3.152e-01	6.604e+00	2.523e-01	2.823e-01	1.134e-03	4.386e-01	2.151e-03	2.823e-01	1.134e-03	0.000e+00	0.000e+00	
0.0	174	1.060e+00	6.371e-02	0.000e+00	0.000e+00	7.773e+00	3.114e-01	6.713e+00	2.497e-01	2.840e-01	1.129e-03	4.473e-01	2.108e-03	2.840e-01	1.129e-03	0.000e+00	0.000e+00	
0.0	175	1.080e+00	6.300e-02	0.000e+00	0.000e+00	7.900e+00	3.070e-01	6.820e+00	2.460e-01	2.855e-01	1.117e-03	4.560e-01	2.062e-03	2.855e-01	1.117e-03	0.000e+00	0.000e+00	
0.0	176	1.100e+00	6.208e-02	0.000e+00	0.000e+00	8.025e+00	3.017e-01	6.925e+00	2.409e-01	2.871e-01	1.094e-03	4.645e-01	2.015e-03	2.871e-01	1.094e-03	0.000e+00	0.000e+00	
0.0	177	1.120e+00	6.117e-02	0.000e+00	0.000e+00	8.148e+00	2.962e-01	7.028e+00	2.357e-01	2.885e-01	1.061e-03	4.730e-01	1.971e-03	2.885e-01	1.061e-03	0.000e+00	0.000e+00	
0.0	178	1.140e+00	6.052e-02	0.000e+00	0.000e+00	8.268e+00	2.914e-01	7.128e+00	2.316e-01	2.899e-01	1.021e-03	4.815e-01	1.931e-03	2.899e-01	1.021e-03	0.000e+00	0.000e+00	
0.0	179	1.160e+00	6.019e-02	0.000e+00	0.000e+00	8.385e+00	2.870e-01	7.225e+00	2.282e-01	2.913e-01	9.759e-04	4.898e-01	1.896e-03	2.913e-01	9.759e-04	0.000e+00	0.000e+00	
0.0	180	1.180e+00	6.000e-02	0.000e+00	0.000e+00	8.500e+00	2.820e-01	7.320e+00	2.240e-01	2.926e-01	9.290e-04	4.981e-01	1.869e-03	2.926e-01	9.290e-04	0.000e+00	0.000e+00	
0.0	181	1.200e+00	5.970e-02	0.000e+00	0.000e+00	8.611e+00	2.761e-01	7.412e+00	2.180e-01	2.938e-01	8.824e-04	5.063e-01	1.852e-03	2.938e-01	8.824e-04	0.000e+00	0.000e+00	
0.0	182	1.219e+00	5.926e-02	0.000e+00	0.000e+00	8.720e+00	2.709e-01	7.501e+00	2.125e-01	2.950e-01	8.371e-04	5.144e-01	1.846e-03	2.950e-01	8.371e-04	0.000e+00	0.000e+00	
0.0	183	1.239e+00	5.879e-02	0.000e+00	0.000e+00	8.826e+00	2.680e-01	7.586e+00	2.098e-01	2.962e-01	7.938e-04	5.223e-01	1.851e-03	2.962e-01	7.938e-04	0.000e+00	0.000e+00	
0.0	184	1.259e+00	5.836e-02	0.000e+00	0.000e+00	8.929e+00	2.676e-01	7.670e+00	2.101e-01	2.973e-01	7.533e-04	5.302e-01	1.865e-03	2.973e-01	7.533e-04	0.000e+00	0.000e+00	
0.0	185	1.280e+00	5.800e-02	0.000e+00	0.000e+00	9.030e+00	2.680e-01	7.750e+00	2.115e-01	2.984e-01	7.164e-04	5.380e-01	1.886e-03	2.984e-01	7.164e-04	0.000e+00	0.000e+00	
0.0	186	1.302e+00	5.766e-02	0.000e+00	0.000e+00	9.129e+00	2.679e-01	7.828e+00	2.118e-01	2.994e-01	6.836e-04	5.457e-01	1.912e-03	2.994e-01	6.836e-04	0.000e+00	0.000e+00	
0.0	187	1.324e+00	5.734e-02	0.000e+00	0.000e+00	9.227e+00	2.680e-01	7.903e+00	2.117e-01	3.004e-01	6.548e-04	5.532e-01	1.938e-03	3.004e-01	6.548e-04	0.000e+00	0.000e+00	
0.0	188	1.346e+00	5.704e-02	0.000e+00	0.000e+00	9.323e+00	2.694e-01	7.977e+00	2.131e-01	3.014e-01	6.295e-04	5.607e-01	1.962e-03	3.014e-01	6.295e-04	0.000e+00	0.000e+00	
0.0	189	1.368e+00	5.677e-02	0.000e+00	0.000e+00	9.417e+00	2.724e-01	8.049e+00	2.165e-01	3.023e-01	6.074e-04	5.680e-01	1.982e-03	3.023e-01	6.074e-04	0.000e+00	0.000e+00	
0.0	190	1.390e+00	5.650e-02	0.000e+00	0.000e+00	9.510e+00	2.760e-01	8.120e+00	2.208e-01	3.032e-01	5.881e-04	5.752e-01	1.995e-03	3.032e-01	5.881e-04	0.000e+00	0.000e+00	
0.0	191	1.411e+00	5.626e-02	0.000e+00	0.000e+00	9.601e+00	2.788e-01	8.190e+00	2.242e-01	3.041e-01	5.711e-04	5.823e-01	1.999e-03	3.041e-01	5.711e-04	0.000e+00	0.000e+00	
0.0	192	1.432e+00	5.613e-02	0.000e+00	0.000e+00	9.691e+00	2.808e-01	8.259e+00	2.269e-01	3.049e-01	5.559e-04	5.892e-01	1.993e-03	3.049e-01	5.559e-04	0.000e+00	0.000e+00	
0.0	193	1.452e+00	5.608e-02	0.000e+00	0.000e+00	9.777e+00	2.830e-01	8.325e+00	2.297e-01	3.057e-01	5.419e-04	5.960e-01	1.978e-03	3.057e-01	5.419e-04	0.000e+00	0.000e+00	
0.0	194	1.471e+00	5.597e-02	0.000e+00	0.000e+00	9.861e+00	2.859e-01	8.389e+00	2.333e-01	3.065e-01	5.288e-04	6.027e-01	1.953e-03	3.065e-01	5.288e-04	0.000e+00	0.000e+00	
0.0	195	1.490e+00	5.560e-02	0.000e+00	0.000e+00	9.940e+00	2.900e-01	8.450e+00	2.378e-01	3.072e-01	5.159e-04	6.092e-01	1.918e-03	3.072e-01	5.159e-04	0.000e+00	0.000e+00	
0.0	196	1.508e+00	5.496e-02	0.000e+00	0.000e+00	1.001e+01	2.950e-01	8.507e+00	2.429e-01	3.080e-01	5.029e-04	6.156e-01	1.876e-03	3.080e-01	5.029e-04	0.000e+00	0.000e+00	
0.0	197	1.526e+00	5.440e-02	0.000e+00	0.000e+00	1.009e+01	3.006e-01	8.561e+00	2.481e-01	3.087e-01	4.898e-04	6.220e-01	1.826e-03	3.087e-01	4.898e-04	0.000e+00	0.000e+00	
0.0	198	1.543e+00	5.420e-02	0.000e+00	0.000e+00	1.016e+01	3.057e-01	8.614e+00	2.529e-01	3.094e-01	4.764e-04	6.281e-01	1.773e-03	3.094e-01	4.764e-04	0.000e+00	0.000e+00	
0.0	199	1.561e+00	5.437e-02	0.000e+00	0.000e+00	1.023e+01	3.095e-01	8.666e+00	2.564e-01	3.100e-01	4.630e-04	6.342e-01	1.717e-03	3.100e-01	4.630e-04	0.000e+00	0.000e+00	
0.0	200	1.580e+00	5.460e-02	0.000e+00	0.000e+00	1.030e+01	3.110e-01	8.720e+00	2.575e-01	3.106e-01	4.497e-04	6.401e-01	1.662e-03	3.106e-01	4.497e-04	0.000e+00	0.000e+00	
0.0	201	1.600e+00	5.454e-02	0.000e+00	0.000e+00	1.038e+01	3.100e-01	8.776e+00	2.562e-01	3.113e-01	4.367e-04	6.459e-01	1.609e-03	3.113e-01	4.367e-04	0.000e+00	0.000e+00	
0.0	202	1.620e+00	5.424e-02	0.000e+00	0.000e+00	1.045e+01	3.080e-01	8.834e+00	2.543e-01	3.118e-01	4.244e-04	6.516e-01	1.561e-03	3.118e-01	4.244e-04	0.000e+00	0.000e+00	
0.0	203	1.640e+00	5.390e-02	0.000e+00	0.000e+00	1.053e+01	3.064e-01	8.895e+00	2.531e-01	3.124e-01	4.133e-04	6.572e-01	1.519e-03	3.124e-01	4.133e-04	0.000e+00	0.000e+00	
0.0	204	1.660e+00	5.366e-02	0.000e+00	0.000e+00	1.062e+01	3.054e-01	8.957e+00	2.527e-01	3.129e-01	4.038e-04	6.627e-01	1.486e-03	3.129e-01	4.038e-04	0.000e+00	0.000e+00	
0.0	205	1.680e+00	5.350e-02	0.000e+00	0.000e+00	1.070e+01	3.040e-01	9.020e+00	2.519e-01	3.135e-01	3.963e-04	6.680e-01	1.462e-03	3.135e-01	3.963e-04	0.000e+00	0.000e+00	
0.0	206	1.699e+00	5.331e-02	0.000e+00	0.000e+00	1.078e+01	3.013e-01	9.084e+00	2.493e-01	3.140e-01	3.910e-04	6.732e-01	1.449e-03	3.140e-01	3.910e-04	0.000e+00	0.000e+00	
0.0	207	1.717e+00	5.307e-02	0.000e+00	0.000e+00	1.087e+01	2.977e-01	9.149e+00	2.455e-01	3.144e-01	3.882e-04	6.783e-01	1.445e-03	3.144e-01	3.882e-04	0.000e+00	0.000e+00	
0.0	208	1.735e+00	5.282e-02	0.000e+00	0.000e+00	1.095e+01	2.939e-01	9.212e+00	2.417e-01	3.149e-01	3.878e-04	6.833e-01	1.450e-03	3.149e-01	3.878e-04	0.000e+00	0.000e+00	
0.0	209	1.753e+00	5.258e-02	0.000e+00	0.000e+00	1.103e+01	2.905e-01	9.273e+00	2.385e-01	3.153e-01	3.897e-04	6.882e-01	1.463e-03	3.153e-01	3.897e-04	0.000e+00	0.000e+00	
0.0	210	1.770e+00	5.230e-02	0.000e+00	0.000e+00	1.110e+01	2.870e-01	9.330e+00	2.354e-01	3.158e-01	3.938e-04	6.929e-01	1.483e-03	3.158e-01	3.938e-04	0.000e+00	0.000e+00	
0.0	211	1.788e+00	5.197e-02	0.000e+00	0.000e+00	1.117e+01	2.826e-01	9.383e+00	2.313e-01	3.162e-01	3.999e-04	6.976e-01	1.507e-03	3.162e-01	3.999e-04	0.000e+00	0.000e+00	
0.0	212	1.805e+00	5.170e-02	0.000e+00	0.000e+00	1.124e+01	2.773e-01	9.431e+00	2.262e-01	3.166e-01	4.076e-04	7.021e-01	1.535e-03	3.166e-01	4.076e-04	0.000e+00	0.000e+00	
0.0	213	1.823e+00	5.157e-02	0.000e+00	0.000e+00	1.130e+01	2.715e-01	9.474e+00	2.206e-01	3.170e-01	4.165e-04	7.065e-01	1.567e-03	3.170e-01	4.165e-04	0.000e+00	0.000e+00	
0.0	214	1.842e+00	5.159e-02	0.000e+00	0.000e+00	1.135e+01	2.660e-01	9.510e+00	2.152e-01	3.173e-01	4.265e-04	7.108e-01	1.601e-03	3.173e-01	4.265e-04	0.000e+00	0.000e+00	
0.0	215	1.860e+00	5.170e-02	0.000e+00	0.000e+00	1.140e+01	2.610e-01	9.540e+00	2.105e-01	3.177e-01	4.371e-04	7.150e-01	1.639e-03	3.177e-01	4.371e-04	0.000e+00	0.000e+00	
0.0	216	1.879e+00	5.188e-02	0.000e+00	0.000e+00	1.144e+01	2.570e-01	9.564e+00	2.066e-01	3.180e-01	4.481e-04	7.191e-01	1.680e-03	3.180e-01	4.481e-04	0.000e+00	0.000e+00	
0.0	217	1.897e+00	5.216e-02	0.000e+00	0.000e+00	1.148e+01	2.541e-01	9.583e+00	2.038e-01	3.183e-01	4.593e-04	7.231e-01	1.724e-03	3.183e-01	4.593e-04	0.000e+00	0.000e+00	
0.0	218	1.915e+00	5.254e-02	0.000e+00	0.000e+00	1.152e+01	2.520e-01	9.602e+00	2.017e-01	3.186e-01	4.705e-04	7.270e-01	1.768e-03	3.186e-01	4.705e-04	0.000e+00	0.000e+00	
0.0	219	1.933e+00	5.295e-02	0.000e+00	0.000e+00	1.156e+01	2.505e-01	9.623e+00	1.999e-01	3.189e-01	4.816e-04	7.308e-01	1.811e-03	3.189e-01	4.816e-04	0.000e+00	0.000e+00	
0.0	220	1.950e+00	5.320e-02	0.000e+00	0.000e+00	1.160e+01	2.490e-01	9.650e+00	1.978e-01	3.192e-01	4.927e-04	7.346e-01	1.850e-03	3.192e-01	4.927e-04	0.000e+00	0.000e+00	
0.0	221	1.966e+00	5.323e-02	0.000e+00	0.000e+00	1.165e+01	2.472e-01	9.684e+00	1.954e-01	3.195e-01	5.036e-04	7.382e-01	1.883e-03	3.195e-01	5.036e-04	0.000e+00	0.000e+00	
0.0	222	1.982e+00	5.326e-02	0.000e+00	0.000e+00	1.171e+01	2.456e-01	9.725e+00	1.936e-01	3.198e-01	5.140e-04	7.417e-01	1.910e-03	3.198e-01	5.140e-04	0.000e+00	0.000e+00	
0.0	223	1.998e+00	5.347e-02	0.000e+00	0.000e+00	1.177e+01	2.448e-01	9.771e+00	1.929e-01	3.200e-01	5.233e-04	7.451e-01	1.928e-03	3.200e-01	5.233e-04	0.000e+00	0.000e+00	
0.0	224	2.014e+00	5.390e-02	0.000e+00	0.000e+00	1.183e+01	2.448e-01	9.820e+00	1.933e-01	3.203e-01	5.309e-04	7.485e-01	1.937e-03	3.203e-01	5.309e-04	0.000e+00	0.000e+00	
0.0	225	2.030e+00	5.440e-02	0.000e+00	0.000e+00	1.190e+01	2.450e-01	9.870e+00	1.938e-01	3.205e-01	5.364e-04	7.518e-01	1.936e-03	3.205e-01	5.364e-04	0.000e+00	0.000e+00	
0.0	226	2.047e+00	5.476e-02	0.000e+00	0.000e+00	1.197e+01	2.451e-01	9.919e+00	1.936e-01	3.208e-01	5.391e-04	7.550e-01	1.922e-03	3.208e-01	5.391e-04	0.000e+00	0.000e+00	
0.0	227	2.065e+00	5.499e-02	0.000e+00	0.000e+00	1.203e+01	2.452e-01	9.966e+00	1.931e-01	3.210e-01	5.392e-04	7.581e-01	1.898e-03	3.210e-01	5.392e-04	0.000e+00	0.000e+00	
0.0	228	2.084e+00	5.516e-02	0.000e+00	0.000e+00	1.209e+01	2.457e-01	1.001e+01	1.928e-01	3.212e-01	5.367e-04	7.611e-01	1.866e-03	3.212e-01	5.367e-04	0.000e+00	0.000e+00	
0.0	229	2.102e+00	5.537e-02	0.000e+00	0.000e+00	1.215e+01	2.464e-01	1.005e+01	1.929e-01	3.214e-01	5.317e-04	7.641e-01	1.829e-03	3.214e-01	5.317e-04	0.000e+00	0.000e+00	
0.0	230	2.120e+00	5.560e-02	0.000e+00	0.000e+00	1.220e+01	2.470e-01	1.008e+01	1.929e-01	3.216e-01	5.244e-04	7.670e-01	1.788e-03	3.216e-01	5.244e-04	0.000e+00	0.000e+00	
0.0	231	2.137e+00	5.583e-02	0.000e+00	0.000e+00	1.224e+01	2.470e-01	1.010e+01	1.923e-01	3.219e-01	5.150e-04	7.698e-01	1.745e-03	3.219e-01	5.150e-04	0.000e+00	0.000e+00	
0.0	232	2.154e+00	5.606e-02	0.000e+00	0.000e+00	1.228e+01	2.469e-01	1.013e+01	1.918e-01	3.220e-01	5.037e-04	7.725e-01	1.704e-03	3.220e-01	5.037e-04	0.000e+00	0.000e+00	
0.0	233	2.170e+00	5.628e-02	0.000e+00	0.000e+00	1.232e+01	2.471e-01	1.015e+01	1.918e-01	3.222e-01	4.912e-04	7.752e-01	1.666e-03	3.222e-01	4.912e-04	0.000e+00	0.000e+00	
0.0	234	2.185e+00	5.645e-02	0.000e+00	0.000e+00	1.235e+01	2.479e-01	1.017e+01	1.926e-01	3.224e-01	4.779e-04	7.779e-01	1.634e-03	3.224e-01	4.779e-04	0.000e+00	0.000e+00	
0.0	235	2.200e+00	5.650e-02	0.000e+00	0.000e+00	1.240e+01	2.490e-01	1.020e+01	1.937e-01	3.226e-01	4.640e-04	7.804e-01	1.607e-03	3.226e-01	4.640e-04	0.000e+00	0.000e+00	
0.0	236	2.214e+00	5.646e-02	0.000e+00	0.000e+00	1.245e+01	2.500e-01	1.024e+01	1.945e-01	3.228e-01	4.499e-04	7.830e-01	1.586e-03	3.228e-01	4.499e-04	0.000e+00	0.000e+00	
0.0	237	2.228e+00	5.650e-02	0.000e+00	0.000e+00	1.252e+01	2.509e-01	1.029e+01	1.953e-01	3.230e-01	4.363e-04	7.854e-01	1.570e-03	3.230e-01	4.363e-04	0.000e+00	0.000e+00	
0.0	238	2.241e+00	5.673e-02	0.000e+00	0.000e+00	1.258e+01	2.516e-01	1.034e+01	1.961e-01	3.231e-01	4.243e-04	7.879e-01	1.559e-03	3.231e-01	4.243e-04	0.000e+00	0.000e+00	
0.0	239	2.255e+00	5.708e-02	0.000e+00	0.000e+00	1.264e+01	2.521e-01	1.039e+01	1.967e-01	3.233e-01	4.148e-04	7.902e-01	1.553e-03	3.233e-01	4.148e-04	0.000e+00	0.000e+00	
0.0	240	2.270e+00	5.740e-02	0.000e+00	0.000e+00	1.270e+01	2.520e-01	1.043e+01	1.964e-01	3.234e-01	4.089e-04	7.925e-01	1.559e-03	3.234e-01	4.089e-04	0.000e+00	0.000e+00	
0.0	241	2.285e+00	5.754e-02	0.000e+00	0.000e+00	1.275e+01	2.515e-01	1.046e+01	1.952e-01	3.236e-01	4.073e-04	7.947e-01	1.582e-03	3.236e-01	4.073e-04	0.000e+00	0.000e+00	
0.0	242	2.302e+00	5.762e-02	0.000e+00	0.000e+00	1.279e+01	2.514e-01	1.049e+01	1.944e-01	3.237e-01	4.070e-04	7.969e-01	1.619e-03	3.237e-01	4.070e-04	0.000e+00	0.000e+00	
0.0	243	2.318e+00	5.779e-02	0.000e+00	0.000e+00	1.283e+01	2.522e-01	1.051e+01	1.950e-01	3.239e-01	4.040e-04	7.991e-01	1.654e-03	3.239e-01	4.040e-04	0.000e+00	0.000e+00	
0.0	244	2.334e+00	5.805e-02	0.000e+00	0.000e+00	1.286e+01	2.537e-01	1.053e+01	1.968e-01	3.241e-01	3.936e-04	8.012e-01	1.666e-03	3.241e-01	3.936e-04	0.000e+00	0.000e+00	
0.0	245	2.350e+00	5.830e-02	0.000e+00	0.000e+00	1.290e+01	2.550e-01	1.055e+01	1.986e-01	3.242e-01	3.717e-04	8.034e-01	1.635e-03	3.242e-01	3.717e-04	0.000e+00	0.000e+00	
0.0	246	2.365e+00	5.842e-02	0.000e+00	0.000e+00	1.294e+01	2.554e-01	1.057e+01	1.989e-01	3.244e-01	3.376e-04	8.057e-01	1.572e-03	3.244e-01	3.376e-04	0.000e+00	0.000e+00	
0.0	247	2.379e+00	5.846e-02	0.000e+00	0.000e+00	1.298e+01	2.552e-01	1.060e+01	1.982e-01	3.245e-01	2.998e-04	8.080e-01	1.530e-03	3.245e-01	2.998e-04	0.000e+00	0.000e+00	
0.0	248	2.393e+00	5.856e-02	0.000e+00	0.000e+00	1.302e+01	2.553e-01	1.062e+01	1.978e-01	3.247e-01	2.687e-04	8.102e-01	1.553e-03	3.247e-01	2.687e-04	0.000e+00	0.000e+00	
0.0	249	2.407e+00	5.879e-02	0.000e+00	0.000e+00	1.306e+01	2.560e-01	1.065e+01	1.982e-01	3.249e-01	2.515e-04	8.124e-01	1.641e-03	3.249e-01	2.515e-04	0.000e+00	0.000e+00	
0.0	250	2.420e+00	5.910e-02	0.000e+00	0.000e+00	1.310e+01	2.570e-01	1.068e+01	1.993e-01	3.250e-01	2.467e-04	8.145e-01	1.745e-03	3.250e-01	2.467e-04	0.000e+00	0.000e+00	
0.0	251	2.433e+00	5.938e-02	0.000e+00	0.000e+00	1.314e+01	2.578e-01	1.071e+01	2.002e-01	3.251e-01	2.461e-04	8.165e-01	1.808e-03	3.251e-01	2.461e-04	0.000e+00	0.000e+00	
0.0	252	2.446e+00	5.957e-02	0.000e+00	0.000e+00	1.318e+01	2.581e-01	1.074e+01	2.005e-01	3.253e-01	2.442e-04	8.184e-01	1.821e-03	3.253e-01	2.442e-04	0.000e+00	0.000e+00	
0.0	253	2.459e+00	5.969e-02	0.000e+00	0.000e+00	1.323e+01	2.580e-01	1.077e+01	2.001e-01	3.254e-01	2.402e-04	8.202e-01	1.797e-03	3.254e-01	2.402e-04	0.000e+00	0.000e+00	
0.0	254	2.472e+00	5.976e-02	0.000e+00	0.000e+00	1.327e+01	2.576e-01	1.080e+01	1.993e-01	3.255e-01	2.353e-04	8.219e-01	1.757e-03	3.255e-01	2.353e-04	0.000e+00	0.000e+00	
0.0	255	2.485e+00	5.984e-02	0.000e+00	0.000e+00	1.331e+01	2.572e-01	1.082e+01	1.985e-01	3.256e-01	2.308e-04	8.236e-01	1.718e-03	3.256e-01	2.308e-04	0.000e+00	0.000e+00	
0.0	256	2.498e+00	5.996e-02	0.000e+00	0.000e+00	1.335e+01	2.570e-01	1.085e+01	1.979e-01	3.257e-01	2.271e-04	8.253e-01	1.695e-03	3.257e-01	2.271e-04	0.000e+00	0.000e+00	
0.0	257	2.510e+00	6.014e-02	0.000e+00	0.000e+00	1.339e+01	2.572e-01	1.088e+01	1.978e-01	3.258e-01	2.239e-04	8.269e-01	1.685e-03	3.258e-01	2.239e-04	0.000e+00	0.000e+00	
0.0	258	2.524e+00	6.038e-02	0.000e+00	0.000e+00	1.343e+01	2.577e-01	1.090e+01	1.982e-01	3.259e-01	2.212e-04	8.286e-01	1.683e-03	3.259e-01	2.212e-04	0.000e+00	0.000e+00	
0.0	259	2.537e+00	6.065e-02	0.000e+00	0.000e+00	1.346e+01	2.584e-01	1.093e+01	1.988e-01	3.261e-01	2.189e-04	8.302e-01	1.685e-03	3.261e-01	2.189e-04	0.000e+00	0.000e+00	
0.0	260	2.550e+00	6.090e-02	0.000e+00	0.000e+00	1.350e+01	2.590e-01	1.095e+01	1.994e-01	3.262e-01	2.167e-04	8.318e-01	1.686e-03	3.262e-01	2.167e-04	0.000e+00	0.000e+00	
0.0	261	2.563e+00	6.109e-02	0.000e+00	0.000e+00	1.353e+01	2.594e-01	1.097e+01	1.998e-01	3.263e-01	2.145e-04	8.333e-01	1.683e-03	3.263e-01	2.145e-04	0.000e+00	0.000e+00	
0.0	262	2.577e+00	6.124e-02	0.000e+00	0.000e+00	1.357e+01	2.596e-01	1.099e+01	2.000e-01	3.264e-01	2.121e-04	8.349e-01	1.677e-03	3.264e-01	2.121e-04	0.000e+00	0.000e+00	
0.0	263	2.591e+00	6.134e-02	0.000e+00	0.000e+00	1.360e+01	2.596e-01	1.101e+01	1.999e-01	3.265e-01	2.096e-04	8.363e-01	1.668e-03	3.265e-01	2.096e-04	0.000e+00	0.000e+00	
0.0	264	2.604e+00	6.145e-02	0.000e+00	0.000e+00	1.363e+01	2.596e-01	1.102e+01	1.997e-01	3.266e-01	2.071e-04	8.378e-01	1.658e-03	3.266e-01	2.071e-04	0.000e+00	0.000e+00	
0.0	265	2.618e+00	6.157e-02	0.000e+00	0.000e+00	1.366e+01	2.596e-01	1.104e+01	1.995e-01	3.266e-01	2.047e-04	8.392e-01	1.648e-03	3.266e-01	2.047e-04	0.000e+00	0.000e+00	
0.0	266	2.631e+00	6.172e-02	0.000e+00	0.000e+00	1.369e+01	2.597e-01	1.106e+01	1.995e-01	3.267e-01	2.024e-04	8.406e-01	1.639e-03	3.267e-01	2.024e-04	0.000e+00	0.000e+00	
0.0	267	2.644e+00	6.190e-02	0.000e+00	0.000e+00	1.371e+01	2.600e-01	1.107e+01	1.996e-01	3.268e-01	2.003e-04	8.420e-01	1.631e-03	3.268e-01	2.003e-04	0.000e+00	0.000e+00	
0.0	268	2.656e+00	6.210e-02	0.000e+00	0.000e+00	1.374e+01	2.604e-01	1.109e+01	1.998e-01	3.269e-01	1.984e-04	8.434e-01	1.623e-03	3.269e-01	1.984e-04	0.000e+00	0.000e+00	
0.0	269	2.668e+00	6.231e-02	0.000e+00	0.000e+00	1.377e+01	2.608e-01	1.110e+01	1.999e-01	3.270e-01	1.966e-04	8.447e-01	1.615e-03	3.270e-01	1.966e-04	0.000e+00	0.000e+00	
0.0	270	2.680e+00	6.250e-02	0.000e+00	0.000e+00	1.380e+01	2.610e-01	1.112e+01	2.000e-01	3.271e-01	1.949e-04	8.460e-01	1.608e-03	3.271e-01	1.949e-04	0.000e+00	0.000e+00	
0.0	271	2.691e+00	6.266e-02	0.000e+00	0.000e+00	1.383e+01	2.610e-01	1.114e+01	1.999e-01	3.272e-01	1.932e-04	8.473e-01	1.600e-03	3.272e-01	1.932e-04	0.000e+00	0.000e+00	
0.0	272	2.702e+00	6.279e-02	0.000e+00	0.000e+00	1.386e+01	2.609e-01	1.116e+01	1.996e-01	3.272e-01	1.917e-04	8.485e-01	1.592e-03	3.272e-01	1.917e-04	0.000e+00	0.000e+00	
0.0	273	2.712e+00	6.292e-02	0.000e+00	0.000e+00	1.389e+01	2.609e-01	1.118e+01	1.993e-01	3.273e-01	1.902e-04	8.498e-01	1.584e-03	3.273e-01	1.902e-04	0.000e+00	0.000e+00	
0.0	274	2.722e+00	6.306e-02	0.000e+00	0.000e+00	1.392e+01	2.609e-01	1.120e+01	1.991e-01	3.274e-01	1.888e-04	8.510e-01	1.575e-03	3.274e-01	1.888e-04	0.000e+00	0.000e+00	
0.0	275	2.731e+00	6.323e-02	0.000e+00	0.000e+00	1.395e+01	2.611e-01	1.122e+01	1.992e-01	3.275e-01	1.875e-04	8.522e-01	1.567e-03	3.275e-01	1.875e-04	0.000e+00	0.000e+00	