#muB/T	T[MeV]	p/T^4	error	nB/T^3	error	s/T^4	error	e/T^4	error	nS/T^3	error	chiS2	error
1.0	130	4.081e-01	1.110e-01	3.210e-02	1.817e-03	2.931e+00	4.852e-01	2.555e+00	4.925e-01	-1.470e-02	1.466e-03	1.196e-01	9.138e-03
1.0	131	4.186e-01	1.075e-01	3.373e-02	1.772e-03	3.019e+00	4.579e-01	2.635e+00	4.561e-01	-1.543e-02	1.568e-03	1.232e-01	1.031e-02
1.0	132	4.293e-01	9.774e-02	3.548e-02	1.753e-03	3.111e+00	4.189e-01	2.717e+00	4.095e-01	-1.631e-02	1.717e-03	1.276e-01	1.088e-02
1.0	133	4.404e-01	9.326e-02	3.738e-02	1.624e-03	3.207e+00	4.248e-01	2.804e+00	4.191e-01	-1.740e-02	1.726e-03	1.328e-01	1.003e-02
1.0	134	4.517e-01	9.823e-02	3.944e-02	1.501e-03	3.307e+00	4.739e-01	2.895e+00	4.825e-01	-1.871e-02	1.617e-03	1.391e-01	7.767e-03
1.0	135	4.634e-01	1.049e-01	4.169e-02	1.616e-03	3.412e+00	5.115e-01	2.991e+00	5.351e-01	-2.019e-02	1.572e-03	1.460e-01	5.572e-03
1.0	136	4.753e-01	1.048e-01	4.414e-02	1.895e-03	3.524e+00	5.032e-01	3.093e+00	5.363e-01	-2.182e-02	1.667e-03	1.534e-01	5.532e-03
1.0	137	4.876e-01	1.005e-01	4.683e-02	2.060e-03	3.640e+00	4.844e-01	3.199e+00	5.181e-01	-2.354e-02	1.784e-03	1.608e-01	6.941e-03
1.0	138	5.003e-01	9.803e-02	4.977e-02	1.955e-03	3.759e+00	4.972e-01	3.309e+00	5.213e-01	-2.531e-02	1.763e-03	1.679e-01	7.513e-03
1.0	139	5.133e-01	9.878e-02	5.297e-02	1.832e-03	3.881e+00	5.333e-01	3.421e+00	5.441e-01	-2.713e-02	1.686e-03	1.746e-01	7.004e-03
1.0	140	5.269e-01	9.771e-02	5.640e-02	2.027e-03	4.003e+00	5.431e-01	3.533e+00	5.432e-01	-2.902e-02	1.788e-03	1.810e-01	6.551e-03
1.0	141	5.408e-01	8.978e-02	6.007e-02	2.464e-03	4.125e+00	4.929e-01	3.644e+00	4.862e-01	-3.104e-02	2.060e-03	1.874e-01	6.841e-03
1.0	142	5.553e-01	8.053e-02	6.396e-02	2.807e-03	4.246e+00	4.293e-01	3.755e+00	4.192e-01	-3.320e-02	2.265e-03	1.937e-01	7.219e-03
1.0	143	5.700e-01	7.844e-02	6.807e-02	2.848e-03	4.367e+00	4.272e-01	3.865e+00	4.185e-01	-3.556e-02	2.210e-03	2.001e-01	6.757e-03
1.0	144	5.850e-01	8.431e-02	7.238e-02	2.721e-03	4.490e+00	4.960e-01	3.977e+00	4.919e-01	-3.809e-02	2.025e-03	2.067e-01	5.979e-03
1.0	145	6.002e-01	8.989e-02	7.685e-02	2.635e-03	4.614e+00	5.698e-01	4.091e+00	5.699e-01	-4.079e-02	2.071e-03	2.134e-01	5.950e-03
1.0	146	6.155e-01	8.832e-02	8.146e-02	2.654e-03	4.740e+00	5.999e-01	4.206e+00	6.032e-01	-4.360e-02	2.428e-03	2.200e-01	6.705e-03
1.0	147	6.310e-01	8.322e-02	8.620e-02	2.648e-03	4.868e+00	6.019e-01	4.324e+00	6.071e-01	-4.650e-02	2.805e-03	2.267e-01	7.410e-03
1.0	148	6.468e-01	8.080e-02	9.103e-02	2.487e-03	4.996e+00	6.005e-01	4.440e+00	6.059e-01	-4.946e-02	2.917e-03	2.335e-01	8.148e-03
1.0	149	6.629e-01	8.231e-02	9.593e-02	2.287e-03	5.123e+00	5.957e-01	4.556e+00	6.001e-01	-5.246e-02	2.801e-03	2.404e-01	9.680e-03
1.0	150	6.797e-01	8.249e-02	1.009e-01	2.218e-03	5.246e+00	5.619e-01	4.668e+00	5.653e-01	-5.550e-02	2.685e-03	2.477e-01	1.154e-02
1.0	151	6.969e-01	7.640e-02	1.058e-01	2.287e-03	5.367e+00	4.808e-01	4.776e+00	4.853e-01	-5.859e-02	2.701e-03	2.555e-01	1.258e-02
1.0	152	7.148e-01	6.868e-02	1.107e-01	2.316e-03	5.484e+00	4.015e-01	4.880e+00	4.104e-01	-6.172e-02	2.765e-03	2.640e-01	1.198e-02
1.0	153	7.331e-01	6.701e-02	1.155e-01	2.187e-03	5.598e+00	3.951e-01	4.980e+00	4.087e-01	-6.489e-02	2.697e-03	2.731e-01	1.080e-02
1.0	154	7.517e-01	7.230e-02	1.203e-01	2.037e-03	5.710e+00	4.534e-01	5.078e+00	4.676e-01	-6.810e-02	2.531e-03	2.828e-01	1.105e-02
1.0	155	7.707e-01	7.716e-02	1.250e-01	2.032e-03	5.821e+00	4.941e-01	5.175e+00	5.058e-01	-7.134e-02	2.449e-03	2.928e-01	1.260e-02
1.0	156	7.900e-01	7.541e-02	1.295e-01	2.158e-03	5.931e+00	4.633e-01	5.271e+00	4.712e-01	-7.462e-02	2.516e-03	3.030e-01	1.339e-02
1.0	157	8.094e-01	7.045e-02	1.340e-01	2.237e-03	6.042e+00	3.941e-01	5.366e+00	4.002e-01	-7.794e-02	2.606e-03	3.132e-01	1.211e-02
1.0	158	8.289e-01	6.836e-02	1.382e-01	2.152e-03	6.153e+00	3.546e-01	5.462e+00	3.645e-01	-8.128e-02	2.580e-03	3.235e-01	1.044e-02
1.0	159	8.484e-01	7.085e-02	1.424e-01	1.992e-03	6.264e+00	3.775e-01	5.558e+00	3.954e-01	-8.465e-02	2.561e-03	3.339e-01	1.083e-02
1.0	160	8.679e-01	7.347e-02	1.463e-01	1.882e-03	6.377e+00	4.118e-01	5.656e+00	4.363e-01	-8.806e-02	2.734e-03	3.444e-01	1.275e-02
1.0	161	8.872e-01	7.187e-02	1.502e-01	1.866e-03	6.491e+00	4.007e-01	5.754e+00	4.270e-01	-9.149e-02	3.041e-03	3.549e-01	1.365e-02
1.0	162	9.066e-01	6.903e-02	1.539e-01	1.859e-03	6.607e+00	3.585e-01	5.855e+00	3.799e-01	-9.497e-02	3.243e-03	3.655e-01	1.291e-02
1.0	163	9.260e-01	6.897e-02	1.576e-01	1.785e-03	6.727e+00	3.294e-01	5.958e+00	3.371e-01	-9.847e-02	3.154e-03	3.761e-01	1.288e-02
1.0	164	9.455e-01	7.103e-02	1.611e-01	1.684e-03	6.850e+00	3.369e-01	6.066e+00	3.280e-01	-1.020e-01	2.929e-03	3.866e-01	1.484e-02
1.0	165	9.653e-01	7.015e-02	1.645e-01	1.614e-03	6.978e+00	3.535e-01	6.177e+00	3.349e-01	-1.055e-01	2.866e-03	3.970e-01	1.715e-02
1.0	166	9.855e-01	6.272e-02	1.678e-01	1.582e-03	7.112e+00	3.417e-01	6.294e+00	3.225e-01	-1.089e-01	3.028e-03	4.073e-01	1.764e-02
1.0	167	1.006e+00	5.444e-02	1.710e-01	1.545e-03	7.249e+00	3.146e-01	6.414e+00	3.020e-01	-1.122e-01	3.169e-03	4.175e-01	1.641e-02
1.0	168	1.027e+00	5.378e-02	1.742e-01	1.490e-03	7.389e+00	3.034e-01	6.536e+00	3.014e-01	-1.153e-01	3.026e-03	4.277e-01	1.538e-02
1.0	169	1.048e+00	6.069e-02	1.772e-01	1.478e-03	7.529e+00	3.165e-01	6.659e+00	3.234e-01	-1.184e-01	2.731e-03	4.379e-01	1.568e-02
1.0	170	1.069e+00	6.649e-02	1.802e-01	1.529e-03	7.668e+00	3.285e-01	6.780e+00	3.396e-01	-1.213e-01	2.635e-03	4.482e-01	1.640e-02
1.0	171	1.090e+00	6.534e-02	1.832e-01	1.586e-03	7.805e+00	3.151e-01	6.898e+00	3.258e-01	-1.243e-01	2.848e-03	4.587e-01	1.599e-02
1.0	172	1.111e+00	6.108e-02	1.860e-01	1.559e-03	7.938e+00	2.927e-01	7.014e+00	2.986e-01	-1.272e-01	3.097e-03	4.694e-01	1.495e-02
1.0	173	1.132e+00	5.975e-02	1.888e-01	1.442e-03	8.069e+00	2.878e-01	7.126e+00	2.852e-01	-1.301e-01	3.081e-03	4.799e-01	1.457e-02
1.0	174	1.153e+00	6.221e-02	1.915e-01	1.335e-03	8.197e+00	3.018e-01	7.235e+00	2.913e-01	-1.331e-01	2.895e-03	4.904e-01	1.509e-02
1.0	175	1.175e+00	6.295e-02	1.942e-01	1.315e-03	8.323e+00	3.070e-01	7.342e+00	2.930e-01	-1.361e-01	2.828e-03	5.005e-01	1.538e-02
1.0	176	1.196e+00	5.706e-02	1.968e-01	1.355e-03	8.446e+00	2.813e-01	7.447e+00	2.687e-01	-1.391e-01	2.970e-03	5.103e-01	1.493e-02
1.0	177	1.218e+00	4.917e-02	1.993e-01	1.369e-03	8.567e+00	2.475e-01	7.549e+00	2.407e-01	-1.422e-01	3.123e-03	5.197e-01	1.495e-02
1.0	178	1.239e+00	4.756e-02	2.018e-01	1.344e-03	8.686e+00	2.414e-01	7.649e+00	2.422e-01	-1.453e-01	3.086e-03	5.288e-01	1.592e-02
1.0	179	1.260e+00	5.372e-02	2.042e-01	1.348e-03	8.802e+00	2.654e-01	7.746e+00	2.704e-01	-1.484e-01	3.057e-03	5.376e-01	1.675e-02
1.0	180	1.281e+00	6.005e-02	2.065e-01	1.407e-03	8.915e+00	2.836e-01	7.840e+00	2.890e-01	-1.516e-01	3.289e-03	5.462e-01	1.602e-02
1.0	181	1.302e+00	6.061e-02	2.088e-01	1.461e-03	9.024e+00	2.680e-01	7.931e+00	2.729e-01	-1.549e-01	3.666e-03	5.545e-01	1.434e-02
1.0	182	1.323e+00	5.781e-02	2.110e-01	1.416e-03	9.131e+00	2.372e-01	8.019e+00	2.426e-01	-1.583e-01	3.835e-03	5.626e-01	1.396e-02
1.0	183	1.344e+00	5.626e-02	2.132e-01	1.283e-03	9.235e+00	2.257e-01	8.105e+00	2.328e-01	-1.619e-01	3.546e-03	5.705e-01	1.538e-02
1.0	184	1.365e+00	5.739e-02	2.153e-01	1.168e-03	9.337e+00	2.448e-01	8.187e+00	2.521e-01	-1.656e-01	3.107e-03	5.780e-01	1.654e-02
1.0	185	1.387e+00	5.807e-02	2.174e-01	1.135e-03	9.437e+00	2.675e-01	8.267e+00	2.725e-01	-1.692e-01	3.055e-03	5.854e-01	1.570e-02
1.0	186	1.409e+00	5.502e-02	2.194e-01	1.136e-03	9.534e+00	2.699e-01	8.344e+00	2.707e-01	-1.727e-01	3.418e-03	5.924e-01	1.433e-02
1.0	187	1.432e+00	5.143e-02	2.214e-01	1.072e-03	9.630e+00	2.646e-01	8.419e+00	2.624e-01	-1.760e-01	3.676e-03	5.993e-01	1.468e-02
1.0	188	1.456e+00	5.148e-02	2.233e-01	9.628e-04	9.725e+00	2.688e-01	8.492e+00	2.677e-01	-1.789e-01	3.436e-03	6.059e-01	1.654e-02
1.0	189	1.479e+00	5.471e-02	2.252e-01	9.356e-04	9.818e+00	2.798e-01	8.564e+00	2.827e-01	-1.815e-01	3.034e-03	6.124e-01	1.764e-02
1.0	190	1.502e+00	5.644e-02	2.270e-01	1.035e-03	9.909e+00	2.769e-01	8.635e+00	2.832e-01	-1.840e-01	3.129e-03	6.187e-01	1.728e-02
1.0	191	1.524e+00	5.351e-02	2.288e-01	1.153e-03	9.999e+00	2.478e-01	8.704e+00	2.542e-01	-1.865e-01	3.776e-03	6.249e-01	1.729e-02
1.0	192	1.546e+00	4.980e-02	2.305e-01	1.165e-03	1.009e+01	2.219e-01	8.772e+00	2.264e-01	-1.890e-01	4.356e-03	6.310e-01	1.854e-02
1.0	193	1.566e+00	5.019e-02	2.323e-01	1.098e-03	1.017e+01	2.331e-01	8.838e+00	2.365e-01	-1.917e-01	4.365e-03	6.370e-01	1.979e-02
1.0	194	1.587e+00	5.401e-02	2.339e-01	1.044e-03	1.025e+01	2.693e-01	8.902e+00	2.741e-01	-1.945e-01	3.902e-03	6.429e-01	1.939e-02
1.0	195	1.606e+00	5.569e-02	2.355e-01	1.048e-03	1.033e+01	2.900e-01	8.962e+00	2.964e-01	-1.974e-01	3.360e-03	6.489e-01	1.831e-02
1.0	196	1.625e+00	5.145e-02	2.371e-01	1.066e-03	1.041e+01	2.739e-01	9.018e+00	2.799e-01	-2.003e-01	3.162e-03	6.548e-01	1.866e-02
1.0	197	1.644e+00	4.567e-02	2.387e-01	1.031e-03	1.048e+01	2.492e-01	9.071e+00	2.519e-01	-2.031e-01	3.396e-03	6.607e-01	2.031e-02
1.0	198	1.662e+00	4.504e-02	2.402e-01	9.863e-04	1.055e+01	2.539e-01	9.123e+00	2.517e-01	-2.058e-01	3.720e-03	6.666e-01	2.098e-02
1.0	199	1.681e+00	5.016e-02	2.417e-01	9.926e-04	1.061e+01	2.866e-01	9.175e+00	2.809e-01	-2.084e-01	3.918e-03	6.725e-01	1.928e-02
1.0	200	1.700e+00	5.469e-02	2.431e-01	1.038e-03	1.069e+01	3.102e-01	9.228e+00	3.026e-01	-2.108e-01	3.966e-03	6.783e-01	1.726e-02
1.0	201	1.720e+00	5.385e-02	2.446e-01	1.048e-03	1.076e+01	2.996e-01	9.284e+00	2.910e-01	-2.131e-01	3.913e-03	6.839e-01	1.780e-02
1.0	202	1.741e+00	5.067e-02	2.459e-01	9.941e-04	1.084e+01	2.764e-01	9.341e+00	2.687e-01	-2.152e-01	3.832e-03	6.891e-01	2.086e-02
1.0	203	1.762e+00	4.988e-02	2.473e-01	9.584e-04	1.092e+01	2.726e-01	9.401e+00	2.694e-01	-2.173e-01	3.791e-03	6.939e-01	2.363e-02
1.0	204	1.783e+00	5.217e-02	2.486e-01	1.005e-03	1.100e+01	2.922e-01	9.462e+00	2.955e-01	-2.193e-01	3.824e-03	6.983e-01	2.449e-02
1.0	205	1.804e+00	5.349e-02	2.499e-01	1.090e-03	1.108e+01	3.067e-01	9.525e+00	3.156e-01	-2.212e-01	3.912e-03	7.023e-01	2.354e-02
1.0	206	1.823e+00	5.029e-02	2.512e-01	1.115e-03	1.116e+01	2.924e-01	9.589e+00	3.057e-01	-2.230e-01	3.994e-03	7.060e-01	2.133e-02
1.0	207	1.842e+00	4.584e-02	2.524e-01	1.066e-03	1.124e+01	2.665e-01	9.653e+00	2.836e-01	-2.247e-01	3.990e-03	7.096e-01	1.859e-02
1.0	208	1.860e+00	4.523e-02	2.536e-01	1.021e-03	1.132e+01	2.586e-01	9.715e+00	2.776e-01	-2.264e-01	3.873e-03	7.130e-01	1.614e-02
1.0	209	1.879e+00	4.901e-02	2.548e-01	1.021e-03	1.140e+01	2.740e-01	9.776e+00	2.927e-01	-2.280e-01	3.697e-03	7.164e-01	1.462e-02
1.0	210	1.897e+00	5.232e-02	2.560e-01	1.028e-03	1.147e+01	2.863e-01	9.833e+00	3.040e-01	-2.296e-01	3.542e-03	7.199e-01	1.400e-02
1.0	211	1.915e+00	5.104e-02	2.571e-01	9.827e-04	1.154e+01	2.714e-01	9.885e+00	2.877e-01	-2.311e-01	3.485e-03	7.235e-01	1.355e-02
1.0	212	1.933e+00	4.750e-02	2.582e-01	9.340e-04	1.161e+01	2.444e-01	9.933e+00	2.585e-01	-2.326e-01	3.571e-03	7.274e-01	1.255e-02
1.0	213	1.952e+00	4.604e-02	2.593e-01	9.598e-04	1.167e+01	2.334e-01	9.975e+00	2.432e-01	-2.340e-01	3.782e-03	7.315e-01	1.145e-02
1.0	214	1.971e+00	4.833e-02	2.604e-01	1.040e-03	1.172e+01	2.458e-01	1.001e+01	2.509e-01	-2.354e-01	4.050e-03	7.357e-01	1.116e-02
1.0	215	1.989e+00	5.168e-02	2.614e-01	1.076e-03	1.177e+01	2.592e-01	1.004e+01	2.613e-01	-2.368e-01	4.288e-03	7.399e-01	1.159e-02
1.0	216	2.008e+00	5.303e-02	2.625e-01	1.024e-03	1.181e+01	2.523e-01	1.006e+01	2.533e-01	-2.381e-01	4.410e-03	7.441e-01	1.158e-02
1.0	217	2.027e+00	5.327e-02	2.635e-01	9.573e-04	1.185e+01	2.368e-01	1.008e+01	2.377e-01	-2.394e-01	4.357e-03	7.481e-01	1.059e-02
1.0	218	2.046e+00	5.391e-02	2.644e-01	9.428e-04	1.188e+01	2.332e-01	1.010e+01	2.340e-01	-2.407e-01	4.148e-03	7.520e-01	9.472e-03
1.0	219	2.064e+00	5.456e-02	2.654e-01	9.562e-04	1.192e+01	2.437e-01	1.012e+01	2.431e-01	-2.420e-01	3.843e-03	7.558e-01	9.235e-03
1.0	220	2.082e+00	5.320e-02	2.663e-01	9.212e-04	1.196e+01	2.490e-01	1.015e+01	2.453e-01	-2.432e-01	3.519e-03	7.596e-01	9.876e-03
1.0	221	2.099e+00	4.895e-02	2.673e-01	8.568e-04	1.201e+01	2.336e-01	1.018e+01	2.252e-01	-2.445e-01	3.258e-03	7.633e-01	1.047e-02
1.0	222	2.115e+00	4.584e-02	2.682e-01	8.440e-04	1.207e+01	2.132e-01	1.022e+01	2.010e-01	-2.457e-01	3.129e-03	7.669e-01	1.058e-02
1.0	223	2.131e+00	4.749e-02	2.691e-01	8.907e-04	1.213e+01	2.119e-01	1.027e+01	2.004e-01	-2.468e-01	3.154e-03	7.705e-01	1.023e-02
1.0	224	2.147e+00	5.207e-02	2.699e-01	9.117e-04	1.220e+01	2.304e-01	1.032e+01	2.237e-01	-2.479e-01	3.289e-03	7.740e-01	9.652e-03
1.0	225	2.164e+00	5.444e-02	2.708e-01	8.494e-04	1.226e+01	2.451e-01	1.037e+01	2.431e-01	-2.491e-01	3.452e-03	7.775e-01	9.123e-03
1.0	226	2.182e+00	5.178e-02	2.716e-01	7.682e-04	1.233e+01	2.389e-01	1.042e+01	2.397e-01	-2.501e-01	3.562e-03	7.810e-01	8.855e-03
1.0	227	2.200e+00	4.803e-02	2.724e-01	7.505e-04	1.239e+01	2.270e-01	1.046e+01	2.295e-01	-2.512e-01	3.593e-03	7.843e-01	8.864e-03
1.0	228	2.219e+00	4.827e-02	2.732e-01	7.973e-04	1.245e+01	2.287e-01	1.051e+01	2.323e-01	-2.522e-01	3.568e-03	7.876e-01	8.944e-03
1.0	229	2.238e+00	5.245e-02	2.740e-01	8.348e-04	1.251e+01	2.421e-01	1.055e+01	2.459e-01	-2.531e-01	3.522e-03	7.909e-01	8.816e-03
1.0	230	2.256e+00	5.562e-02	2.747e-01	8.389e-04	1.256e+01	2.464e-01	1.058e+01	2.491e-01	-2.541e-01	3.484e-03	7.941e-01	8.455e-03
1.0	231	2.274e+00	5.419e-02	2.755e-01	8.330e-04	1.260e+01	2.276e-01	1.060e+01	2.276e-01	-2.549e-01	3.472e-03	7.972e-01	8.058e-03
1.0	232	2.291e+00	5.137e-02	2.762e-01	8.234e-04	1.264e+01	2.057e-01	1.062e+01	2.030e-01	-2.558e-01	3.480e-03	8.003e-01	7.865e-03
1.0	233	2.307e+00	5.146e-02	2.769e-01	7.882e-04	1.267e+01	2.079e-01	1.064e+01	2.051e-01	-2.566e-01	3.486e-03	8.033e-01	8.027e-03
1.0	234	2.323e+00	5.456e-02	2.776e-01	7.263e-04	1.271e+01	2.318e-01	1.066e+01	2.314e-01	-2.573e-01	3.459e-03	8.063e-01	8.505e-03
1.0	235	2.338e+00	5.650e-02	2.782e-01	6.922e-04	1.275e+01	2.486e-01	1.069e+01	2.503e-01	-2.580e-01	3.370e-03	8.091e-01	9.086e-03
1.0	236	2.352e+00	5.418e-02	2.789e-01	7.078e-04	1.281e+01	2.399e-01	1.073e+01	2.423e-01	-2.586e-01	3.230e-03	8.120e-01	9.502e-03
1.0	237	2.366e+00	5.085e-02	2.795e-01	7.275e-04	1.287e+01	2.239e-01	1.078e+01	2.267e-01	-2.592e-01	3.103e-03	8.147e-01	9.531e-03
1.0	238	2.380e+00	5.098e-02	2.801e-01	6.980e-04	1.293e+01	2.249e-01	1.083e+01	2.289e-01	-2.598e-01	3.066e-03	8.174e-01	9.197e-03
1.0	239	2.395e+00	5.463e-02	2.807e-01	6.588e-04	1.299e+01	2.425e-01	1.088e+01	2.480e-01	-2.604e-01	3.168e-03	8.200e-01	8.727e-03
1.0	240	2.410e+00	5.743e-02	2.813e-01	6.832e-04	1.305e+01	2.522e-01	1.092e+01	2.585e-01	-2.609e-01	3.402e-03	8.225e-01	8.385e-03