# T/Tc, eta_max,eta_min
     1.00000      0.20248      0.18308
     1.05282      0.19452      0.18059
     1.10563      0.18571      0.17798
     1.15845      0.18150      0.17680
     1.21126      0.18380      0.17923
     1.26408      0.18871      0.18287
     1.31689      0.19210      0.18391
     1.36971      0.19370      0.18400
     1.42252      0.19431      0.18413
     1.47534      0.19502      0.18523
     1.52815      0.19764      0.18768
     1.58097      0.20174      0.19179
     1.63378      0.20675      0.19590
     1.68660      0.21284      0.20127
     1.73942      0.22022      0.20917
     1.79223      0.22825      0.21779
     1.84505      0.23802      0.22532
     1.89786      0.25233      0.23368
     1.95068      0.26756      0.24277
     2.00349      0.27932      0.25241
     2.05631      0.28763      0.26246
     2.10912      0.29471      0.27243
     2.16194      0.30554      0.28083
     2.21475      0.31529      0.28929
     2.26757      0.32390      0.29780
     2.32038      0.33341      0.30631
     2.37320      0.34275      0.31110
     2.42601      0.35104      0.31468
     2.47883      0.35804      0.31864
     2.53165      0.36411      0.32307
