# T/Tc, I/T^4_max,I/T^4_min
     0.63291     11.60015      6.67019
     0.65486      9.93062      5.63169
     0.67680      8.55972      4.79939
     0.69875      7.43217      4.13971
     0.72069      6.50415      3.62708
     0.74264      5.74058      3.24114
     0.76458      5.11294      2.95706
     0.78653      4.59792      2.75967
     0.80847      4.17631      2.64137
     0.83042      3.83245      2.58188
     0.85236      3.55389      2.56133
     0.87431      3.33130      2.55929
     0.89625      3.15843      2.54931
     0.91820      3.03205      2.55058
     0.94014      2.95153      2.57557
     0.96209      2.91812      2.63046
     0.98403      2.93365      2.72192
     1.00598      3.05676      2.85043
     1.02792      3.22273      3.00783
     1.04987      3.40923      3.19863
     1.07181      3.59741      3.40588
     1.09376      3.76697      3.60268
     1.11571      3.90139      3.75799
     1.13765      3.99173      3.87956
     1.15960      4.03759      3.95960
     1.18154      4.05000      3.99909
     1.20349      4.05770      4.00310
     1.22543      4.04174      3.97091
     1.24738      4.01374      3.92986
     1.26932      3.98323      3.89059
     1.29127      3.95662      3.85847
     1.31321      3.93724      3.83610
     1.33516      3.92557      3.82368
     1.35710      3.92835      3.81956
     1.37905      3.93934      3.82084
     1.40099      3.94829      3.82074
     1.42294      3.95100      3.81555
     1.44488      3.94659      3.80344
     1.46683      3.93180      3.78231
     1.48877      3.90425      3.75115
     1.51072      3.86381      3.71008
     1.53266      3.81136      3.66009
     1.55461      3.75580      3.60291
     1.57655      3.69310      3.54072
     1.59850      3.62434      3.47067
     1.62044      3.55131      3.39857
     1.64239      3.47573      3.32711
     1.66433      3.39909      3.25815
     1.68628      3.32264      3.19316
     1.70822      3.24738      3.12926
     1.73017      3.17404      3.05851
     1.75212      3.10315      2.99210
     1.77406      3.04515      2.93030
     1.79601      3.02162      2.87326
     1.81795      3.00041      2.82102
     1.83990      2.97688      2.77360
     1.86184      2.94858      2.73108
     1.88379      2.91474      2.69359
     1.90573      2.87603      2.66102
     1.92768      2.83382      2.63133
     1.94962      2.78955      2.59661
     1.97157      2.74436      2.56452
     1.99351      2.70347      2.53285
     2.01546      2.67498      2.49982
     2.03740      2.64643      2.46908
     2.05935      2.61731      2.44018
     2.08129      2.58839      2.41269
     2.10324      2.56447      2.38614
     2.12518      2.53935      2.36008
     2.14713      2.52833      2.33410
     2.16907      2.51393      2.30782
     2.19102      2.49575      2.28095
     2.21296      2.47354      2.25323
     2.23491      2.44724      2.22400
     2.25685      2.41692      2.18131
     2.27880      2.38278      2.13866
     2.30074      2.34509      2.09608
     2.32269      2.30417      2.05361
     2.34463      2.26037      2.01127
     2.36658      2.21819      1.96903
     2.38852      2.17412      1.92690
     2.41047      2.12780      1.88482
     2.43242      2.07945      1.84280
     2.45436      2.02930      1.80081
     2.47631      1.97757      1.75886
     2.49825      1.92451      1.71698
     2.52020      1.87034      1.67523
     2.54214      1.81528      1.63368
     2.56409      1.75955      1.59240
     2.58603      1.70332      1.55145
     2.60798      1.65316      1.51092
     2.62992      1.60460      1.47080
     2.65187      1.55608      1.43112
     2.67381      1.50755      1.39182
     2.69576      1.45899      1.35284
     2.71770      1.41030      1.31410
     2.73965      1.36145      1.27547
     2.76159      1.31281      1.23687
     2.78354      1.26502      1.19510
     2.80548      1.21695      1.14030
     2.82743      1.17336      1.08640
     2.84937      1.13235      1.03362
     2.87132      1.09141      0.98223
     2.89326      1.05070      0.93253
     2.91521      1.01041      0.88478
     2.93715      0.97073      0.83926
     2.95910      0.93180      0.79624
     2.98104      0.89379      0.75591
     3.00299      0.85677      0.71844
     3.02493      0.82078      0.68394
     3.04688      0.78581      0.65243
     3.06883      0.75179      0.62389
     3.09077      0.71861      0.59820
     3.11272      0.68615      0.57519
     3.13466      0.65420      0.54278
     3.15661      0.62257      0.50646
     3.17855      0.60101      0.47075
     3.20050      0.58162      0.43546
     3.22244      0.56314      0.40034
     3.24439      0.54702      0.36514
     3.26633      0.53138      0.32962
     3.28828      0.51497      0.29352
     3.31022      0.49737      0.25662
     3.33217      0.47823      0.21872
     3.35411      0.45724      0.17963
     3.37606      0.43416      0.13922
     3.39800      0.40880      0.09738
     3.41995      0.38100      0.05406
     3.44189      0.35061      0.00919
     3.46384      0.31750     -0.03723
     3.48578      0.28158     -0.08520
     3.50773      0.24273     -0.13470
     3.52967      0.20088     -0.18570
     3.55162      0.15598     -0.23817
     3.57356      0.10800     -0.29237
     3.59551      0.05699     -0.35268
     3.61745      0.00303     -0.41408
     3.63940      0.00000     -0.47648
     3.66134      0.00000     -0.53974
     3.68329      0.00000     -0.60373
     3.70524      0.00000     -0.66830
     3.72718      0.00000     -0.73326
     3.74913      0.00000     -0.79844
     3.77107      0.00000     -0.86361
     3.79302      0.00000     -0.92855
     3.81496      0.00000     -0.99302
     3.83691      0.00000     -1.05680
     3.85885      0.00000     -1.11961
     3.88080      0.00000     -1.18122
     3.90274      0.00000     -1.24153
     3.92469      0.00000     -1.30230
     3.94663      0.00000     -1.36131
     3.96858      0.00000     -1.41832
     3.99052      0.00000     -1.47312
     4.01247      0.00000     -1.52552
     4.03441      0.00000     -1.57535
     4.05636      0.00000     -1.62245
     4.07830      0.00000     -1.66668
     4.10025      0.00000     -1.70794
     4.12219      0.00000     -1.74615
     4.14414      0.00000     -1.78126
     4.16608      0.00000     -1.81325
     4.18803      0.00000     -1.84212
     4.20997      0.00000     -1.86790
     4.23192      0.00000     -1.89089
     4.25386      0.00000     -1.91647
     4.27581      0.00000     -1.94045
     4.29775      0.00000     -1.96303
     4.31970      0.00000     -1.98439
     4.34164      0.00000     -2.00471
     4.36359      0.00000     -2.02416
     4.38554      0.00000     -2.04287
     4.40748      0.00000     -2.06095
     4.42943      0.00000     -2.07846
     4.45137      0.00000     -2.09544
     4.47332      0.00000     -2.11189
     4.49526      0.00000     -2.12776
     4.51721      0.00000     -2.14295
     4.53915      0.00000     -2.15734
     4.56110      0.00000     -2.17074
     4.58304      0.00000     -2.18291
     4.60499      0.00000     -2.19354
     4.62693      0.00000     -2.20230
     4.64888      0.00000     -2.20873
     4.67082      0.00000     -2.21235
     4.69277      0.00000     -2.21255
     4.71471      0.00000     -2.20867
     4.73666      0.00000     -2.20001
     4.75860      0.00000     -2.18586
     4.78055      0.00000     -2.16561
     4.80249      0.00000     -2.13891
     4.82444      0.00000     -2.10595
     4.84638      0.00000     -2.06768
     4.86833      0.00000     -2.02614
     4.89027      0.00000     -2.01316
     4.91222      0.00000     -2.00462
     4.93416      0.00000     -1.99373
     4.95611      0.00000     -1.97840
     4.97805      0.00000     -1.95792
     5.00000      0.00000     -1.93166
