# T/Tc, P/T^4_max,P/T^4_min
     0.63291      0.00000     -1.67311
     0.65486      0.00000     -1.30694
     0.67680      0.00000     -1.00282
     0.69875      0.00000     -0.74815
     0.72069      0.00000     -0.53306
     0.74264      0.00000     -0.34974
     0.76458      0.04714     -0.19195
     0.78653      0.12783     -0.05476
     0.80847      0.20502      0.06580
     0.83042      0.27826      0.17291
     0.85236      0.34721      0.26913
     0.87431      0.41299      0.35654
     0.89625      0.47638      0.43689
     0.91820      0.53802      0.51168
     0.94014      0.59851      0.58226
     0.96209      0.65850      0.64988
     0.98403      0.71878      0.71552
     1.00598      0.78140      0.78019
     1.02792      0.84910      0.84332
     1.04987      0.91912      0.90882
     1.07181      0.99160      0.97712
     1.09376      1.06628      1.04822
     1.11571      1.14251      1.12169
     1.13765      1.21945      1.19679
     1.15960      1.29622      1.27258
     1.18154      1.37204      1.34817
     1.20349      1.44635      1.42281
     1.22543      1.51879      1.49602
     1.24738      1.58925      1.56689
     1.26932      1.65779      1.63599
     1.29127      1.72456      1.70348
     1.31321      1.78979      1.76954
     1.33516      1.85371      1.83439
     1.35710      1.91651      1.89818
     1.37905      1.97832      1.96103
     1.40099      2.03922      2.02302
     1.42294      2.09922      2.08412
     1.44488      2.15824      2.14373
     1.46683      2.21621      2.20091
     1.48877      2.27299      2.25686
     1.51072      2.32844      2.31147
     1.53266      2.38245      2.36462
     1.55461      2.43491      2.41626
     1.57655      2.48573      2.46633
     1.59850      2.53487      2.51483
     1.62044      2.58231      2.56178
     1.64239      2.62879      2.60723
     1.66433      2.67385      2.65125
     1.68628      2.71725      2.69392
     1.70822      2.75907      2.73535
     1.73017      2.79938      2.77561
     1.75212      2.83885      2.81478
     1.77406      2.87705      2.85294
     1.79601      2.91396      2.88953
     1.81795      2.94965      2.92499
     1.83990      2.98419      2.95958
     1.86184      3.01765      2.99334
     1.88379      3.05009      3.02632
     1.90573      3.08157      3.05854
     1.92768      3.11215      3.08885
     1.94962      3.14190      3.11853
     1.97157      3.17086      3.14765
     1.99351      3.20056      3.17629
     2.01546      3.22987      3.20450
     2.03740      3.25837      3.23232
     2.05935      3.28609      3.25978
     2.08129      3.31306      3.28689
     2.10324      3.33929      3.31365
     2.12518      3.36481      3.34005
     2.14713      3.38963      3.36608
     2.16907      3.41376      3.39170
     2.19102      3.43722      3.41688
     2.21296      3.46002      3.44160
     2.23491      3.48218      3.46572
     2.25685      3.50370      3.48882
     2.27880      3.52461      3.51140
     2.30074      3.54500      3.53313
     2.32269      3.56699      3.55355
     2.34463      3.58843      3.57345
     2.36658      3.60929      3.59278
     2.38852      3.62956      3.61129
     2.41047      3.64924      3.62929
     2.43242      3.66831      3.64678
     2.45436      3.68676      3.66374
     2.47631      3.70459      3.68020
     2.49825      3.72181      3.69614
     2.52020      3.73840      3.71159
     2.54214      3.75438      3.72654
     2.56409      3.76975      3.74100
     2.58603      3.78450      3.75499
     2.60798      3.79866      3.76851
     2.62992      3.81222      3.78157
     2.65187      3.82520      3.79418
     2.67381      3.83760      3.80636
     2.69576      3.84943      3.81811
     2.71770      3.86071      3.82943
     2.73965      3.87145      3.84010
     2.76159      3.88165      3.85012
     2.78354      3.89133      3.85976
     2.80548      3.90050      3.86901
     2.82743      3.90917      3.87790
     2.84937      3.91737      3.88641
     2.87132      3.92510      3.89456
     2.89326      3.93239      3.90235
     2.91521      3.93925      3.90979
     2.93715      3.94572      3.91688
     2.95910      3.95180      3.92364
     2.98104      3.95753      3.93008
     3.00299      3.96294      3.93621
     3.02493      3.96804      3.94205
     3.04688      3.97287      3.94760
     3.06883      3.97745      3.95290
     3.09077      3.98180      3.95794
     3.11272      3.98595      3.96276
     3.13466      3.98992      3.96737
     3.15661      3.99372      3.97178
     3.17855      3.99738      3.97602
     3.20050      4.00090      3.98009
     3.22244      4.00430      3.98400
     3.24439      4.00757      3.98776
     3.26633      4.01073      3.99137
     3.28828      4.01377      3.99484
     3.31022      4.01670      3.99816
     3.33217      4.01949      4.00133
     3.35411      4.02215      4.00319
     3.37606      4.02467      4.00455
     3.39800      4.02703      4.00560
     3.41995      4.02922      4.00634
     3.44189      4.03122      4.00676
     3.46384      4.03301      4.00686
     3.48578      4.03459      4.00662
     3.50773      4.03593      4.00605
     3.52967      4.03701      4.00513
     3.55162      4.03782      4.00387
     3.57356      4.03835      4.00225
     3.59551      4.03857      4.00027
     3.61745      4.03847      3.99794
     3.63940      4.03803      3.99525
     3.66134      4.03725      3.99220
     3.68329      4.03611      3.98878
     3.70524      4.03460      3.98500
     3.72718      4.03272      3.98086
     3.74913      4.03046      3.97637
     3.77107      4.02781      3.97152
     3.79302      4.02479      3.96632
     3.81496      4.02139      3.96078
     3.83691      4.01762      3.95490
     3.85885      4.01348      3.94869
     3.88080      4.00899      3.94217
     3.90274      4.00415      3.93533
     3.92469      3.99899      3.92821
     3.94663      3.99352      3.92080
     3.96858      3.98776      3.91313
     3.99052      3.98172      3.90520
     4.01247      3.97544      3.89704
     4.03441      3.96893      3.88866
     4.05636      3.96221      3.88007
     4.07830      3.95531      3.87130
     4.10025      3.94825      3.86235
     4.12219      3.94106      3.85326
     4.14414      3.93376      3.84403
     4.16608      3.92637      3.83467
     4.18803      3.91890      3.82521
     4.20997      3.91140      3.81567
     4.23192      3.90386      3.80605
     4.25386      3.89631      3.79636
     4.27581      3.88876      3.78662
     4.29775      3.88123      3.77685
     4.31970      3.87373      3.76704
     4.34164      3.86626      3.75721
     4.36359      3.85884      3.74734
     4.38554      3.85146      3.73743
     4.40748      3.84414      3.72755
     4.42943      3.83686      3.71769
     4.45137      3.82964      3.70788
     4.47332      3.82246      3.69809
     4.49526      3.81532      3.68824
     4.51721      3.80823      3.67840
     4.53915      3.80117      3.66858
     4.56110      3.79413      3.65876
     4.58304      3.78712      3.64895
     4.60499      3.78012      3.63915
     4.62693      3.77314      3.62936
     4.64888      3.76617      3.61960
     4.67082      3.75920      3.60985
     4.69277      3.75224      3.59983
     4.71471      3.74529      3.58951
     4.73666      3.73835      3.57927
     4.75860      3.73143      3.56913
     4.78055      3.72454      3.55912
     4.80249      3.71769      3.54926
     4.82444      3.71089      3.53958
     4.84638      3.70418      3.53011
     4.86833      3.69756      3.52086
     4.89027      3.69107      3.51184
     4.91222      3.68475      3.50304
     4.93416      3.67861      3.49443
     4.95611      3.67270      3.48597
     4.97805      3.66705      3.47760
     5.00000      3.66167      3.46925
