# T/Tc, cs_max,cs_min
     0.63291      0.66633      0.51446
     0.65486      0.51634      0.43622
     0.67680      0.42155      0.36910
     0.69875      0.37950      0.30807
     0.72069      0.34523      0.26310
     0.74264      0.31727      0.23128
     0.76458      0.29425      0.21027
     0.78653      0.27497      0.19670
     0.80847      0.25835      0.18789
     0.83042      0.24351      0.18149
     0.85236      0.22979      0.17615
     0.87431      0.21688      0.17130
     0.89625      0.20477      0.16662
     0.91820      0.19378      0.16239
     0.94014      0.18437      0.15913
     0.96209      0.17706      0.15733
     0.98403      0.17222      0.15705
     1.00598      0.17000      0.15875
     1.02792      0.17033      0.16220
     1.04987      0.17288      0.16674
     1.07181      0.17742      0.17204
     1.09376      0.18426      0.17828
     1.11571      0.19112      0.18489
     1.13765      0.19769      0.19145
     1.15960      0.20381      0.19770
     1.18154      0.20935      0.20354
     1.20349      0.21422      0.20888
     1.22543      0.21839      0.21296
     1.24738      0.22198      0.21639
     1.26932      0.22479      0.21936
     1.29127      0.22733      0.22197
     1.31321      0.22950      0.22436
     1.33516      0.23156      0.22656
     1.35710      0.23371      0.22893
     1.37905      0.23613      0.23161
     1.40099      0.23891      0.23471
     1.42294      0.24207      0.23792
     1.44488      0.24560      0.24148
     1.46683      0.24969      0.24537
     1.48877      0.25399      0.24950
     1.51072      0.25830      0.25378
     1.53266      0.26241      0.25808
     1.55461      0.26612      0.26229
     1.57655      0.26959      0.26579
     1.59850      0.27318      0.26818
     1.62044      0.27631      0.27013
     1.64239      0.27904      0.27169
     1.66433      0.28138      0.27292
     1.68628      0.28325      0.27390
     1.70822      0.28469      0.27376
     1.73017      0.28574      0.27360
     1.75212      0.28647      0.27372
     1.77406      0.28698      0.27417
     1.79601      0.28769      0.27494
     1.81795      0.28820      0.27600
     1.83990      0.28855      0.27732
     1.86184      0.28875      0.27870
     1.88379      0.28885      0.27878
     1.90573      0.28888      0.27895
     1.92768      0.28887      0.27922
     1.94962      0.28884      0.27864
     1.97157      0.28884      0.27796
     1.99351      0.29023      0.27751
     2.01546      0.29182      0.27734
     2.03740      0.29326      0.27749
     2.05935      0.29460      0.27797
     2.08129      0.29587      0.27881
     2.10324      0.29711      0.27999
     2.12518      0.29835      0.28152
     2.14713      0.29959      0.28336
     2.16907      0.30085      0.28547
     2.19102      0.30211      0.28743
     2.21296      0.30338      0.28958
     2.23491      0.30466      0.29189
     2.25685      0.30593      0.29433
     2.27880      0.30721      0.29687
     2.30074      0.30860      0.29949
     2.32269      0.31042      0.30215
     2.34463      0.31215      0.30485
     2.36658      0.31380      0.30737
     2.38852      0.31537      0.30938
     2.41047      0.31688      0.31120
     2.43242      0.31854      0.31285
     2.45436      0.32009      0.31445
     2.47631      0.32213      0.31598
     2.49825      0.32420      0.31744
     2.52020      0.32616      0.31885
     2.54214      0.32802      0.32020
     2.56409      0.32996      0.32150
     2.58603      0.33213      0.32276
     2.60798      0.33423      0.32401
     2.62992      0.33626      0.32525
     2.65187      0.33822      0.32651
     2.67381      0.34010      0.32778
     2.69576      0.34189      0.32908
     2.71770      0.34357      0.33033
     2.73965      0.34513      0.33137
     2.76159      0.34654      0.33244
     2.78354      0.34776      0.33353
     2.80548      0.34878      0.33462
     2.82743      0.34956      0.33571
     2.84937      0.35008      0.33678
     2.87132      0.35032      0.33782
     2.89326      0.35027      0.33881
     2.91521      0.35005      0.33975
     2.93715      0.35099      0.34049
     2.95910      0.35179      0.34112
     2.98104      0.35247      0.34169
     3.00299      0.35305      0.34161
     3.02493      0.35355      0.34077
     3.04688      0.35402      0.33983
     3.06883      0.35449      0.33884
     3.09077      0.35501      0.33786
     3.11272      0.35561      0.33697
     3.13466      0.35633      0.33623
     3.15661      0.35721      0.33569
     3.17855      0.35829      0.33542
     3.20050      0.35960      0.33546
     3.22244      0.36116      0.33584
     3.24439      0.36315      0.33660
     3.26633      0.36594      0.33775
     3.28828      0.36903      0.33925
     3.31022      0.37244      0.34108
     3.33217      0.37614      0.34337
     3.35411      0.38012      0.34612
     3.37606      0.38437      0.34933
     3.39800      0.38900      0.35302
     3.41995      0.39393      0.35717
     3.44189      0.39909      0.36179
     3.46384      0.40449      0.36686
     3.48578      0.41010      0.37218
     3.50773      0.41590      0.37790
     3.52967      0.42188      0.38402
     3.55162      0.42803      0.39053
     3.57356      0.43432      0.39740
     3.59551      0.44112      0.40460
     3.61745      0.44850      0.41171
     3.63940      0.45599      0.41859
     3.66134      0.46351      0.42559
     3.68329      0.47100      0.43263
     3.70524      0.47835      0.43962
     3.72718      0.48547      0.44643
     3.74913      0.49224      0.45294
     3.77107      0.49857      0.45903
     3.79302      0.50434      0.46457
     3.81496      0.50947      0.46943
     3.83691      0.51387      0.47349
     3.85885      0.51748      0.47665
     3.88080      0.52031      0.47883
     3.90274      0.52276      0.47998
     3.92469      0.52428      0.48008
     3.94663      0.52484      0.47912
     3.96858      0.52443      0.47715
     3.99052      0.52308      0.47422
     4.01247      0.52082      0.47045
     4.03441      0.51771      0.46593
     4.05636      0.51451      0.46079
     4.07830      0.51134      0.45518
     4.10025      0.50797      0.44827
     4.12219      0.50450      0.44122
     4.14414      0.50104      0.43418
     4.16608      0.49769      0.42730
     4.18803      0.49453      0.42069
     4.20997      0.49163      0.41446
     4.23192      0.48905      0.40870
     4.25386      0.48683      0.40350
     4.27581      0.48498      0.39889
     4.29775      0.48351      0.39494
     4.31970      0.48241      0.39165
     4.34164      0.48165      0.38906
     4.36359      0.48117      0.38715
     4.38554      0.48090      0.38591
     4.40748      0.48075      0.38532
     4.42943      0.48061      0.38531
     4.45137      0.48035      0.38528
     4.47332      0.47981      0.38576
     4.49526      0.47882      0.38669
     4.51721      0.47719      0.38795
     4.53915      0.47471      0.38945
     4.56110      0.47115      0.39104
     4.58304      0.46630      0.39257
     4.60499      0.45997      0.39388
     4.62693      0.45202      0.39309
     4.64888      0.44237      0.38546
     4.67082      0.43629      0.37685
     4.69277      0.43516      0.36757
     4.71471      0.43506      0.35813
     4.73666      0.43417      0.34919
     4.75860      0.43226      0.34148
     4.78055      0.42913      0.33573
     4.80249      0.42542      0.33252
     4.82444      0.42062      0.33224
     4.84638      0.41426      0.33266
     4.86833      0.40631      0.32266
     4.89027      0.39683      0.31373
     4.91222      0.38608      0.30681
     4.93416      0.39376      0.30233
     4.95611      0.41571      0.29930
     4.97805      0.44351      0.29839
     5.00000      0.47786      0.29900
