# T/Tc, sigma/T(strange)_max,sigma/T(strange)_min, sigma/T(full)_max, sigma/T(full)_min
     1.00000      0.00046      0.00033      0.00525      0.00428
     1.07464      0.00053      0.00044      0.00654      0.00591
     1.14928      0.00059      0.00053      0.00775      0.00739
     1.22392      0.00064      0.00061      0.00899      0.00868
     1.29856      0.00071      0.00067      0.01016      0.00958
     1.37320      0.00078      0.00072      0.01106      0.01017
     1.44784      0.00084      0.00076      0.01168      0.01059
     1.52248      0.00092      0.00082      0.01207      0.01088
     1.59712      0.00102      0.00090      0.01242      0.01107
     1.67176      0.00113      0.00100      0.01263      0.01124
     1.74640      0.00127      0.00112      0.01273      0.01130
     1.82104      0.00149      0.00129      0.01287      0.01127
     1.89568      0.00191      0.00150      0.01330      0.01134
     1.97032      0.00233      0.00172      0.01378      0.01154
     2.04496      0.00265      0.00193      0.01418      0.01186
     2.11960      0.00285      0.00216      0.01449      0.01229
     2.19424      0.00313      0.00241      0.01494      0.01272
     2.26888      0.00347      0.00267      0.01550      0.01322
     2.34352      0.00378      0.00294      0.01610      0.01377
     2.41816      0.00401      0.00322      0.01671      0.01441
     2.49280      0.00428      0.00334      0.01755      0.01497
     2.56744      0.00444      0.00343      0.01843      0.01565
     2.64208      0.00451      0.00353      0.01939      0.01651
     2.71672      0.00450      0.00364      0.02036      0.01744
     2.79136      0.00445      0.00375      0.02150      0.01848
     2.86600      0.00459      0.00380      0.02296      0.01952
     2.94064      0.00473      0.00381      0.02448      0.02036
     3.01528      0.00483      0.00375      0.02637      0.02122
     3.08992      0.00490      0.00368      0.02864      0.02196
     3.16456      0.00495      0.00348      0.03154      0.02248
