# T/Tc, g_max^2, g_min^2
     0.98101     40.03934     34.24282
     0.99835     39.07319     33.71297
     1.01568     38.12137     33.19044
     1.03301     37.18451     32.67508
     1.05035     36.26323     32.16668
     1.06768     35.35799     31.66495
     1.08501     34.46922     31.16960
     1.10235     33.59726     30.68026
     1.11968     32.74233     30.19649
     1.13701     31.90464     29.66987
     1.15435     31.08429     29.10271
     1.17168     30.28136     28.54846
     1.18901     29.49584     28.00636
     1.20635     28.72771     27.38921
     1.22368     27.97688     26.72430
     1.24102     27.24322     26.08920
     1.25835     26.58221     25.48298
     1.27568     26.00731     24.90463
     1.29302     25.54878     24.35292
     1.31035     25.08945     23.82658
     1.32768     24.62851     23.32423
     1.34502     24.16533     22.84442
     1.36235     23.69931     22.36467
     1.37968     23.22994     21.85811
     1.39702     22.75672     21.36543
     1.41435     22.27924     20.80852
     1.43168     21.79718     20.25001
     1.44902     21.31035     19.70593
     1.46635     20.81863     19.17602
     1.48368     20.32208     18.66002
     1.50102     19.82090     18.15771
     1.51835     19.31545     17.66882
     1.53568     18.80627     17.19314
     1.55302     18.29404     16.73041
     1.57035     17.88709     16.28044
     1.58769     17.52968     15.84295
     1.60502     17.16156     15.41776
     1.62235     16.77914     15.00464
     1.63969     16.37884     14.60337
     1.65702     15.95733     14.21375
     1.67435     15.51182     13.83556
     1.69169     15.04046     13.46860
     1.70902     14.54272     13.11265
     1.72635     14.01993     12.76752
     1.74369     13.47552     12.43300
     1.76102     12.91525     12.10887
     1.77835     12.34697     11.79495
     1.79569     11.94803     11.49102
     1.81302     11.58480     11.11490
     1.83035     11.22740     10.69124
     1.84769     10.87661     10.18771
     1.86502     10.53325      9.72087
     1.88235     10.22315      9.29482
     1.89969      9.94507      8.91123
     1.91702      9.67705      8.56962
     1.93436      9.41901      8.26786
     1.95169      9.17172      8.00275
     1.96902      8.95649      7.77046
     1.98636      8.74901      7.56699
     2.00369      8.54906      7.38844
     2.02102      8.35647      7.23115
     2.03836      8.17100      7.09184
     2.05569      7.99248      6.96766
     2.07302      7.82071      6.85613
     2.09036      7.65548      6.75516
     2.10769      7.49660      6.66300
     2.12502      7.34390      6.57356
     2.14236      7.19718      6.42322
     2.15969      7.05625      6.28323
     2.17702      6.92093      6.15295
     2.19436      6.79104      6.03174
     2.21169      6.66642      5.90743
     2.22902      6.54688      5.78878
     2.24636      6.43227      5.67757
     2.26369      6.32242      5.57341
     2.28103      6.21716      5.47594
     2.29836      6.11634      5.38484
     2.31569      6.01982      5.29979
     2.33303      5.92744      5.22048
     2.35036      5.83906      5.14663
     2.36769      5.75605      5.07799
     2.38503      5.70982      5.01428
     2.40236      5.66445      4.95530
     2.41969      5.61990      4.90079
     2.43703      5.57610      4.85057
     2.45436      5.53301      4.80441
     2.47169      5.49058      4.76213
     2.48903      5.44880      4.72353
     2.50636      5.40761      4.68845
     2.52369      5.36702      4.65670
     2.54103      5.32697      4.62812
     2.55836      5.28748      4.60252
     2.57569      5.24852      4.57975
     2.59303      5.21007      4.55876
     2.61036      5.17214      4.53711
     2.62770      5.13472      4.51791
     2.64503      5.09782      4.50105
     2.66236      5.06142      4.48640
     2.67970      5.02554      4.47382
     2.69703      4.99018      4.46322
     2.71436      4.95536      4.45448
     2.73170      4.92107      4.44568
     2.74903      4.88734      4.43693
     2.76636      4.85418      4.42986
     2.78370      4.82160      4.42440
     2.80103      4.78962      4.42047
     2.81836      4.75824      4.41799
     2.83570      4.72748      4.41690
     2.85303      4.69736      4.41711
     2.87036      4.66788      4.41585
     2.88770      4.63906      4.41421
     2.90503      4.61090      4.41362
     2.92236      4.58340      4.41404
     2.93970      4.55657      4.41541
     2.95703      4.53536      4.41768
     2.97437      4.52473      4.41542
     2.99170      4.51624      4.40667
     3.00903      4.51080      4.39891
     3.02637      4.52095      4.39211
     3.04370      4.53307      4.38622
     3.06103      4.54576      4.38123
     3.07837      4.55898      4.36556
     3.09570      4.57270      4.34447
     3.11303      4.58688      4.32395
     3.13037      4.60150      4.30397
     3.14770      4.61652      4.28453
     3.16503      4.63192      4.26559
     3.18237      4.64768      4.24713
     3.19970      4.66375      4.22914
     3.21703      4.68013      4.21160
     3.23437      4.69679      4.19448
     3.25170      4.71370      4.17776
     3.26904      4.73085      4.16143
     3.28637      4.74821      4.14547
     3.30370      4.76577      4.12987
     3.32104      4.78350      4.11459
     3.33837      4.80140      4.09964
     3.35570      4.81945      4.08499
     3.37304      4.83762      4.07064
     3.39037      4.85591      4.05656
     3.40770      4.87430      4.04276
     3.42504      4.89277      4.02921
     3.44237      4.91132      4.01591
     3.45970      4.92994      4.00284
     3.47704      4.94860      3.99001
     3.49437      4.96730      3.97739
     3.51170      4.98604      3.96499
     3.52904      5.00479      3.95280
     3.54637      5.02355      3.94081
     3.56370      5.04231      3.92901
     3.58104      5.06107      3.91740
     3.59837      5.07981      3.90598
     3.61571      5.09852      3.89473
     3.63304      5.11721      3.88366
     3.65037      5.13586      3.87276
     3.66771      5.15446      3.86203
     3.68504      5.17302      3.85146
     3.70237      5.19152      3.84106
     3.71971      5.20995      3.83081
     3.73704      5.22832      3.82071
     3.75437      5.24662      3.81076
     3.77171      5.26484      3.80096
     3.78904      5.28298      3.79131
     3.80637      5.30104      3.78180
     3.82371      5.31901      3.77243
     3.84104      5.33689      3.76320
     3.85837      5.35467      3.75410
     3.87571      5.37235      3.74514
     3.89304      5.38993      3.73631
     3.91037      5.40740      3.72760
     3.92771      5.42476      3.71903
     3.94504      5.44202      3.71057
     3.96238      5.45917      3.70224
     3.97971      5.47619      3.69403
     3.99704      5.49311      3.68594
     4.01438      5.50990      3.67796
     4.03171      5.52658      3.67011
     4.04904      5.54313      3.66236
     4.06638      5.55957      3.65472
     4.08371      5.57587      3.64720
     4.10104      5.59206      3.63978
     4.11838      5.60811      3.63247
     4.13571      5.62404      3.62526
     4.15304      5.63984      3.61816
     4.17038      5.65551      3.61115
     4.18771      5.67106      3.60425
     4.20504      5.68647      3.59744
     4.22238      5.70176      3.59073
     4.23971      5.71691      3.58412
     4.25704      5.73193      3.57759
     4.27438      5.74683      3.57116
     4.29171      5.76159      3.56482
     4.30905      5.77923      3.55857
     4.32638      5.79767      3.55241
     4.34371      5.81596      3.54633
     4.36105      5.83413      3.54034
     4.37838      5.85214      3.53443
     4.39571      5.87001      3.52860
     4.41305      5.88774      3.52286
     4.43038      5.90532      3.51719
