# T/Tc,massG_min*eval, massG_max*eval, massL_min*eval, massL_max*eval, massS_min*eval, massS_max*eval
     0.98101      0.82098      0.88561      0.51552      0.52512      0.54552      0.55512
     1.00789      0.83590      0.89211      0.50130      0.51069      0.53130      0.54069
     1.03476      0.85047      0.89938      0.48709      0.49726      0.51709      0.52726
     1.06164      0.86469      0.90965      0.47354      0.48375      0.50354      0.51375
     1.08851      0.87856      0.91905      0.46069      0.47041      0.49069      0.50041
     1.11539      0.89207      0.92759      0.44856      0.45793      0.47856      0.48793
     1.14226      0.90277      0.93527      0.43715      0.44564      0.46715      0.47564
     1.16914      0.91231      0.94210      0.42645      0.43403      0.45645      0.46403
     1.19601      0.92179      0.94811      0.41647      0.42302      0.44647      0.45302
     1.22289      0.93052      0.95415      0.40718      0.41258      0.43718      0.44258
     1.24976      0.93524      0.96157      0.39856      0.40276      0.42856      0.43276
     1.27664      0.94013      0.96799      0.39060      0.39431      0.42060      0.42431
     1.30351      0.94523      0.97340      0.38284      0.38744      0.41284      0.41744
     1.33039      0.95054      0.98215      0.37496      0.38114      0.40496      0.41114
     1.35726      0.95605      0.99005      0.36792      0.37537      0.39792      0.40537
     1.38414      0.96174      0.99681      0.36169      0.37011      0.39169      0.40011
     1.41101      0.96757      1.00229      0.35627      0.36534      0.38627      0.39534
     1.43789      0.96790      1.00633      0.35163      0.36181      0.38163      0.39181
     1.46476      0.96675      1.00880      0.34773      0.35894      0.37773      0.38894
     1.49164      0.96504      1.00955      0.34452      0.35659      0.37452      0.38659
     1.51851      0.96280      1.00847      0.34197      0.35469      0.37197      0.38469
     1.54539      0.96007      1.00549      0.33963      0.35321      0.36963      0.38321
     1.57226      0.95689      1.00059      0.33784      0.35209      0.36784      0.38209
     1.59913      0.95329      1.00070      0.33654      0.35130      0.36654      0.38130
     1.62601      0.94931      1.00109      0.33556      0.35080      0.36556      0.38080
     1.65288      0.94500      0.99898      0.33515      0.35055      0.36515      0.38055
     1.67976      0.94038      0.99377      0.33397      0.35051      0.36397      0.38051
     1.70663      0.93551      0.98488      0.33313      0.35065      0.36313      0.38065
     1.73351      0.93043      0.97196      0.33282      0.35129      0.36282      0.38129
     1.76038      0.92331      0.95507      0.33321      0.35265      0.36321      0.38265
     1.78726      0.90929      0.93482      0.33447      0.35447      0.36447      0.38447
     1.81413      0.89550      0.91986      0.33672      0.35677      0.36672      0.38677
     1.84101      0.88225      0.91283      0.33997      0.35917      0.36997      0.38917
     1.86788      0.86749      0.90571      0.34173      0.36202      0.37173      0.39202
     1.89476      0.84805      0.89856      0.34308      0.36492      0.37308      0.39492
     1.92163      0.83192      0.89203      0.34461      0.36760      0.37461      0.39760
     1.94851      0.81940      0.88660      0.34631      0.36998      0.37631      0.39998
     1.97538      0.81037      0.88127      0.34818      0.37200      0.37818      0.40200
     2.00226      0.80443      0.87608      0.35021      0.37363      0.38021      0.40363
     2.02913      0.80107      0.87107      0.35239      0.37488      0.38239      0.40488
     2.05601      0.79978      0.86624      0.35474      0.37578      0.38474      0.40578
     2.08288      0.80009      0.86163      0.35724      0.37640      0.38724      0.40640
     2.10976      0.80161      0.85725      0.35990      0.37710      0.38990      0.40710
     2.13663      0.79740      0.85313      0.36271      0.37815      0.39271      0.40815
     2.16351      0.79410      0.84928      0.36569      0.37915      0.39569      0.40915
     2.19038      0.79161      0.84571      0.36882      0.38065      0.39882      0.41065
     2.21726      0.78932      0.84243      0.37211      0.38227      0.40211      0.41227
     2.24413      0.78767      0.83946      0.37557      0.38394      0.40557      0.41394
     2.27101      0.78661      0.83681      0.37774      0.38571      0.40774      0.41571
     2.29788      0.78609      0.83447      0.37866      0.38761      0.40866      0.41761
     2.32476      0.78607      0.83247      0.37991      0.38968      0.40991      0.41968
     2.35163      0.78651      0.83516      0.38154      0.39194      0.41154      0.42194
     2.37851      0.78739      0.83919      0.38361      0.39543      0.41361      0.42543
     2.40538      0.78866      0.84310      0.38615      0.39994      0.41615      0.42994
     2.43226      0.79032      0.84685      0.38920      0.40462      0.41920      0.43462
     2.45913      0.79233      0.85043      0.39279      0.40949      0.42279      0.43949
     2.48601      0.79411      0.85381      0.39695      0.41455      0.42695      0.44455
     2.51288      0.79554      0.85698      0.40169      0.41980      0.43169      0.44980
     2.53976      0.79740      0.85991      0.40701      0.42524      0.43701      0.45524
     2.56663      0.79967      0.86260      0.41292      0.43088      0.44292      0.46088
     2.59351      0.80235      0.86504      0.41941      0.43670      0.44941      0.46670
     2.62038      0.80541      0.86721      0.42646      0.44273      0.45646      0.47273
     2.64726      0.80884      0.86912      0.43404      0.44895      0.46404      0.47895
     2.67413      0.81262      0.87077      0.44213      0.45537      0.47213      0.48537
     2.70101      0.81674      0.87217      0.45068      0.46198      0.48068      0.49198
     2.72788      0.82117      0.87333      0.45900      0.46880      0.48900      0.49880
     2.75475      0.82591      0.87428      0.46737      0.47581      0.49737      0.50581
     2.78163      0.83094      0.87502      0.47593      0.48303      0.50593      0.51303
     2.80850      0.83625      0.87560      0.48391      0.49044      0.51391      0.52044
     2.83538      0.84182      0.87604      0.49226      0.49999      0.52226      0.52999
     2.86225      0.84764      0.87639      0.50097      0.50992      0.53097      0.53992
     2.88913      0.85370      0.87667      0.51006      0.52001      0.54006      0.55001
     2.91600      0.85919      0.87780      0.51953      0.53020      0.54953      0.56020
     2.94288      0.86477      0.87977      0.52938      0.54045      0.55938      0.57045
     2.96975      0.87049      0.88200      0.53902      0.55072      0.56902      0.58072
     2.99663      0.87630      0.88790      0.54779      0.56096      0.57779      0.59096
     3.02350      0.87845      0.89398      0.55675      0.57156      0.58675      0.60156
     3.05038      0.87913      0.90023      0.56589      0.58286      0.59589      0.61286
     3.07725      0.87998      0.90665      0.57522      0.59408      0.60522      0.62408
     3.10413      0.88103      0.91323      0.58472      0.60518      0.61472      0.63518
     3.13100      0.88228      0.91997      0.59441      0.61613      0.62441      0.64613
     3.15788      0.88376      0.92685      0.60427      0.62700      0.63427      0.65700
     3.18475      0.88547      0.93387      0.61431      0.63763      0.64431      0.66763
     3.21163      0.88741      0.94130      0.62451      0.64838      0.65451      0.67838
     3.23850      0.88958      0.94957      0.63488      0.66212      0.66488      0.69212
     3.26538      0.89198      0.95795      0.64542      0.67613      0.67542      0.70613
     3.29225      0.89250      0.96643      0.65611      0.69040      0.68611      0.72040
     3.31913      0.89292      0.97502      0.66365      0.70489      0.69365      0.73489
     3.34600      0.89329      0.98370      0.67071      0.71996      0.70071      0.74996
     3.37288      0.89362      0.99247      0.67755      0.73546      0.70755      0.76546
     3.39975      0.89393      1.00132      0.68420      0.75128      0.71420      0.78128
     3.42663      0.89422      1.01025      0.69067      0.76743      0.72067      0.79743
     3.45350      0.89451      1.01925      0.69697      0.78390      0.72697      0.81390
     3.48038      0.89481      1.02832      0.70310      0.80068      0.73310      0.83068
     3.50725      0.89512      1.03744      0.70909      0.81777      0.73909      0.84777
     3.53413      0.89546      1.04662      0.71495      0.83515      0.74495      0.86515
     3.56100      0.89583      1.05586      0.72068      0.85283      0.75068      0.88283
     3.58788      0.89624      1.06514      0.72631      0.87080      0.75631      0.90080
     3.61475      0.89669      1.07447      0.73183      0.88904      0.76183      0.91904
     3.64163      0.89720      1.08383      0.73726      0.90755      0.76726      0.93755
     3.66850      0.89776      1.09323      0.74261      0.92632      0.77261      0.95632
     3.69538      0.89838      1.10266      0.74789      0.94535      0.77789      0.97535
     3.72225      0.89907      1.11212      0.75310      0.96462      0.78310      0.99462
     3.74913      0.89983      1.12161      0.75825      0.98413      0.78825      1.01413
     3.77600      0.90065      1.13112      0.76336      1.00388      0.79336      1.03388
     3.80288      0.90155      1.14065      0.76841      1.02384      0.79841      1.05384
     3.82975      0.90252      1.15019      0.77343      1.04402      0.80343      1.07402
     3.85662      0.90356      1.15975      0.77842      1.06441      0.80842      1.09441
     3.88350      0.90468      1.16932      0.78337      1.08499      0.81337      1.11499
     3.91037      0.90587      1.17891      0.78830      1.10576      0.81830      1.13576
     3.93725      0.90713      1.18849      0.79321      1.12672      0.82321      1.15672
     3.96412      0.90847      1.19809      0.79810      1.14784      0.82810      1.17784
     3.99100      0.90988      1.20769      0.80298      1.16914      0.83298      1.19914
     4.01787      0.91136      1.21728      0.80785      1.19059      0.83785      1.22059
     4.04475      0.91290      1.22688      0.81271      1.21219      0.84271      1.24219
     4.07162      0.91452      1.23648      0.81756      1.23393      0.84756      1.26393
     4.09850      0.91620      1.24608      0.82240      1.25581      0.85240      1.28581
     4.12537      0.91794      1.25567      0.82725      1.27782      0.85725      1.30782
     4.15225      0.91975      1.26526      0.83209      1.29994      0.86209      1.32994
     4.17912      0.92162      1.27484      0.83693      1.32218      0.86693      1.35218
     4.20600      0.92355      1.28442      0.84178      1.34452      0.87178      1.37452
     4.23287      0.92553      1.29398      0.84663      1.36697      0.87663      1.39697
     4.25975      0.92757      1.30354      0.85148      1.38950      0.88148      1.41950
     4.28662      0.92967      1.31309      0.85634      1.41212      0.88634      1.44212
     4.31350      0.93181      1.32264      0.86120      1.43482      0.89120      1.46482
     4.34037      0.93401      1.33217      0.86607      1.45760      0.89607      1.48760
     4.36725      0.93626      1.34169      0.87094      1.48044      0.90094      1.51044
     4.39412      0.93855      1.35119      0.87583      1.50334      0.90583      1.53334
     4.42100      0.94089      1.36069      0.88072      1.52629      0.91072      1.55629
     4.44787      0.94327      1.37018      0.88562      1.54930      0.91562      1.57930
     4.47475      0.94570      1.37965      0.89052      1.57235      0.92052      1.60235
     4.50162      0.94816      1.38911      0.89544      1.59544      0.92544      1.62544
     4.52850      0.95067      1.39856      0.90037      1.61857      0.93037      1.64857
     4.55537      0.95322      1.40799      0.90530      1.64172      0.93530      1.67172
     4.58225      0.95580      1.41742      0.91024      1.66490      0.94024      1.69490
     4.60912      0.95832      1.42683      0.91520      1.68810      0.94520      1.71810
     4.63600      0.96027      1.43622      0.92016      1.71132      0.95016      1.74132
     4.66287      0.96226      1.44561      0.92513      1.73455      0.95513      1.76455
     4.68975      0.96429      1.45498      0.93011      1.75778      0.96011      1.78778
     4.71662      0.96636      1.46433      0.93428      1.78103      0.96428      1.81103
     4.74350      0.96847      1.47368      0.93807      1.80427      0.96807      1.83427
     4.77037      0.97061      1.48301      0.94186      1.82751      0.97186      1.85751
     4.79725      0.97279      1.49233      0.94567      1.85074      0.97567      1.88074
     4.82412      0.97501      1.50164      0.94948      1.87397      0.97948      1.90397
     4.85100      0.97727      1.51093      0.95330      1.89719      0.98330      1.92719
     4.87787      0.97956      1.52021      0.95712      1.92038      0.98712      1.95038
     4.90475      0.98188      1.52948      0.96096      1.94357      0.99096      1.97357
     4.93162      0.98424      1.53874      0.96480      1.96673      0.99480      1.99673
     4.95850      0.98664      1.54798      0.96865      1.98987      0.99865      2.01987
     4.98537      0.98907      1.55722      0.97251      2.01298      1.00251      2.04298
     5.01224      0.99153      1.56644      0.97638      2.03607      1.00638      2.06607
     5.03912      0.99403      1.57565      0.98026      2.05913      1.01026      2.08913
     5.06599      0.99656      1.58484      0.98415      2.08216      1.01415      2.11216
     5.09287      0.99912      1.59403      0.98805      2.10515      1.01805      2.13515
     5.11974      1.00171      1.60321      0.99195      2.12811      1.02195      2.15811
     5.14662      1.00434      1.61237      0.99587      2.15103      1.02587      2.18103
     5.17349      1.00699      1.62152      0.99979      2.17392      1.02979      2.20392
     5.20037      1.00968      1.63067      1.00372      2.19676      1.03372      2.22676
     5.22724      1.01239      1.63980      1.00767      2.21957      1.03767      2.24957
     5.25412      1.01514      1.64892      1.01162      2.24233      1.04162      2.27233
     5.28099      1.01791      1.65804      1.01558      2.26505      1.04558      2.29505
     5.30787      1.02072      1.66714      1.01955      2.28772      1.04955      2.31772
     5.33474      1.02355      1.67623      1.02352      2.31035      1.05352      2.34035
     5.36162      1.02641      1.68531      1.02751      2.33294      1.05751      2.36294
     5.38849      1.02929      1.69439      1.03150      2.35547      1.06150      2.38547
     5.41537      1.03221      1.70345      1.03551      2.37796      1.06551      2.40796
     5.44224      1.03515      1.71251      1.03952      2.40040      1.06952      2.43040
     5.46912      1.03811      1.72156      1.04354      2.42279      1.07354      2.45279
     5.49599      1.04110      1.73060      1.04757      2.44513      1.07757      2.47513
     5.52287      1.04411      1.73963      1.05161      2.46742      1.08161      2.49742
     5.54974      1.04715      1.74865      1.05565      2.48965      1.08565      2.51965
     5.57662      1.05022      1.75766      1.05971      2.51184      1.08971      2.54184
     5.60349      1.05330      1.76667      1.06377      2.53397      1.09377      2.56397
     5.63037      1.05641      1.77567      1.06784      2.55606      1.09784      2.58606
     5.65724      1.05955      1.78466      1.07192      2.57809      1.10192      2.60809
     5.68412      1.06270      1.79364      1.07601      2.60006      1.10601      2.63006
     5.71099      1.06588      1.80262      1.08010      2.62198      1.11010      2.65198
     5.73787      1.06908      1.81159      1.08420      2.64385      1.11420      2.67385
     5.76474      1.07230      1.82055      1.08831      2.66567      1.11831      2.69567
     5.79162      1.07554      1.82950      1.09243      2.68743      1.12243      2.71743
     5.81849      1.07880      1.83845      1.09655      2.70914      1.12655      2.73914
     5.84537      1.08208      1.84739      1.10068      2.73080      1.13068      2.76080
     5.87224      1.08538      1.85633      1.10482      2.75240      1.13482      2.78240
     5.89912      1.08870      1.86526      1.10897      2.77395      1.13897      2.80395
     5.92599      1.09204      1.87418      1.11312      2.79544      1.14312      2.82544
     5.95287      1.09539      1.88310      1.11728      2.81688      1.14728      2.84688
     5.97974      1.09877      1.89201      1.12145      2.83827      1.15145      2.86827
     6.00662      1.10216      1.90091      1.12562      2.85960      1.15562      2.88960
     6.03349      1.10557      1.90981      1.12980      2.88088      1.15980      2.91088
     6.06037      1.10900      1.91871      1.13399      2.90211      1.16399      2.93211
     6.08724      1.11245      1.92759      1.13818      2.92328      1.16818      2.95328
     6.11411      1.11591      1.93648      1.14238      2.94440      1.17238      2.97440
     6.14099      1.11939      1.94535      1.14659      2.96547      1.17659      2.99547
     6.16786      1.12288      1.95423      1.15080      2.98649      1.18080      3.01649
     6.19474      1.12639      1.96309      1.15502      3.00745      1.18502      3.03745
     6.22161      1.12992      1.97196      1.15925      3.02836      1.18925      3.05836
     6.24849      1.13346      1.98082      1.16348      3.04923      1.19348      3.07923
     6.27536      1.13701      1.98967      1.16772      3.07003      1.19772      3.10003
     6.30224      1.14058      1.99852      1.17196      3.09079      1.20196      3.12079
     6.32911      1.14417      2.00736      1.17621      3.11150      1.20621      3.14150
