# T/Tc, Ag_min^2, Ag_max^2, Aq_min^2, Aq_max^2
     0.98101      0.79679      0.83714      0.28458      0.33044
     1.00789      0.80653      0.83865      0.26621      0.30294
     1.03476      0.81494      0.84239      0.24778      0.27817
     1.06164      0.82358      0.84609      0.23105      0.25593
     1.08851      0.83232      0.85002      0.21594      0.23600
     1.11539      0.84072      0.85783      0.20235      0.21818
     1.14226      0.84826      0.86477      0.19017      0.20259
     1.16914      0.85199      0.87106      0.17930      0.19008
     1.19601      0.85621      0.87744      0.16963      0.17940
     1.22289      0.86089      0.88372      0.16100      0.16970
     1.24976      0.86599      0.88921      0.15240      0.16094
     1.27664      0.87144      0.89396      0.14491      0.15303
     1.30351      0.87650      0.89840      0.13845      0.14590
     1.33039      0.87959      0.90337      0.13203      0.13956
     1.35726      0.88264      0.90759      0.12646      0.13449
     1.38414      0.88565      0.91105      0.12176      0.12999
     1.41101      0.88862      0.91373      0.11789      0.12623
     1.43789      0.89154      0.91565      0.11478      0.12371
     1.46476      0.89409      0.91680      0.11240      0.12190
     1.49164      0.89469      0.91721      0.11064      0.12058
     1.51851      0.89414      0.91884      0.10849      0.11971
     1.54539      0.89357      0.92131      0.10694      0.11928
     1.57226      0.89304      0.92267      0.10545      0.11924
     1.59913      0.89263      0.92285      0.10391      0.11958
     1.62601      0.89236      0.92178      0.10292      0.12027
     1.65288      0.89229      0.91949      0.10259      0.12129
     1.67976      0.89223      0.91604      0.10304      0.12263
     1.70663      0.89090      0.91457      0.10445      0.12426
     1.73351      0.88686      0.91381      0.10702      0.12622
     1.76038      0.88216      0.91281      0.11094      0.12902
     1.78726      0.87729      0.91158      0.11637      0.13203
     1.81413      0.87242      0.91014      0.12333      0.13523
     1.84101      0.86775      0.90850      0.12731      0.14057
     1.86788      0.86344      0.90668      0.12982      0.14632
     1.89476      0.85967      0.90469      0.13218      0.15221
     1.92163      0.85657      0.90255      0.13470      0.15964
     1.94851      0.85423      0.90192      0.13736      0.16793
     1.97538      0.85272      0.90117      0.14015      0.17493
     2.00226      0.85202      0.90020      0.14307      0.18050
     2.02913      0.85210      0.89903      0.14611      0.18469
     2.05601      0.85287      0.89763      0.14926      0.18766
     2.08288      0.85423      0.89602      0.15252      0.18965
     2.10976      0.85510      0.89418      0.15588      0.19087
     2.13663      0.85634      0.89212      0.15934      0.19284
     2.16351      0.85796      0.88986      0.16288      0.19493
     2.19038      0.85983      0.88739      0.16652      0.19666
     2.21726      0.86027      0.88472      0.17024      0.19889
     2.24413      0.86008      0.88187      0.17404      0.20155
     2.27101      0.86019      0.87885      0.17791      0.20402
     2.29788      0.86054      0.87568      0.18186      0.20634
     2.32476      0.86023      0.87503      0.18588      0.20855
     2.35163      0.85690      0.87540      0.18997      0.21070
     2.37851      0.85348      0.87542      0.19235      0.21281
     2.40538      0.85004      0.87507      0.19308      0.21602
     2.43226      0.84661      0.87433      0.19407      0.21931
     2.45913      0.84318      0.87320      0.19537      0.22310
     2.48601      0.83976      0.87237      0.19699      0.22704
     2.51288      0.83634      0.87131      0.19897      0.23098
     2.53976      0.83294      0.86975      0.20132      0.23493
     2.56663      0.82955      0.86768      0.20409      0.23889
     2.59351      0.82618      0.86511      0.20729      0.24286
     2.62038      0.82283      0.86203      0.21095      0.24684
     2.64726      0.81949      0.85845      0.21509      0.25084
     2.67413      0.81618      0.85437      0.21973      0.25486
     2.70101      0.81288      0.84980      0.22488      0.25890
     2.72788      0.80961      0.84522      0.23056      0.26295
     2.75475      0.80637      0.84003      0.23675      0.26703
     2.78163      0.80315      0.83419      0.24347      0.27113
     2.80850      0.79995      0.82773      0.25070      0.27525
     2.83538      0.79679      0.82070      0.25841      0.27939
     2.86225      0.79203      0.81315      0.26617      0.28354
     2.88913      0.78576      0.80559      0.27264      0.28883
     2.91600      0.77960      0.79778      0.27945      0.29477
     2.94288      0.77358      0.79360      0.28650      0.30115
     2.96975      0.76773      0.79100      0.29268      0.30745
     2.99663      0.76206      0.78843      0.29755      0.31364
     3.02350      0.75661      0.78589      0.30250      0.32216
     3.05038      0.75138      0.78337      0.30753      0.33191
     3.07725      0.74378      0.78088      0.31262      0.34158
     3.10413      0.73530      0.77842      0.31779      0.35113
     3.13100      0.72677      0.77599      0.32302      0.36047
     3.15788      0.71726      0.77358      0.32832      0.36954
     3.18475      0.70770      0.77120      0.33367      0.37830
     3.21163      0.69811      0.76885      0.33854      0.38669
     3.23850      0.68853      0.76653      0.34274      0.39468
     3.26538      0.67897      0.76423      0.34693      0.40224
     3.29225      0.66946      0.76196      0.35110      0.41390
     3.31913      0.66002      0.75973      0.35524      0.42643
     3.34600      0.65067      0.75752      0.35933      0.43929
     3.37288      0.64142      0.75534      0.36140      0.45246
     3.39975      0.63230      0.75318      0.36328      0.46590
     3.42663      0.62332      0.75106      0.36499      0.47958
     3.45350      0.61449      0.74897      0.36654      0.49349
     3.48038      0.60583      0.74690      0.36795      0.50758
     3.50725      0.59734      0.74487      0.36922      0.52250
     3.53413      0.58903      0.74286      0.37037      0.53780
     3.56100      0.58092      0.74089      0.37140      0.55345
     3.58788      0.57300      0.73894      0.37233      0.56942
     3.61475      0.56529      0.73702      0.37317      0.58572
     3.64163      0.55778      0.73514      0.37392      0.60233
     3.66850      0.55048      0.73328      0.37460      0.61925
     3.69538      0.54340      0.73146      0.37521      0.63646
     3.72225      0.53652      0.72966      0.37575      0.65396
     3.74913      0.52985      0.72789      0.37624      0.67174
     3.77600      0.52340      0.72616      0.37668      0.68977
     3.80288      0.51715      0.72445      0.37708      0.70806
     3.82975      0.51111      0.72278      0.37744      0.72658
     3.85662      0.50527      0.72113      0.37776      0.74533
     3.88350      0.49962      0.71951      0.37805      0.76430
     3.91037      0.49418      0.71813      0.37831      0.78347
     3.93725      0.48892      0.71748      0.37855      0.80283
     3.96412      0.48385      0.71688      0.37877      0.82237
     3.99100      0.47896      0.71632      0.37897      0.84207
     4.01787      0.47425      0.71581      0.37916      0.86193
     4.04475      0.46970      0.71534      0.37933      0.88192
     4.07162      0.46533      0.71491      0.37948      0.90204
     4.09850      0.46111      0.71451      0.37963      0.92227
     4.12537      0.45706      0.71416      0.37977      0.94261
     4.15225      0.45315      0.71384      0.37990      0.96303
     4.17912      0.44939      0.71355      0.38002      0.98353
     4.20600      0.44576      0.71330      0.38014      1.00409
     4.23287      0.44228      0.71307      0.38026      1.02470
     4.25975      0.43892      0.71288      0.38037      1.04536
     4.28662      0.43569      0.71271      0.38048      1.06604
     4.31350      0.43258      0.71257      0.38059      1.08674
     4.34037      0.42959      0.71246      0.38069      1.10745
     4.36725      0.42671      0.71237      0.38079      1.12815
     4.39412      0.42393      0.71260      0.38090      1.14884
     4.42100      0.42126      0.71343      0.38100      1.16950
     4.44787      0.41869      0.71427      0.38110      1.19013
     4.47475      0.41621      0.71510      0.38121      1.21072
     4.50162      0.41382      0.71592      0.38131      1.23125
     4.52850      0.41152      0.71674      0.38141      1.25172
     4.55537      0.40930      0.71756      0.38152      1.27213
     4.58225      0.40717      0.71837      0.38162      1.29245
     4.60912      0.40511      0.71917      0.38173      1.31269
     4.63600      0.40312      0.71997      0.38184      1.33283
     4.66287      0.40121      0.72076      0.38195      1.35288
     4.68975      0.39936      0.72154      0.38206      1.37282
     4.71662      0.39758      0.72232      0.38217      1.39265
     4.74350      0.39586      0.72309      0.38228      1.41236
     4.77037      0.39420      0.72385      0.38240      1.43194
     4.79725      0.39260      0.72460      0.38251      1.45139
     4.82412      0.39105      0.72535      0.38263      1.47071
     4.85100      0.38956      0.72609      0.38275      1.48989
     4.87787      0.38811      0.72682      0.38287      1.50893
     4.90475      0.38672      0.72754      0.38299      1.52782
     4.93162      0.38537      0.72825      0.38311      1.54655
     4.95850      0.38407      0.72896      0.38323      1.56513
     4.98537      0.38230      0.72965      0.38335      1.58356
     5.01224      0.37987      0.73034      0.38348      1.60182
     5.03912      0.37750      0.73102      0.38360      1.61992
     5.06599      0.37519      0.73169      0.38373      1.63785
     5.09287      0.37293      0.73236      0.38386      1.65561
     5.11974      0.37072      0.73301      0.38398      1.67320
     5.14662      0.36856      0.73366      0.38411      1.69061
     5.17349      0.36645      0.73430      0.38424      1.70785
     5.20037      0.36439      0.73493      0.38437      1.72492
     5.22724      0.36238      0.73555      0.38450      1.74181
     5.25412      0.36041      0.73616      0.38463      1.75852
     5.28099      0.35849      0.73677      0.38476      1.77505
     5.30787      0.35661      0.73737      0.38489      1.79140
     5.33474      0.35478      0.73796      0.38502      1.80757
     5.36162      0.35298      0.73854      0.38515      1.82356
     5.38849      0.35123      0.73912      0.38528      1.83937
     5.41537      0.34952      0.73969      0.38541      1.85500
     5.44224      0.34784      0.74025      0.38554      1.87045
     5.46912      0.34620      0.74080      0.38568      1.88571
     5.49599      0.34460      0.74134      0.38581      1.90080
     5.52287      0.34304      0.74188      0.38594      1.91571
     5.54974      0.34150      0.74241      0.38607      1.93043
     5.57662      0.34001      0.74294      0.38620      1.94498
     5.60349      0.33854      0.74345      0.38633      1.95935
     5.63037      0.33711      0.74396      0.38646      1.97354
     5.65724      0.33571      0.74446      0.38659      1.98756
     5.68412      0.33434      0.74496      0.38672      2.00140
     5.71099      0.33300      0.74545      0.38686      2.01506
     5.73787      0.33169      0.74593      0.38698      2.02855
     5.76474      0.33040      0.74641      0.38711      2.04187
     5.79162      0.32915      0.74688      0.38724      2.05502
     5.81849      0.32792      0.74734      0.38737      2.06800
     5.84537      0.32672      0.74780      0.38750      2.08081
     5.87224      0.32554      0.74825      0.38763      2.09345
     5.89912      0.32439      0.74869      0.38775      2.10593
     5.92599      0.32326      0.74913      0.38788      2.11824
     5.95287      0.32215      0.74956      0.38801      2.13039
     5.97974      0.32107      0.74999      0.38813      2.14238
     6.00662      0.32001      0.75041      0.38826      2.15421
     6.03349      0.31898      0.75083      0.38838      2.16588
     6.06037      0.31796      0.75124      0.38850      2.17739
     6.08724      0.31697      0.75164      0.38863      2.18875
     6.11411      0.31599      0.75204      0.38875      2.19995
     6.14099      0.31504      0.75243      0.38887      2.21100
     6.16786      0.31410      0.75282      0.38899      2.22191
     6.19474      0.31319      0.75320      0.38911      2.23266
     6.22161      0.31229      0.75358      0.38923      2.24327
     6.24849      0.31141      0.75395      0.38935      2.25373
     6.27536      0.31055      0.75432      0.38947      2.26404
     6.30224      0.30970      0.75468      0.38959      2.27422
     6.32911      0.30887      0.75504      0.38970      2.28426
