# T/Tc, widthG_min*eval, widthG_max*eval, widthL_min*eval, widthL_max*eval, widthS_min*eval, widthS_max*eval
     0.98101      0.11829      0.12753      0.03862      0.04860      0.07071      0.10280
     1.00789      0.12056      0.12881      0.04035      0.04905      0.07762      0.10619
     1.03476      0.12276      0.12997      0.04210      0.04951      0.08466      0.10962
     1.06164      0.12488      0.13103      0.04387      0.04999      0.09177      0.11307
     1.08851      0.12691      0.13199      0.04566      0.05050      0.09890      0.11654
     1.11539      0.12863      0.13285      0.04746      0.05145      0.10598      0.12019
     1.14226      0.12979      0.13361      0.04928      0.05245      0.11297      0.12510
     1.16914      0.13090      0.13429      0.05111      0.05346      0.11949      0.12978
     1.19601      0.13199      0.13489      0.05278      0.05446      0.12581      0.13418
     1.22289      0.13301      0.13581      0.05380      0.05559      0.13196      0.13828
     1.24976      0.13378      0.13710      0.05464      0.05710      0.13675      0.14205
     1.27664      0.13444      0.13840      0.05555      0.05863      0.13991      0.14676
     1.30351      0.13507      0.13957      0.05653      0.06051      0.14300      0.15181
     1.33039      0.13567      0.14060      0.05759      0.06240      0.14599      0.15641
     1.35726      0.13614      0.14148      0.05872      0.06429      0.14889      0.16053
     1.38414      0.13655      0.14219      0.05993      0.06619      0.15167      0.16413
     1.41101      0.13691      0.14273      0.06122      0.06808      0.15434      0.16719
     1.43789      0.13696      0.14309      0.06260      0.06998      0.15686      0.16969
     1.46476      0.13688      0.14326      0.06406      0.07187      0.15828      0.17160
     1.49164      0.13673      0.14324      0.06562      0.07376      0.15852      0.17292
     1.51851      0.13654      0.14302      0.06727      0.07564      0.15830      0.17364
     1.54539      0.13630      0.14369      0.06866      0.07752      0.15764      0.17379
     1.57226      0.13601      0.14419      0.07001      0.07939      0.15655      0.17375
     1.59913      0.13568      0.14445      0.07143      0.08124      0.15506      0.17286
     1.62601      0.13531      0.14440      0.07293      0.08308      0.15321      0.17106
     1.65288      0.13490      0.14395      0.07450      0.08490      0.15102      0.16852
     1.67976      0.13446      0.14301      0.07616      0.08669      0.14854      0.16626
     1.70663      0.13400      0.14150      0.07789      0.08861      0.14582      0.16340
     1.73351      0.13352      0.13980      0.07971      0.09106      0.14288      0.15992
     1.76038      0.13301      0.13908      0.08160      0.09355      0.13979      0.15587
     1.78726      0.13157      0.13824      0.08356      0.09603      0.13522      0.15128
     1.81413      0.12999      0.13726      0.08522      0.09849      0.12950      0.14670
     1.84101      0.12685      0.13662      0.08685      0.10087      0.12205      0.14203
     1.86788      0.12377      0.13605      0.08852      0.10314      0.11343      0.13720
     1.89476      0.12113      0.13540      0.09024      0.10529      0.10560      0.13279
     1.92163      0.11904      0.13467      0.09202      0.10729      0.09890      0.12883
     1.94851      0.11750      0.13387      0.09359      0.10912      0.09343      0.12558
     1.97538      0.11648      0.13300      0.09506      0.11077      0.08917      0.12264
     2.00226      0.11590      0.13207      0.09650      0.11224      0.08597      0.11971
     2.02913      0.11568      0.13108      0.09788      0.11353      0.08366      0.11681
     2.05601      0.11574      0.13006      0.09921      0.11464      0.08206      0.11396
     2.08288      0.11603      0.12900      0.10048      0.11559      0.08102      0.11116
     2.10976      0.11638      0.12792      0.10168      0.11638      0.08040      0.10842
     2.13663      0.11581      0.12684      0.10280      0.11722      0.07904      0.10576
     2.16351      0.11542      0.12647      0.10383      0.11820      0.07763      0.10317
     2.19038      0.11521      0.12629      0.10477      0.11906      0.07656      0.10068
     2.21726      0.11517      0.12618      0.10562      0.11979      0.07554      0.09827
     2.24413      0.11530      0.12611      0.10636      0.12053      0.07393      0.09595
     2.27101      0.11517      0.12611      0.10699      0.12123      0.07222      0.09373
     2.29788      0.11474      0.12617      0.10751      0.12182      0.07082      0.09161
     2.32476      0.11450      0.12629      0.10792      0.12231      0.06970      0.08959
     2.35163      0.11445      0.12647      0.10822      0.12267      0.06884      0.08767
     2.37851      0.11461      0.12672      0.10840      0.12290      0.06822      0.08584
     2.40538      0.11496      0.12704      0.10846      0.12298      0.06762      0.08412
     2.43226      0.11552      0.12743      0.10841      0.12291      0.06657      0.08295
     2.45913      0.11628      0.12848      0.10800      0.12267      0.06572      0.08320
     2.48601      0.11723      0.12965      0.10729      0.12225      0.06508      0.08340
     2.51288      0.11835      0.13086      0.10649      0.12163      0.06463      0.08356
     2.53976      0.11954      0.13211      0.10563      0.12082      0.06437      0.08366
     2.56663      0.12030      0.13340      0.10469      0.11980      0.06429      0.08370
     2.59351      0.12124      0.13474      0.10346      0.11856      0.06438      0.08367
     2.62038      0.12240      0.13611      0.10213      0.11710      0.06463      0.08359
     2.64726      0.12380      0.13753      0.10074      0.11542      0.06504      0.08343
     2.67413      0.12544      0.13900      0.09931      0.11353      0.06559      0.08321
     2.70101      0.12733      0.14051      0.09785      0.11192      0.06630      0.08293
     2.72788      0.12947      0.14207      0.09635      0.11048      0.06714      0.08258
     2.75475      0.13186      0.14368      0.09457      0.10888      0.06811      0.08217
     2.78163      0.13450      0.14533      0.09265      0.10710      0.06916      0.08191
     2.80850      0.13737      0.14702      0.09073      0.10515      0.06893      0.08214
     2.83538      0.14047      0.14875      0.08885      0.10304      0.06852      0.08237
     2.86225      0.14265      0.15053      0.08701      0.10165      0.06817      0.08259
     2.88913      0.14429      0.15233      0.08522      0.10055      0.06788      0.08280
     2.91600      0.14598      0.15417      0.08350      0.09941      0.06764      0.08300
     2.94288      0.14770      0.15603      0.08184      0.09823      0.06746      0.08374
     2.96975      0.14947      0.15884      0.07989      0.09701      0.06733      0.08467
     2.99663      0.15127      0.16286      0.07771      0.09575      0.06725      0.08562
     3.02350      0.15311      0.16700      0.07563      0.09445      0.06722      0.08659
     3.05038      0.15499      0.17118      0.07365      0.09312      0.06724      0.08758
     3.07725      0.15689      0.17539      0.07133      0.09197      0.06730      0.08858
     3.10413      0.15883      0.17958      0.06872      0.09107      0.06741      0.09038
     3.13100      0.16079      0.18374      0.06625      0.09017      0.06755      0.09265
     3.15788      0.16277      0.18785      0.06391      0.08926      0.06774      0.09498
     3.18475      0.16478      0.19189      0.06173      0.08835      0.06796      0.09736
     3.21163      0.16681      0.19585      0.05970      0.08745      0.06822      0.09979
     3.23850      0.16885      0.19971      0.05662      0.08655      0.06851      0.10225
     3.26538      0.17092      0.20346      0.05313      0.08565      0.06884      0.10476
     3.29225      0.17299      0.20711      0.04968      0.08476      0.06920      0.10729
     3.31913      0.17509      0.21063      0.04629      0.08388      0.06960      0.10986
     3.34600      0.17719      0.21404      0.04296      0.08300      0.07002      0.11245
     3.37288      0.17930      0.21733      0.03972      0.08213      0.07027      0.11505
     3.39975      0.18142      0.22050      0.03657      0.08127      0.07007      0.11768
     3.42663      0.18355      0.22357      0.03354      0.08042      0.06987      0.12032
     3.45350      0.18568      0.22652      0.03062      0.07958      0.06967      0.12297
     3.48038      0.18782      0.22937      0.02782      0.07876      0.06948      0.12563
     3.50725      0.18996      0.23212      0.02516      0.07794      0.06929      0.12829
     3.53413      0.19210      0.23478      0.02264      0.07714      0.06911      0.13095
     3.56100      0.19424      0.23736      0.02027      0.07635      0.06894      0.13361
     3.58788      0.19638      0.23985      0.01804      0.07558      0.06877      0.13627
     3.61475      0.19852      0.24227      0.01595      0.07482      0.06861      0.13892
     3.64163      0.20066      0.24462      0.01402      0.07408      0.06845      0.14156
     3.66850      0.20235      0.24691      0.01223      0.07335      0.06830      0.14420
     3.69538      0.20379      0.24914      0.01059      0.07264      0.06816      0.14682
     3.72225      0.20521      0.25132      0.00908      0.07194      0.06802      0.14944
     3.74913      0.20663      0.25345      0.00772      0.07126      0.06789      0.15204
     3.77600      0.20803      0.25553      0.00649      0.07060      0.06777      0.15462
     3.80288      0.20942      0.25758      0.00539      0.06995      0.06765      0.15719
     3.82975      0.21080      0.26077      0.00441      0.06932      0.06714      0.15974
     3.85662      0.21218      0.26433      0.00355      0.06871      0.06660      0.16228
     3.88350      0.21354      0.26790      0.00280      0.06811      0.06606      0.16480
     3.91037      0.21491      0.27147      0.00215      0.06753      0.06552      0.16730
     3.93725      0.21626      0.27504      0.00160      0.06696      0.06499      0.16978
     3.96412      0.21761      0.27861      0.00115      0.06642      0.06446      0.17225
     3.99100      0.21896      0.28218      0.00078      0.06588      0.06394      0.17469
     4.01787      0.22030      0.28575      0.00049      0.06592      0.06343      0.17711
     4.04475      0.22164      0.28933      0.00027      0.06609      0.06292      0.17952
     4.07162      0.22298      0.29290      0.00012      0.06627      0.06241      0.18190
     4.09850      0.22431      0.29646      0.00003      0.06646      0.06192      0.18427
     4.12537      0.22564      0.30003      0.00000      0.06665      0.06143      0.18662
     4.15225      0.22697      0.30360      0.00002      0.06685      0.06094      0.18894
     4.17912      0.22829      0.30723      0.00009      0.06706      0.06047      0.19125
     4.20600      0.22962      0.31097      0.00019      0.06727      0.06000      0.19354
     4.23287      0.23094      0.31471      0.00034      0.06748      0.05954      0.19581
     4.25975      0.23227      0.31844      0.00052      0.06770      0.05909      0.19806
     4.28662      0.23359      0.32217      0.00072      0.06792      0.05864      0.20030
     4.31350      0.23491      0.32589      0.00096      0.06815      0.05821      0.20251
     4.34037      0.23623      0.32960      0.00122      0.06838      0.05778      0.20471
     4.36725      0.23755      0.33330      0.00150      0.06861      0.05736      0.20689
     4.39412      0.23887      0.33700      0.00179      0.06884      0.05695      0.20906
     4.42100      0.24019      0.34068      0.00210      0.06908      0.05654      0.21120
     4.44787      0.24151      0.34436      0.00243      0.06932      0.05615      0.21333
     4.47475      0.24283      0.34803      0.00266      0.06957      0.05576      0.21545
     4.50162      0.24415      0.35169      0.00235      0.06981      0.05538      0.21755
     4.52850      0.24547      0.35534      0.00207      0.07006      0.05501      0.21963
     4.55537      0.24679      0.35898      0.00181      0.07031      0.05465      0.22170
     4.58225      0.24811      0.36284      0.00158      0.07056      0.05430      0.22375
     4.60912      0.24943      0.36695      0.00136      0.07082      0.05395      0.22579
     4.63600      0.25076      0.37106      0.00117      0.07107      0.05361      0.22782
     4.66287      0.25208      0.37516      0.00099      0.07133      0.05328      0.22983
     4.68975      0.25340      0.37926      0.00083      0.07159      0.05296      0.23183
     4.71662      0.25473      0.38335      0.00068      0.07185      0.05265      0.23382
     4.74350      0.25605      0.38744      0.00056      0.07211      0.05234      0.23579
     4.77037      0.25737      0.39152      0.00044      0.07237      0.05204      0.23775
     4.79725      0.25870      0.39560      0.00035      0.07264      0.05175      0.23970
     4.82412      0.26003      0.39967      0.00026      0.07290      0.05147      0.24164
     4.85100      0.26135      0.40373      0.00019      0.07317      0.05119      0.24357
     4.87787      0.26268      0.40778      0.00013      0.07344      0.05093      0.24548
     4.90475      0.26401      0.41183      0.00008      0.07371      0.05066      0.24739
     4.93162      0.26534      0.41587      0.00005      0.07398      0.05041      0.24928
     4.95850      0.26667      0.41990      0.00002      0.07425      0.05016      0.25117
     4.98537      0.26800      0.42393      0.00001      0.07452      0.04992      0.25304
     5.01224      0.26933      0.42794      0.00000      0.07480      0.04969      0.25491
     5.03912      0.27066      0.43195      0.00000      0.07507      0.04946      0.25676
     5.06599      0.27200      0.43594      0.00001      0.07535      0.04924      0.25861
     5.09287      0.27333      0.43993      0.00003      0.07562      0.04902      0.26045
     5.11974      0.27466      0.44390      0.00001      0.07590      0.04881      0.26228
     5.14662      0.27600      0.44787      0.00000      0.07618      0.04861      0.26410
     5.17349      0.27734      0.45183      0.00000      0.07645      0.04842      0.26591
     5.20037      0.27867      0.45577      0.00000      0.07673      0.04823      0.26772
     5.22724      0.28001      0.45971      0.00000      0.07701      0.04804      0.26951
     5.25412      0.28135      0.46363      0.00002      0.07729      0.04786      0.27130
     5.28099      0.28269      0.46755      0.00004      0.07757      0.04769      0.27309
     5.30787      0.28403      0.47145      0.00008      0.07786      0.04752      0.27486
     5.33474      0.28537      0.47535      0.00012      0.07814      0.04736      0.27663
     5.36162      0.28671      0.47923      0.00017      0.07842      0.04720      0.27840
     5.38849      0.28805      0.48310      0.00022      0.07871      0.04705      0.28015
     5.41537      0.28939      0.48696      0.00029      0.07899      0.04690      0.28190
     5.44224      0.29074      0.49081      0.00036      0.07927      0.04676      0.28365
     5.46912      0.29208      0.49465      0.00033      0.07956      0.04662      0.28538
     5.49599      0.29342      0.49848      0.00030      0.07985      0.04649      0.28712
     5.52287      0.29477      0.50230      0.00027      0.08013      0.04636      0.28884
     5.54974      0.29611      0.50611      0.00025      0.08042      0.04624      0.29056
     5.57662      0.29746      0.50990      0.00022      0.08071      0.04612      0.29228
     5.60349      0.29881      0.51369      0.00020      0.08100      0.04601      0.29399
     5.63037      0.30016      0.51746      0.00018      0.08129      0.04590      0.29570
     5.65724      0.30150      0.52123      0.00016      0.08158      0.04579      0.29740
     5.68412      0.30285      0.52498      0.00014      0.08187      0.04569      0.29909
     5.71099      0.30420      0.52872      0.00012      0.08216      0.04559      0.30079
     5.73787      0.30555      0.53246      0.00010      0.08245      0.04550      0.30247
     5.76474      0.30690      0.53618      0.00009      0.08274      0.04541      0.30416
     5.79162      0.30825      0.53989      0.00008      0.08303      0.04532      0.30583
     5.81849      0.30961      0.54359      0.00006      0.08332      0.04524      0.30751
     5.84537      0.31096      0.54728      0.00005      0.08362      0.04516      0.30918
     5.87224      0.31231      0.55096      0.00004      0.08391      0.04509      0.31084
     5.89912      0.31366      0.55463      0.00004      0.08421      0.04501      0.31251
     5.92599      0.31502      0.55829      0.00003      0.08450      0.04495      0.31417
     5.95287      0.31637      0.56194      0.00002      0.08479      0.04488      0.31582
     5.97974      0.31773      0.56558      0.00002      0.08509      0.04482      0.31747
     6.00662      0.31908      0.56921      0.00001      0.08539      0.04476      0.31912
     6.03349      0.32044      0.57283      0.00001      0.08568      0.04470      0.32076
     6.06037      0.32180      0.57644      0.00001      0.08598      0.04465      0.32241
     6.08724      0.32315      0.58004      0.00000      0.08628      0.04460      0.32404
     6.11411      0.32451      0.58364      0.00000      0.08657      0.04456      0.32568
     6.14099      0.32587      0.58722      0.00000      0.08687      0.04451      0.32731
     6.16786      0.32723      0.59079      0.00000      0.08717      0.04447      0.32894
     6.19474      0.32859      0.59436      0.00000      0.08747      0.04443      0.33057
     6.22161      0.32995      0.59791      0.00000      0.08777      0.04440      0.33219
     6.24849      0.33131      0.60146      0.00000      0.08807      0.04437      0.33381
     6.27536      0.33267      0.60500      0.00000      0.08837      0.04434      0.33543
     6.30224      0.33403      0.60852      0.00001      0.08867      0.04431      0.33704
     6.32911      0.33539      0.61204      0.00001      0.08897      0.04429      0.33865
