# T/Tc, entr_max, entr_min, chib_max, chib_min, chis_max, chis_min
     0.98101      5.75562      5.54870      0.09044      0.08758      0.26270      0.24750
     0.99358      5.95316      5.75542      0.09544      0.09247      0.27596      0.26244
     1.00614      6.18540      5.97396      0.10052      0.09744      0.29122      0.27784
     1.01870      6.43111      6.20302      0.10570      0.10249      0.30729      0.29367
     1.03126      6.68860      6.44753      0.11094      0.10754      0.32365      0.30989
     1.04383      6.95521      6.70567      0.11623      0.11264      0.34024      0.32646
     1.05639      7.22752      6.97465      0.12156      0.11783      0.35701      0.34332
     1.06895      7.50157      7.25084      0.12692      0.12294      0.37389      0.36041
     1.08152      7.77327      7.53007      0.13227      0.12814      0.39083      0.37768
     1.09408      8.03869      7.80792      0.13762      0.13340      0.40777      0.39504
     1.10664      8.29442      8.08016      0.14293      0.13871      0.42464      0.41245
     1.11920      8.53785      8.33800      0.14820      0.14406      0.44140      0.42981
     1.13177      8.76721      8.57934      0.15340      0.14940      0.45798      0.44708
     1.14433      8.98170      8.80825      0.15853      0.15473      0.47433      0.46417
     1.15689      9.18138      9.02354      0.16357      0.16002      0.49040      0.48104
     1.16945      9.36702      9.22497      0.16851      0.16512      0.50616      0.49742
     1.18202      9.53997      9.41311      0.17333      0.17014      0.52155      0.51338
     1.19458      9.70191      9.58923      0.17804      0.17506      0.53656      0.52895
     1.20714      9.85483      9.75506      0.18261      0.17986      0.55115      0.54410
     1.21971     10.00067      9.91260      0.18705      0.18455      0.56531      0.55865
     1.23227     10.14139     10.06385      0.19135      0.18910      0.57905      0.57236
     1.24483     10.27874     10.21018      0.19551      0.19351      0.59260      0.58558
     1.25739     10.41427     10.35372      0.19954      0.19772      0.60562      0.59833
     1.26996     10.54925     10.48750      0.20342      0.20169      0.61811      0.61060
     1.28252     10.68470     10.62092      0.20717      0.20543      0.63007      0.62240
     1.29508     10.82130     10.75514      0.21096      0.20903      0.64151      0.63374
     1.30765     10.96168     10.89065      0.21470      0.21249      0.65252      0.64463
     1.32021     11.10357     11.02766      0.21829      0.21576      0.66321      0.65509
     1.33277     11.24620     11.16614      0.22172      0.21892      0.67363      0.66513
     1.34533     11.38936     11.30590      0.22500      0.22196      0.68356      0.67477
     1.35790     11.53701     11.44657      0.22813      0.22489      0.69299      0.68403
     1.37046     11.68815     11.58765      0.23112      0.22770      0.70193      0.69291
     1.38302     11.83810     11.72854      0.23396      0.23041      0.71040      0.70143
     1.39559     11.98603     11.86646      0.23667      0.23302      0.71841      0.70960
     1.40815     12.13111     12.00174      0.23924      0.23553      0.72597      0.71744
     1.42071     12.27312     12.13410      0.24168      0.23793      0.73330      0.72496
     1.43327     12.41203     12.26292      0.24399      0.24024      0.74042      0.73216
     1.44584     12.54632     12.38768      0.24617      0.24236      0.74717      0.73906
     1.45840     12.67548     12.50795      0.24824      0.24428      0.75355      0.74567
     1.47096     12.79910     12.62344      0.25019      0.24610      0.75957      0.75136
     1.48353     12.91688     12.73394      0.25203      0.24783      0.76522      0.75663
     1.49609     13.02869     12.83941      0.25376      0.24948      0.77050      0.76160
     1.50865     13.13448     12.93987      0.25539      0.25103      0.77543      0.76629
     1.52121     13.23434     13.03549      0.25692      0.25251      0.78001      0.77071
     1.53378     13.32844     13.12646      0.25840      0.25391      0.78423      0.77487
     1.54634     13.41703     13.21312      0.25993      0.25524      0.78812      0.77864
     1.55890     13.50042     13.29579      0.26136      0.25649      0.79166      0.78191
     1.57146     13.57898     13.37492      0.26270      0.25768      0.79488      0.78493
     1.58403     13.65754     13.45091      0.26395      0.25881      0.79777      0.78763
     1.59659     13.73314     13.52425      0.26512      0.25988      0.80077      0.79003
     1.60915     13.80511     13.59533      0.26620      0.26089      0.80425      0.79223
     1.62172     13.87379     13.66463      0.26721      0.26185      0.80747      0.79424
     1.63428     13.93949     13.73026      0.26813      0.26277      0.81043      0.79607
     1.64684     14.00251     13.79189      0.26912      0.26363      0.81312      0.79774
     1.65940     14.06313     13.85248      0.27014      0.26446      0.81553      0.79927
     1.67197     14.12163     13.91235      0.27110      0.26524      0.81765      0.80066
     1.68453     14.17823     13.97180      0.27199      0.26599      0.81949      0.80193
     1.69709     14.23317     14.03103      0.27282      0.26670      0.82102      0.80310
     1.70966     14.28664     14.09021      0.27359      0.26729      0.82225      0.80418
     1.72222     14.33879     14.14942      0.27428      0.26782      0.82317      0.80517
     1.73478     14.38981     14.20875      0.27490      0.26833      0.82378      0.80609
     1.74734     14.43981     14.26396      0.27545      0.26881      0.82410      0.80676
     1.75991     14.48891     14.31304      0.27592      0.26927      0.82411      0.80703
     1.77247     14.53721     14.36205      0.27632      0.26972      0.82385      0.80710
     1.78503     14.58481     14.41103      0.27664      0.27015      0.82333      0.80716
     1.79760     14.63179     14.46010      0.27689      0.27047      0.82258      0.80697
     1.81016     14.70059     14.50931      0.27706      0.27075      0.82226      0.80643
     1.82272     14.77121     14.55873      0.27717      0.27092      0.82322      0.80589
     1.83528     14.83990     14.60843      0.27722      0.27107      0.82414      0.80538
     1.84785     14.90617     14.65849      0.27761      0.27122      0.82502      0.80491
     1.86041     14.96970     14.70898      0.27805      0.27137      0.82585      0.80449
     1.87297     15.03038     14.75999      0.27847      0.27153      0.82665      0.80415
     1.88554     15.08824     14.81153      0.27888      0.27170      0.82741      0.80389
     1.89810     15.14345     14.86332      0.27927      0.27189      0.82814      0.80372
     1.91066     15.19625     14.91595      0.27966      0.27211      0.82884      0.80365
     1.92322     15.24689     14.96950      0.28003      0.27235      0.82951      0.80370
     1.93579     15.29562     15.02402      0.28038      0.27261      0.83016      0.80385
     1.94835     15.34272     15.07954      0.28073      0.27290      0.83079      0.80412
     1.96091     15.38837     15.13601      0.28106      0.27323      0.83140      0.80449
     1.97347     15.43277     15.19340      0.28138      0.27358      0.83198      0.80498
     1.98604     15.47604     15.25162      0.28169      0.27397      0.83255      0.80558
     1.99860     15.51829     15.31054      0.28199      0.27438      0.83310      0.80628
     2.01116     15.55962     15.36998      0.28228      0.27482      0.83363      0.80708
     2.02373     15.60005     15.42395      0.28256      0.27529      0.83415      0.80797
     2.03629     15.63965     15.47053      0.28283      0.27578      0.83465      0.80895
     2.04885     15.67842     15.51698      0.28309      0.27629      0.83513      0.81001
     2.06141     15.72049     15.56322      0.28334      0.27682      0.83559      0.81114
     2.07398     15.76665     15.60914      0.28357      0.27737      0.83603      0.81233
     2.08654     15.81160     15.65280      0.28380      0.27792      0.83646      0.81357
     2.09910     15.85524     15.69521      0.28401      0.27849      0.83687      0.81486
     2.11167     15.89754     15.73711      0.28421      0.27906      0.83726      0.81619
     2.12423     15.93845     15.77842      0.28440      0.27963      0.83763      0.81755
     2.13679     15.97791     15.81908      0.28458      0.28017      0.83798      0.81893
     2.14935     16.01604     15.85902      0.28475      0.28063      0.83830      0.82032
     2.16192     16.06623     15.89819      0.28491      0.28108      0.83861      0.82171
     2.17448     16.11499     15.93653      0.28505      0.28153      0.83889      0.82311
     2.18704     16.16228     15.97398      0.28518      0.28196      0.83915      0.82449
     2.19961     16.20800     16.01052      0.28530      0.28239      0.83939      0.82586
     2.21217     16.25211     16.04609      0.28541      0.28280      0.83960      0.82721
     2.22473     16.29456     16.08066      0.28551      0.28320      0.83979      0.82853
     2.23729     16.33531     16.11420      0.28559      0.28358      0.83995      0.82973
     2.24986     16.37435     16.14669      0.28566      0.28390      0.84008      0.83087
     2.26242     16.41166     16.17810      0.28572      0.28416      0.84019      0.83198
     2.27498     16.44724     16.20842      0.28604      0.28440      0.84028      0.83304
     2.28755     16.48109     16.23764      0.28641      0.28463      0.84033      0.83387
     2.30011     16.51323     16.26576      0.28675      0.28484      0.84036      0.83465
     2.31267     16.54365     16.29276      0.28706      0.28503      0.84110      0.83539
     2.32523     16.57239     16.31607      0.28735      0.28521      0.84211      0.83608
     2.33780     16.59947     16.33572      0.28761      0.28536      0.84306      0.83672
     2.35036     16.62490     16.35465      0.28785      0.28550      0.84393      0.83732
     2.36292     16.64872     16.37287      0.28805      0.28563      0.84472      0.83787
     2.37549     16.67095     16.39038      0.28823      0.28573      0.84543      0.83836
     2.38805     16.69163     16.40720      0.28838      0.28568      0.84606      0.83854
     2.40061     16.71078     16.42332      0.28850      0.28562      0.84661      0.83858
     2.41317     16.72843     16.43874      0.28859      0.28554      0.84708      0.83858
     2.42574     16.74464     16.45346      0.28866      0.28546      0.84746      0.83855
     2.43830     16.75943     16.46751      0.28869      0.28537      0.84776      0.83849
     2.45086     16.77284     16.48087      0.28870      0.28526      0.84797      0.83841
     2.46342     16.78492     16.49357      0.28868      0.28515      0.84811      0.83829
     2.47599     16.79569     16.50560      0.28863      0.28503      0.84816      0.83809
     2.48855     16.80522     16.51699      0.28856      0.28491      0.84813      0.83776
     2.50111     16.81354     16.52776      0.28845      0.28477      0.84802      0.83740
     2.51368     16.82068     16.53790      0.28833      0.28463      0.84784      0.83702
     2.52624     16.82672     16.54746      0.28817      0.28448      0.84757      0.83662
     2.53880     16.83168     16.55647      0.28800      0.28432      0.84723      0.83621
     2.55136     16.83559     16.56492      0.28779      0.28416      0.84681      0.83578
     2.56393     16.83850     16.57285      0.28757      0.28399      0.84632      0.83533
     2.57649     16.84047     16.58027      0.28732      0.28382      0.84576      0.83486
     2.58905     16.84150     16.58722      0.28705      0.28363      0.84513      0.83438
     2.60162     16.84164     16.59370      0.28675      0.28344      0.84444      0.83388
     2.61418     16.84093     16.59973      0.28644      0.28325      0.84368      0.83336
     2.62674     16.83939     16.60532      0.28611      0.28305      0.84285      0.83283
     2.63930     16.83705     16.61048      0.28575      0.28285      0.84197      0.83228
     2.65187     16.83393     16.61521      0.28538      0.28263      0.84103      0.83172
     2.66443     16.83005     16.61951      0.28509      0.28242      0.84003      0.83114
     2.67699     16.82544     16.62338      0.28480      0.28220      0.83899      0.83055
     2.68956     16.82013     16.62680      0.28448      0.28197      0.83812      0.82994
     2.70212     16.81412     16.62978      0.28415      0.28174      0.83729      0.82932
     2.71468     16.80746     16.63229      0.28380      0.28150      0.83640      0.82869
     2.72724     16.80016     16.63433      0.28343      0.28126      0.83546      0.82804
     2.73981     16.79224     16.63587      0.28305      0.28101      0.83445      0.82737
     2.75237     16.78645     16.63691      0.28264      0.28076      0.83339      0.82669
     2.76493     16.78234     16.63743      0.28222      0.28050      0.83228      0.82599
     2.77750     16.77754     16.63743      0.28178      0.28024      0.83118      0.82528
     2.79006     16.77205     16.63688      0.28138      0.27997      0.83005      0.82456
     2.80262     16.76589     16.63581      0.28104      0.27963      0.82914      0.82381
     2.81518     16.75908     16.63420      0.28070      0.27914      0.82820      0.82305
     2.82775     16.75165     16.63206      0.28034      0.27864      0.82723      0.82228
     2.84031     16.74361     16.62940      0.27996      0.27814      0.82622      0.82123
     2.85287     16.73502     16.62626      0.27957      0.27763      0.82516      0.81988
     2.86543     16.72590     16.62191      0.27917      0.27713      0.82407      0.81851
     2.87800     16.71632     16.61516      0.27876      0.27662      0.82293      0.81713
     2.89056     16.70692     16.60824      0.27833      0.27610      0.82176      0.81575
     2.90312     16.69714     16.60122      0.27789      0.27559      0.82054      0.81436
     2.91569     16.68696     16.59414      0.27743      0.27508      0.81928      0.81297
     2.92825     16.67647     16.58706      0.27696      0.27457      0.81797      0.81157
     2.94081     16.66568     16.58002      0.27648      0.27406      0.81663      0.81019
     2.95337     16.65465     16.57306      0.27598      0.27355      0.81525      0.80880
     2.96594     16.64342     16.56626      0.27559      0.27304      0.81402      0.80742
     2.97850     16.63338     16.55966      0.27523      0.27254      0.81294      0.80605
     2.99106     16.62694     16.55329      0.27486      0.27204      0.81183      0.80470
     3.00363     16.62041     16.54720      0.27449      0.27155      0.81071      0.80326
     3.01619     16.61381     16.54144      0.27411      0.27106      0.80956      0.80152
     3.02875     16.60714     16.53603      0.27372      0.27049      0.80838      0.79979
     3.04131     16.60043     16.53104      0.27332      0.26988      0.80718      0.79807
     3.05388     16.59365     16.52620      0.27292      0.26927      0.80596      0.79636
     3.06644     16.58680     16.51967      0.27252      0.26867      0.80472      0.79466
     3.07900     16.57985     16.51362      0.27210      0.26808      0.80345      0.79298
     3.09157     16.57281     16.50803      0.27168      0.26749      0.80216      0.79132
     3.10413     16.56565     16.50288      0.27125      0.26692      0.80085      0.78969
     3.11669     16.55834     16.49549      0.27082      0.26635      0.79952      0.78808
     3.12925     16.55084     16.48326      0.27038      0.26579      0.79818      0.78650
     3.14182     16.54313     16.47094      0.26993      0.26524      0.79694      0.78495
     3.15438     16.53518     16.45850      0.26948      0.26471      0.79568      0.78344
     3.16694     16.52719     16.44592      0.26902      0.26418      0.79441      0.78197
     3.17951     16.51974     16.43315      0.26856      0.26367      0.79311      0.78053
     3.19207     16.51203     16.42015      0.26809      0.26318      0.79180      0.77913
     3.20463     16.50755     16.40691      0.26761      0.26269      0.79047      0.77777
     3.21719     16.50706     16.39336      0.26713      0.26222      0.78913      0.77646
     3.22976     16.50659     16.37947      0.26664      0.26157      0.78777      0.77441
     3.24232     16.50606     16.36519      0.26615      0.26078      0.78639      0.77217
     3.25488     16.50537     16.35047      0.26565      0.25999      0.78502      0.76991
     3.26744     16.50444     16.33528      0.26515      0.25920      0.78440      0.76763
     3.28001     16.50318     16.31955      0.26464      0.25839      0.78380      0.76533
     3.29257     16.50152     16.30326      0.26412      0.25758      0.78324      0.76301
     3.30513     16.49935     16.28634      0.26385      0.25677      0.78269      0.76063
     3.31770     16.49661     16.26878      0.26364      0.25595      0.78218      0.75817
     3.33026     16.49321     16.25053      0.26345      0.25512      0.78168      0.75569
     3.34282     16.48906     16.23154      0.26326      0.25426      0.78121      0.75318
     3.35538     16.48411     16.21180      0.26307      0.25338      0.78076      0.75064
     3.36795     16.47828     16.19128      0.26290      0.25250      0.78033      0.74808
     3.38051     16.47151     16.16993      0.26273      0.25161      0.77992      0.74550
     3.39307     16.46373     16.14776      0.26256      0.25072      0.77952      0.74290
     3.40564     16.45490     16.12473      0.26241      0.24981      0.77915      0.74027
     3.41820     16.44494     16.10085      0.26225      0.24890      0.77879      0.73762
     3.43076     16.43382     16.07608      0.26210      0.24799      0.77845      0.73496
     3.44332     16.42149     16.05043      0.26196      0.24706      0.77812      0.73227
     3.45589     16.40791     16.02389      0.26182      0.24614      0.77780      0.72957
     3.46845     16.39303     15.99645      0.26169      0.24520      0.77749      0.72686
     3.48101     16.37683     15.96811      0.26155      0.24426      0.77720      0.72413
