# T/Tc, eta_max,eta_min
     1.00000      0.22741      0.12260
     1.05282      0.20821      0.12440
     1.10563      0.19376      0.12360
     1.15845      0.18747      0.12602
     1.21126      0.18356      0.12944
     1.26408      0.17843      0.13175
     1.31689      0.17181      0.13277
     1.36971      0.16519      0.13362
     1.42252      0.16143      0.13537
     1.47534      0.16062      0.13843
     1.52815      0.16063      0.14270
     1.58097      0.16211      0.14790
     1.63378      0.16551      0.15206
     1.68660      0.16917      0.15604
     1.73942      0.17290      0.16061
     1.79223      0.17658      0.16457
     1.84505      0.18017      0.16786
     1.89786      0.18371      0.17138
     1.95068      0.18800      0.17514
     2.00349      0.19308      0.17915
     2.05631      0.19802      0.18341
     2.10912      0.20283      0.18788
     2.16194      0.20863      0.19253
     2.21475      0.21484      0.19625
     2.26757      0.22084      0.19928
     2.32038      0.22654      0.20222
     2.37320      0.23195      0.20510
     2.42601      0.23707      0.20794
     2.47883      0.24194      0.21078
     2.53165      0.24657      0.21364
