# T/Tc, sigma/T(strange)_max,sigma/T(strange)_min, sigma/T(full)_max, sigma/T(full)_min
     1.00000      0.00024      0.00018      0.00979      0.00389
     1.07464      0.00033      0.00027      0.01094      0.00528
     1.14928      0.00041      0.00036      0.01170      0.00620
     1.22392      0.00050      0.00045      0.01196      0.00695
     1.29856      0.00058      0.00052      0.01183      0.00750
     1.37320      0.00067      0.00059      0.01146      0.00789
     1.44784      0.00074      0.00065      0.01135      0.00817
     1.52248      0.00082      0.00072      0.01127      0.00837
     1.59712      0.00090      0.00080      0.01098      0.00854
     1.67176      0.00098      0.00087      0.01071      0.00844
     1.74640      0.00106      0.00095      0.01065      0.00825
     1.82104      0.00114      0.00102      0.01056      0.00811
     1.89568      0.00122      0.00110      0.01046      0.00801
     1.97032      0.00131      0.00118      0.01036      0.00794
     2.04496      0.00139      0.00125      0.01025      0.00778
     2.11960      0.00149      0.00131      0.01016      0.00767
     2.19424      0.00161      0.00138      0.01010      0.00759
     2.26888      0.00173      0.00145      0.01004      0.00755
     2.34352      0.00185      0.00150      0.01000      0.00752
     2.41816      0.00197      0.00155      0.00999      0.00752
     2.49280      0.00210      0.00160      0.01013      0.00752
     2.56744      0.00222      0.00164      0.01026      0.00754
     2.64208      0.00234      0.00168      0.01039      0.00756
     2.71672      0.00245      0.00172      0.01052      0.00759
     2.79136      0.00257      0.00176      0.01064      0.00762
     2.86600      0.00268      0.00179      0.01076      0.00766
     2.94064      0.00279      0.00183      0.01087      0.00767
     3.01528      0.00295      0.00184      0.01105      0.00763
     3.08992      0.00313      0.00185      0.01124      0.00759
     3.16456      0.00332      0.00185      0.01143      0.00755
