# T/Tc, sigma/T(strange)_max,sigma/T(strange)_min, sigma/T(full)_max, sigma/T(full)_min
     1.00000      0.00024      0.00018      0.00979      0.00389
     1.04417      0.00029      0.00023      0.01047      0.00479
     1.08835      0.00034      0.00029      0.01112      0.00546
     1.13252      0.00039      0.00034      0.01158      0.00601
     1.17670      0.00044      0.00039      0.01185      0.00650
     1.22087      0.00050      0.00044      0.01195      0.00692
     1.26505      0.00055      0.00049      0.01193      0.00727
     1.30922      0.00060      0.00053      0.01179      0.00756
     1.35340      0.00065      0.00057      0.01157      0.00780
     1.39757      0.00069      0.00061      0.01130      0.00799
     1.44175      0.00074      0.00065      0.01135      0.00815
     1.48592      0.00078      0.00069      0.01134      0.00828
     1.53010      0.00083      0.00073      0.01125      0.00839
     1.57427      0.00087      0.00077      0.01108      0.00849
     1.61844      0.00092      0.00082      0.01086      0.00858
     1.66262      0.00097      0.00086      0.01071      0.00846
     1.70679      0.00101      0.00091      0.01068      0.00834
     1.75097      0.00106      0.00096      0.01064      0.00824
     1.79514      0.00111      0.00100      0.01059      0.00815
     1.83932      0.00116      0.00104      0.01054      0.00808
     1.88349      0.00121      0.00109      0.01048      0.00803
     1.92767      0.00126      0.00114      0.01042      0.00799
     1.97184      0.00131      0.00118      0.01036      0.00793
     2.01602      0.00136      0.00122      0.01029      0.00784
     2.06019      0.00141      0.00126      0.01023      0.00775
     2.10437      0.00146      0.00130      0.01017      0.00769
     2.14854      0.00154      0.00134      0.01014      0.00763
     2.19272      0.00161      0.00138      0.01010      0.00759
     2.23689      0.00168      0.00142      0.01007      0.00757
     2.28106      0.00175      0.00145      0.01004      0.00754
     2.32524      0.00182      0.00149      0.01001      0.00753
     2.36941      0.00189      0.00152      0.00998      0.00752
     2.41359      0.00197      0.00155      0.00999      0.00752
     2.45776      0.00204      0.00157      0.01007      0.00752
     2.50194      0.00211      0.00160      0.01014      0.00752
     2.54611      0.00218      0.00163      0.01022      0.00753
     2.59029      0.00225      0.00165      0.01030      0.00754
     2.63446      0.00233      0.00168      0.01038      0.00755
     2.67864      0.00239      0.00170      0.01045      0.00757
     2.72281      0.00246      0.00173      0.01053      0.00759
     2.76699      0.00253      0.00175      0.01060      0.00761
     2.81116      0.00260      0.00177      0.01067      0.00763
     2.85533      0.00266      0.00179      0.01074      0.00765
     2.89951      0.00272      0.00181      0.01081      0.00768
     2.94368      0.00279      0.00183      0.01088      0.00767
     2.98786      0.00289      0.00184      0.01098      0.00764
     3.03203      0.00299      0.00184      0.01109      0.00762
     3.07621      0.00310      0.00185      0.01120      0.00759
     3.12038      0.00321      0.00185      0.01131      0.00757
     3.16456      0.00332      0.00185      0.01143      0.00755
