# T/Tc, entr_max, entr_min, chib_max, chib_min, chis_max, chis_min
     0.98101      6.12576      5.43831      0.10720      0.09372      0.30264      0.26865
     0.99358      6.37129      5.70414      0.11274      0.09987      0.31790      0.28523
     1.00614      6.62709      5.98726      0.11838      0.10615      0.33358      0.30221
     1.01870      6.89495      6.28519      0.12408      0.11252      0.34964      0.31955
     1.03126      7.18541      6.59367      0.12984      0.11897      0.36603      0.33715
     1.04383      7.47184      6.90691      0.13572      0.12545      0.38268      0.35495
     1.05639      7.74900      7.21831      0.14186      0.13194      0.39952      0.37288
     1.06895      8.01254      7.50929      0.14797      0.13809      0.41649      0.39085
     1.08152      8.25937      7.77359      0.15405      0.14389      0.43352      0.40879
     1.09408      8.48791      8.02446      0.16006      0.14970      0.45054      0.42662
     1.10664      8.69781      8.25959      0.16598      0.15548      0.46748      0.44428
     1.11920      8.89010      8.47788      0.17180      0.16121      0.48426      0.46169
     1.13177      9.06661      8.67344      0.17748      0.16688      0.50142      0.47856
     1.14433      9.22984      8.85083      0.18301      0.17247      0.51823      0.49521
     1.15689      9.38259      9.01656      0.18839      0.17794      0.53458      0.51165
     1.16945      9.52775      9.17266      0.19359      0.18330      0.55044      0.52777
     1.18202      9.66802      9.32149      0.19862      0.18849      0.56577      0.54319
     1.19458      9.80587      9.46557      0.20347      0.19352      0.58056      0.55809
     1.20714      9.94334      9.60731      0.20813      0.19840      0.59479      0.57248
     1.21971     10.08204      9.74885      0.21261      0.20313      0.60847      0.58635
     1.23227     10.22308      9.89201      0.21691      0.20771      0.62159      0.59968
     1.24483     10.36715     10.03815      0.22103      0.21212      0.63417      0.61249
     1.25739     10.51451     10.18815      0.22497      0.21638      0.64621      0.62478
     1.26996     10.66500     10.34239      0.22874      0.22047      0.65773      0.63657
     1.28252     10.81819     10.50082      0.23265      0.22442      0.66874      0.64787
     1.29508     10.97338     10.66299      0.23642      0.22821      0.67927      0.65869
     1.30765     11.12967     10.82808      0.24003      0.23185      0.68932      0.66906
     1.32021     11.28605     10.99509      0.24348      0.23532      0.69891      0.67897
     1.33277     11.44147     11.15844      0.24676      0.23856      0.70806      0.68846
     1.34533     11.60475     11.31358      0.24988      0.24168      0.71679      0.69754
     1.35790     11.77031     11.46517      0.25285      0.24466      0.72522      0.70622
     1.37046     11.93150     11.61434      0.25567      0.24751      0.73326      0.71451
     1.38302     12.08735     11.76016      0.25834      0.25023      0.74089      0.72243
     1.39559     12.23713     11.90184      0.26087      0.25281      0.74814      0.72967
     1.40815     12.38028     12.03871      0.26326      0.25520      0.75501      0.73659
     1.42071     12.51638     12.17023      0.26553      0.25748      0.76152      0.74322
     1.43327     12.64524     12.29596      0.26766      0.25965      0.76767      0.74956
     1.44584     12.76680     12.41565      0.26968      0.26173      0.77350      0.75563
     1.45840     12.88110     12.52913      0.27158      0.26370      0.77900      0.76144
     1.47096     12.98835     12.63639      0.27337      0.26558      0.78420      0.76699
     1.48353     13.08881     12.73749      0.27506      0.26737      0.78910      0.77230
     1.49609     13.18283     12.83258      0.27665      0.26908      0.79372      0.77738
     1.50865     13.27078     12.92192      0.27814      0.27070      0.79813      0.78223
     1.52121     13.35307     13.00579      0.27955      0.27225      0.80235      0.78686
     1.53378     13.43017     13.08456      0.28087      0.27372      0.80634      0.79128
     1.54634     13.50255     13.15859      0.28211      0.27512      0.81011      0.79550
     1.55890     13.57062     13.22829      0.28328      0.27645      0.81367      0.79953
     1.57146     13.63486     13.29409      0.28438      0.27771      0.81702      0.80337
     1.58403     13.69570     13.35641      0.28542      0.27892      0.82019      0.80704
     1.59659     13.75358     13.41567      0.28639      0.28007      0.82317      0.81053
     1.60915     13.80888     13.46785      0.28731      0.28116      0.82598      0.81387
     1.62172     13.86198     13.51799      0.28817      0.28220      0.82862      0.81664
     1.63428     13.91323     13.56654      0.28899      0.28319      0.83111      0.81890
     1.64684     13.96297     13.61390      0.28976      0.28414      0.83346      0.82103
     1.65940     14.01146     13.66039      0.29048      0.28504      0.83566      0.82302
     1.67197     14.05899     13.70633      0.29117      0.28590      0.83774      0.82489
     1.68453     14.10579     13.75201      0.29181      0.28673      0.83970      0.82665
     1.69709     14.15204     13.79768      0.29243      0.28752      0.84154      0.82830
     1.70966     14.19795     13.84359      0.29301      0.28827      0.84327      0.82986
     1.72222     14.24361     13.88991      0.29356      0.28899      0.84491      0.83133
     1.73478     14.28916     13.93684      0.29408      0.28969      0.84645      0.83271
     1.74734     14.33470     13.98452      0.29458      0.29035      0.84791      0.83401
     1.75991     14.38026     14.03308      0.29505      0.29099      0.84929      0.83525
     1.77247     14.42589     14.08261      0.29550      0.29160      0.85059      0.83641
     1.78503     14.47162     14.13318      0.29593      0.29219      0.85182      0.83751
     1.79760     14.51744     14.18482      0.29634      0.29276      0.85298      0.83856
     1.81016     14.56330     14.23754      0.29674      0.29331      0.85409      0.83955
     1.82272     14.60921     14.29132      0.29711      0.29384      0.85514      0.84049
     1.83528     14.65509     14.34614      0.29747      0.29435      0.85614      0.84139
     1.84785     14.70091     14.40190      0.29782      0.29480      0.85709      0.84225
     1.86041     14.74661     14.45852      0.29816      0.29515      0.85800      0.84298
     1.87297     14.79211     14.51588      0.29859      0.29548      0.85889      0.84359
     1.88554     14.83736     14.57384      0.29905      0.29581      0.85988      0.84417
     1.89810     14.88230     14.63227      0.29948      0.29612      0.86083      0.84473
     1.91066     14.92685     14.69097      0.29991      0.29642      0.86172      0.84527
     1.92322     14.97095     14.74981      0.30032      0.29672      0.86258      0.84579
     1.93579     15.01456     14.80859      0.30073      0.29701      0.86338      0.84630
     1.94835     15.05761     14.86716      0.30111      0.29729      0.86414      0.84679
     1.96091     15.10005     14.91634      0.30149      0.29756      0.86486      0.84727
     1.97347     15.14185     14.96463      0.30185      0.29783      0.86569      0.84774
     1.98604     15.19030     15.01239      0.30220      0.29809      0.86653      0.84820
     1.99860     15.23796     15.05953      0.30254      0.29834      0.86732      0.84865
     2.01116     15.29019     15.10599      0.30287      0.29858      0.86806      0.84909
     2.02373     15.34137     15.15171      0.30318      0.29882      0.86877      0.84953
     2.03629     15.39143     15.19663      0.30348      0.29905      0.86943      0.84996
     2.04885     15.44033     15.24071      0.30377      0.29928      0.87005      0.85019
     2.06141     15.48809     15.28392      0.30404      0.29950      0.87064      0.85035
     2.07398     15.53470     15.32623      0.30430      0.29971      0.87117      0.85049
     2.08654     15.58018     15.36764      0.30454      0.29991      0.87167      0.85061
     2.09910     15.62454     15.40813      0.30478      0.30011      0.87213      0.85072
     2.11167     15.66780     15.44775      0.30499      0.30030      0.87255      0.85081
     2.12423     15.70998     15.48651      0.30520      0.30048      0.87292      0.85089
     2.13679     15.75112     15.52442      0.30539      0.30066      0.87326      0.85096
     2.14935     15.79125     15.56047      0.30556      0.30083      0.87355      0.85101
     2.16192     15.83039     15.59103      0.30572      0.30099      0.87381      0.85106
     2.17448     15.86857     15.62102      0.30587      0.30114      0.87402      0.85109
     2.18704     15.90583     15.65048      0.30600      0.30129      0.87420      0.85111
     2.19961     15.94219     15.67947      0.30611      0.30143      0.87433      0.85111
     2.21217     15.97767     15.70803      0.30621      0.30156      0.87443      0.85111
     2.22473     16.01229     15.73621      0.30630      0.30169      0.87449      0.85109
     2.23729     16.04607     15.76405      0.30638      0.30181      0.87451      0.85106
     2.24986     16.07901     15.79158      0.30643      0.30192      0.87449      0.85103
     2.26242     16.11323     15.81886      0.30648      0.30202      0.87443      0.85098
     2.27498     16.14853     15.84587      0.30651      0.30212      0.87434      0.85092
     2.28755     16.18305     15.87266      0.30653      0.30221      0.87421      0.85085
     2.30011     16.21677     15.89923      0.30653      0.30230      0.87404      0.85078
     2.31267     16.24964     15.92558      0.30653      0.30238      0.87385      0.85069
     2.32523     16.28163     15.95169      0.30651      0.30245      0.87394      0.85060
     2.33780     16.31269     15.97758      0.30647      0.30252      0.87411      0.85050
     2.35036     16.34280     16.00319      0.30643      0.30258      0.87427      0.85039
     2.36292     16.37187     16.02850      0.30637      0.30264      0.87441      0.85027
     2.37549     16.39989     16.05349      0.30630      0.30269      0.87455      0.85015
     2.38805     16.42681     16.07812      0.30622      0.30274      0.87467      0.85003
     2.40061     16.45259     16.10233      0.30613      0.30279      0.87479      0.84990
     2.41317     16.47721     16.12613      0.30603      0.30283      0.87490      0.84977
     2.42574     16.50062     16.14942      0.30592      0.30287      0.87500      0.84963
     2.43830     16.52284     16.17221      0.30580      0.30288      0.87510      0.84949
     2.45086     16.54384     16.19445      0.30567      0.30279      0.87519      0.84935
     2.46342     16.56364     16.21611      0.30553      0.30270      0.87528      0.84921
     2.47599     16.58224     16.23715      0.30538      0.30259      0.87536      0.84907
     2.48855     16.59965     16.25759      0.30523      0.30248      0.87545      0.84893
     2.50111     16.61591     16.27740      0.30506      0.30236      0.87553      0.84879
     2.51368     16.63104     16.29655      0.30489      0.30224      0.87561      0.84866
     2.52624     16.64507     16.31507      0.30471      0.30212      0.87569      0.84851
     2.53880     16.65805     16.33296      0.30458      0.30198      0.87577      0.84835
     2.55136     16.67000     16.35020      0.30459      0.30185      0.87585      0.84819
     2.56393     16.68098     16.36684      0.30460      0.30171      0.87594      0.84804
     2.57649     16.69100     16.38287      0.30461      0.30156      0.87603      0.84790
     2.58905     16.70013     16.39832      0.30462      0.30141      0.87612      0.84776
     2.60162     16.70839     16.41322      0.30464      0.30126      0.87621      0.84737
     2.61418     16.71583     16.42758      0.30466      0.30110      0.87631      0.84693
     2.62674     16.72246     16.44142      0.30468      0.30094      0.87642      0.84649
     2.63930     16.72833     16.45479      0.30470      0.30073      0.87653      0.84604
     2.65187     16.73347     16.46770      0.30472      0.30050      0.87664      0.84560
     2.66443     16.73792     16.48018      0.30474      0.30024      0.87676      0.84492
     2.67699     16.74167     16.49227      0.30477      0.29998      0.87688      0.84422
     2.68956     16.74478     16.50400      0.30479      0.29971      0.87701      0.84351
     2.70212     16.74728     16.51539      0.30482      0.29944      0.87715      0.84280
     2.71468     16.74917     16.52648      0.30485      0.29916      0.87729      0.84208
     2.72724     16.75050     16.53731      0.30488      0.29888      0.87743      0.84135
     2.73981     16.75129     16.54793      0.30491      0.29860      0.87758      0.84062
     2.75237     16.75158     16.55836      0.30495      0.29831      0.87774      0.83989
     2.76493     16.75140     16.56866      0.30498      0.29802      0.87789      0.83915
     2.77750     16.75078     16.57888      0.30502      0.29773      0.87806      0.83840
     2.79006     16.74976     16.58718      0.30505      0.29743      0.87822      0.83765
     2.80262     16.74838     16.59432      0.30509      0.29713      0.87839      0.83689
     2.81518     16.74668     16.60147      0.30513      0.29683      0.87856      0.83613
     2.82775     16.74469     16.60868      0.30516      0.29652      0.87873      0.83536
     2.84031     16.74245     16.61597      0.30520      0.29621      0.87890      0.83459
     2.85287     16.74001     16.62102      0.30524      0.29590      0.87908      0.83381
     2.86543     16.73874     16.62184      0.30527      0.29558      0.87925      0.83302
     2.87800     16.74958     16.62263      0.30531      0.29526      0.87942      0.83223
     2.89056     16.76067     16.62343      0.30534      0.29493      0.87960      0.83143
     2.90312     16.77200     16.62426      0.30538      0.29461      0.87977      0.83062
     2.91569     16.78360     16.62510      0.30541      0.29428      0.87993      0.82981
     2.92825     16.79546     16.62598      0.30544      0.29394      0.88010      0.82899
     2.94081     16.80755     16.62689      0.30547      0.29360      0.88026      0.82817
     2.95337     16.81984     16.62781      0.30550      0.29326      0.88042      0.82733
     2.96594     16.83232     16.62873      0.30553      0.29292      0.88057      0.82649
     2.97850     16.84494     16.62963      0.30555      0.29257      0.88072      0.82564
     2.99106     16.85764     16.63046      0.30557      0.29222      0.88086      0.82478
     3.00363     16.87037     16.63118      0.30559      0.29187      0.88100      0.82392
     3.01619     16.88305     16.63177      0.30561      0.29151      0.88113      0.82304
     3.02875     16.89564     16.63218      0.30562      0.29115      0.88125      0.82216
     3.04131     16.90806     16.63236      0.30563      0.29078      0.88137      0.82127
     3.05388     16.92024     16.63226      0.30564      0.29042      0.88148      0.82037
     3.06644     16.93213     16.63185      0.30565      0.29005      0.88157      0.81946
     3.07900     16.94365     16.63109      0.30565      0.28967      0.88166      0.81855
     3.09157     16.95474     16.62992      0.30565      0.28930      0.88175      0.81763
     3.10413     16.96536     16.62832      0.30564      0.28892      0.88182      0.81669
     3.11669     16.97543     16.62626      0.30564      0.28853      0.88188      0.81575
     3.12925     16.98491     16.62372      0.30562      0.28815      0.88193      0.81480
     3.14182     16.99375     16.62067      0.30561      0.28776      0.88197      0.81377
     3.15438     17.00189     16.61709      0.30559      0.28737      0.88200      0.81236
     3.16694     17.00932     16.61298      0.30557      0.28697      0.88202      0.81094
     3.17951     17.01597     16.60704      0.30554      0.28657      0.88203      0.80950
     3.19207     17.02181     16.59672      0.30551      0.28614      0.88202      0.80805
     3.20463     17.02680     16.58589      0.30548      0.28569      0.88201      0.80659
     3.21719     17.03089     16.57455      0.30544      0.28523      0.88198      0.80512
     3.22976     17.03406     16.56271      0.30539      0.28477      0.88194      0.80364
     3.24232     17.03625     16.55036      0.30535      0.28430      0.88189      0.80214
     3.25488     17.03742     16.53752      0.30530      0.28383      0.88183      0.80064
     3.26744     17.03753     16.52417      0.30524      0.28336      0.88175      0.79913
     3.28001     17.03654     16.51030      0.30518      0.28288      0.88167      0.79760
     3.29257     17.03439     16.49590      0.30512      0.28240      0.88157      0.79607
     3.30513     17.03106     16.48096      0.30505      0.28189      0.88146      0.79453
     3.31770     17.02646     16.46546      0.30498      0.28136      0.88133      0.79299
     3.33026     17.02057     16.44936      0.30491      0.28082      0.88119      0.79143
     3.34282     17.01334     16.43263      0.30483      0.28029      0.88105      0.78988
     3.35538     17.00472     16.41526      0.30474      0.27975      0.88088      0.78831
     3.36795     16.99466     16.39718      0.30466      0.27920      0.88071      0.78674
     3.38051     16.98313     16.37837      0.30457      0.27866      0.88052      0.78517
     3.39307     16.97009     16.35880      0.30447      0.27812      0.88033      0.78359
     3.40564     16.95551     16.33842      0.30438      0.27757      0.88012      0.78201
     3.41820     16.93936     16.31721      0.30428      0.27702      0.87989      0.78043
     3.43076     16.92164     16.29513      0.30417      0.27648      0.87966      0.77885
     3.44332     16.90232     16.27214      0.30406      0.27593      0.87942      0.77726
     3.45589     16.88143     16.24823      0.30395      0.27538      0.87916      0.77567
     3.46845     16.85896     16.22338      0.30384      0.27483      0.87890      0.77409
     3.48101     16.83494     16.19757      0.30372      0.27429      0.87862      0.77250
