# T/Tc,massG_min*eval, massG_max*eval, massL_min*eval, massL_max*eval, massS_min*eval, massS_max*eval
     0.98101      1.10462      1.24205      0.46964      0.50945      0.55964      0.59945
     1.00789      1.12165      1.25601      0.45293      0.48766      0.54293      0.57766
     1.03476      1.13765      1.27253      0.43679      0.46708      0.52679      0.55708
     1.06164      1.15262      1.28729      0.42134      0.44777      0.51134      0.53777
     1.08851      1.16658      1.30011      0.40669      0.42978      0.49669      0.51978
     1.11539      1.17955      1.31084      0.39291      0.41404      0.48291      0.50404
     1.14226      1.18722      1.31932      0.38004      0.40050      0.47004      0.49050
     1.16914      1.19216      1.32543      0.36810      0.38782      0.45810      0.47782
     1.19601      1.19605      1.32909      0.35709      0.37600      0.44709      0.46600
     1.22289      1.19893      1.33024      0.34701      0.36526      0.43701      0.45526
     1.24976      1.20086      1.32891      0.33781      0.35548      0.42781      0.44548
     1.27664      1.20191      1.32515      0.32947      0.34642      0.41947      0.43642
     1.30351      1.20214      1.31910      0.32146      0.33806      0.41146      0.42806
     1.33039      1.20162      1.31095      0.31324      0.33038      0.40324      0.42038
     1.35726      1.20041      1.30418      0.30572      0.32335      0.39572      0.41335
     1.38414      1.19857      1.30112      0.29891      0.31695      0.38891      0.40695
     1.41101      1.19616      1.29667      0.29278      0.31116      0.38278      0.40116
     1.43789      1.19323      1.29085      0.28735      0.30594      0.37735      0.39594
     1.46476      1.18984      1.28368      0.28259      0.30141      0.37259      0.39141
     1.49164      1.18604      1.27524      0.27850      0.29769      0.36850      0.38769
     1.51851      1.18188      1.26558      0.27504      0.29440      0.36504      0.38440
     1.54539      1.17740      1.25482      0.27221      0.29151      0.36221      0.38151
     1.57226      1.17266      1.24868      0.26997      0.28900      0.35997      0.37900
     1.59913      1.16768      1.24313      0.26829      0.28684      0.35829      0.37684
     1.62601      1.15927      1.23650      0.26715      0.28500      0.35715      0.37500
     1.65288      1.14606      1.22884      0.26650      0.28347      0.35650      0.37347
     1.67976      1.13357      1.22023      0.26631      0.28228      0.35631      0.37228
     1.70663      1.12183      1.21074      0.26654      0.28169      0.35654      0.37169
     1.73351      1.11085      1.20048      0.26715      0.28219      0.35715      0.37219
     1.76038      1.10065      1.18957      0.26810      0.28295      0.35810      0.37295
     1.78726      1.09122      1.17812      0.26824      0.28395      0.35824      0.37395
     1.81413      1.08253      1.16628      0.26819      0.28516      0.35819      0.37516
     1.84101      1.07456      1.15418      0.26839      0.28658      0.35839      0.37658
     1.86788      1.06728      1.14195      0.26882      0.28817      0.35882      0.37817
     1.89476      1.06067      1.13328      0.26949      0.28994      0.35949      0.37994
     1.92163      1.05468      1.12613      0.27040      0.29187      0.36040      0.38187
     1.94851      1.04929      1.11903      0.27153      0.29394      0.36153      0.38394
     1.97538      1.04446      1.11201      0.27288      0.29616      0.36288      0.38616
     2.00226      1.04017      1.10509      0.27445      0.29849      0.36445      0.38849
     2.02913      1.03555      1.09830      0.27625      0.30095      0.36625      0.39095
     2.05601      1.02685      1.09165      0.27791      0.30351      0.36791      0.39351
     2.08288      1.01835      1.08517      0.27952      0.30618      0.36952      0.39618
     2.10976      1.01055      1.07887      0.28133      0.30894      0.37133      0.39894
     2.13663      1.00348      1.07277      0.28336      0.31179      0.37336      0.40179
     2.16351      0.99713      1.06687      0.28560      0.31473      0.37560      0.40473
     2.19038      0.99152      1.06121      0.28806      0.31775      0.37806      0.40775
     2.21726      0.98663      1.05577      0.29074      0.32095      0.38074      0.41095
     2.24413      0.98246      1.05059      0.29366      0.32470      0.38366      0.41470
     2.27101      0.97898      1.04677      0.29681      0.32851      0.38681      0.41851
     2.29788      0.97619      1.04380      0.30020      0.33238      0.39020      0.42238
     2.32476      0.97405      1.04102      0.30382      0.33630      0.39382      0.42630
     2.35163      0.97255      1.03845      0.30770      0.34027      0.39770      0.43027
     2.37851      0.97166      1.03794      0.31181      0.34427      0.40181      0.43427
     2.40538      0.97135      1.03793      0.31617      0.34832      0.40617      0.43832
     2.43226      0.97161      1.03817      0.32078      0.35239      0.41078      0.44239
     2.45913      0.97240      1.03865      0.32563      0.35650      0.41563      0.44650
     2.48601      0.97139      1.03935      0.33072      0.36064      0.42072      0.45064
     2.51288      0.97070      1.04028      0.33515      0.36480      0.42515      0.45480
     2.53976      0.97050      1.04142      0.33841      0.36898      0.42841      0.45898
     2.56663      0.97076      1.04278      0.34170      0.37318      0.43170      0.46318
     2.59351      0.97147      1.04434      0.34501      0.37741      0.43501      0.46741
     2.62038      0.97259      1.04610      0.34834      0.38165      0.43834      0.47165
     2.64726      0.97412      1.04805      0.35170      0.38591      0.44170      0.47591
     2.67413      0.97602      1.05019      0.35508      0.39099      0.44508      0.48099
     2.70101      0.97828      1.05252      0.35848      0.39657      0.44848      0.48657
     2.72788      0.98088      1.05522      0.36189      0.40229      0.45189      0.49229
     2.75475      0.98380      1.05912      0.36532      0.40884      0.45532      0.49884
     2.78163      0.98702      1.06357      0.36877      0.41553      0.45877      0.50553
     2.80850      0.99053      1.06928      0.37223      0.42236      0.46223      0.51236
     2.83538      0.99430      1.07516      0.37571      0.42931      0.46571      0.51931
     2.86225      0.99832      1.08121      0.37920      0.43709      0.46920      0.52709
     2.88913      1.00259      1.08741      0.38270      0.44555      0.47270      0.53555
     2.91600      1.00707      1.09375      0.38621      0.45419      0.47621      0.54419
     2.94288      1.00949      1.10022      0.38974      0.46301      0.47974      0.55301
     2.96975      1.01121      1.10682      0.39327      0.47201      0.48327      0.56201
     2.99663      1.01314      1.11353      0.39682      0.48119      0.48682      0.57119
     3.02350      1.01526      1.12035      0.40037      0.49054      0.49037      0.58054
     3.05038      1.01757      1.12727      0.40394      0.50006      0.49394      0.59006
     3.07725      1.02006      1.13428      0.40751      0.50974      0.49751      0.59974
     3.10413      1.02273      1.14138      0.41109      0.51957      0.50109      0.60957
     3.13100      1.02557      1.14856      0.41468      0.52957      0.50468      0.61957
     3.15788      1.02857      1.15582      0.41828      0.53971      0.50828      0.62971
     3.18475      1.03173      1.16315      0.42188      0.55001      0.51188      0.64001
     3.21163      1.03505      1.17054      0.42549      0.56044      0.51549      0.65044
     3.23850      1.03852      1.17800      0.42911      0.57101      0.51911      0.66101
     3.26538      1.04213      1.18552      0.43273      0.58172      0.52273      0.67172
     3.29225      1.04588      1.19309      0.43636      0.59255      0.52636      0.68255
     3.31913      1.04976      1.20071      0.43999      0.60351      0.52999      0.69351
     3.34600      1.05377      1.20838      0.44363      0.61459      0.53363      0.70459
     3.37288      1.05791      1.21609      0.44728      0.62578      0.53728      0.71578
     3.39975      1.06216      1.22385      0.45092      0.63708      0.54092      0.72708
     3.42663      1.06654      1.23164      0.45458      0.64848      0.54458      0.73848
     3.45350      1.07102      1.23948      0.45824      0.65998      0.54824      0.74998
     3.48038      1.07554      1.24734      0.46190      0.67158      0.55190      0.76158
     3.50725      1.07891      1.25524      0.46556      0.68327      0.55556      0.77327
     3.53413      1.08236      1.26317      0.46923      0.69505      0.55923      0.78505
     3.56100      1.08588      1.27113      0.47291      0.70691      0.56291      0.79691
     3.58788      1.08947      1.27912      0.47658      0.71884      0.56658      0.80884
     3.61475      1.09313      1.28713      0.48026      0.73085      0.57026      0.82085
     3.64163      1.09685      1.29517      0.48395      0.74292      0.57395      0.83292
     3.66850      1.10064      1.30323      0.48764      0.75506      0.57764      0.84506
     3.69538      1.10450      1.31131      0.49133      0.76726      0.58133      0.85726
     3.72225      1.10841      1.31941      0.49502      0.77951      0.58502      0.86951
     3.74913      1.11238      1.32753      0.49871      0.79182      0.58871      0.88182
     3.77600      1.11641      1.33567      0.50241      0.80417      0.59241      0.89417
     3.80288      1.12050      1.34382      0.50611      0.81656      0.59611      0.90656
     3.82975      1.12464      1.35200      0.50982      0.82900      0.59982      0.91900
     3.85662      1.12883      1.36019      0.51352      0.84147      0.60352      0.93147
     3.88350      1.13307      1.36839      0.51723      0.85397      0.60723      0.94397
     3.91037      1.13736      1.37661      0.52094      0.86651      0.61094      0.95651
     3.93725      1.14170      1.38484      0.52465      0.87907      0.61465      0.96907
     3.96412      1.14609      1.39308      0.52837      0.89165      0.61837      0.98165
     3.99100      1.15052      1.40134      0.53208      0.90425      0.62208      0.99425
     4.01787      1.15499      1.40961      0.53580      0.91687      0.62580      1.00687
     4.04475      1.15951      1.41789      0.53952      0.92951      0.62952      1.01951
     4.07162      1.16407      1.42618      0.54324      0.94215      0.63324      1.03215
     4.09850      1.16866      1.43448      0.54696      0.95481      0.63696      1.04481
     4.12537      1.17330      1.44279      0.55069      0.96747      0.64069      1.05747
     4.15225      1.17797      1.45210      0.55441      0.98013      0.64441      1.07013
     4.17912      1.18268      1.46191      0.55814      0.99280      0.64814      1.08280
     4.20600      1.18742      1.47173      0.56187      1.00547      0.65187      1.09547
     4.23287      1.19220      1.48156      0.56560      1.01813      0.65560      1.10813
     4.25975      1.19701      1.49141      0.56933      1.03079      0.65933      1.12079
     4.28662      1.20185      1.50126      0.57306      1.04345      0.66306      1.13345
     4.31350      1.20673      1.51112      0.57680      1.05609      0.66680      1.14609
     4.34037      1.21163      1.52099      0.58053      1.06873      0.67053      1.15873
     4.36725      1.21657      1.53087      0.58427      1.08135      0.67427      1.17135
     4.39412      1.22153      1.54075      0.58800      1.09396      0.67800      1.18396
     4.42100      1.22652      1.55065      0.59174      1.10656      0.68174      1.19656
     4.44787      1.23154      1.56054      0.59548      1.11915      0.68548      1.20915
     4.47475      1.23658      1.57045      0.59922      1.13171      0.68922      1.22171
     4.50162      1.24165      1.58035      0.60296      1.14426      0.69296      1.23426
     4.52850      1.24674      1.59026      0.60670      1.15679      0.69670      1.24679
     4.55537      1.25186      1.60018      0.61044      1.16930      0.70044      1.25930
     4.58225      1.25700      1.61010      0.61418      1.18179      0.70418      1.27179
     4.60912      1.26217      1.62002      0.61792      1.19426      0.70792      1.28426
     4.63600      1.26735      1.62994      0.62167      1.20670      0.71167      1.29670
     4.66287      1.27256      1.63987      0.62541      1.21913      0.71541      1.30913
     4.68975      1.27779      1.64979      0.62915      1.23152      0.71915      1.32152
     4.71662      1.28304      1.65972      0.63290      1.24390      0.72290      1.33390
     4.74350      1.28831      1.66965      0.63664      1.25625      0.72664      1.34625
     4.77037      1.29359      1.67958      0.64039      1.26857      0.73039      1.35857
     4.79725      1.29890      1.68951      0.64413      1.28087      0.73413      1.37087
     4.82412      1.30422      1.69944      0.64788      1.29314      0.73788      1.38314
     4.85100      1.30957      1.70937      0.65163      1.30538      0.74163      1.39538
     4.87787      1.31493      1.71930      0.65537      1.31760      0.74537      1.40760
     4.90475      1.32031      1.72922      0.65912      1.32979      0.74912      1.41979
     4.93162      1.32570      1.73915      0.66287      1.34195      0.75287      1.43195
     4.95850      1.33111      1.74908      0.66662      1.35408      0.75662      1.44408
     4.98537      1.33654      1.75900      0.67036      1.36619      0.76036      1.45619
     5.01224      1.34198      1.76892      0.67411      1.37826      0.76411      1.46826
     5.03912      1.34743      1.77884      0.67786      1.39031      0.76786      1.48031
     5.06599      1.35290      1.78876      0.68161      1.40233      0.77161      1.49233
     5.09287      1.35839      1.79868      0.68536      1.41432      0.77536      1.50432
     5.11974      1.36389      1.80859      0.68911      1.42629      0.77911      1.51629
     5.14662      1.36940      1.81851      0.69286      1.43822      0.78286      1.52822
     5.17349      1.37493      1.82841      0.69661      1.45013      0.78661      1.54013
     5.20037      1.38047      1.83832      0.70035      1.46200      0.79035      1.55200
     5.22724      1.38602      1.84822      0.70410      1.47385      0.79410      1.56385
     5.25412      1.39158      1.85812      0.70785      1.48567      0.79785      1.57567
     5.28099      1.39716      1.86802      0.71160      1.49746      0.80160      1.58746
     5.30787      1.40275      1.87792      0.71535      1.50922      0.80535      1.59922
     5.33474      1.40835      1.88781      0.71910      1.52095      0.80910      1.61095
     5.36162      1.41396      1.89770      0.72285      1.53266      0.81285      1.62266
     5.38849      1.41958      1.90758      0.72660      1.54434      0.81660      1.63434
     5.41537      1.42522      1.91746      0.73035      1.55599      0.82035      1.64599
     5.44224      1.43086      1.92734      0.73410      1.56761      0.82410      1.65761
     5.46912      1.43652      1.93721      0.73785      1.57920      0.82785      1.66920
     5.49599      1.44218      1.94708      0.74159      1.59077      0.83159      1.68077
     5.52287      1.44786      1.95694      0.74534      1.60231      0.83534      1.69231
     5.54974      1.45355      1.96681      0.74909      1.61382      0.83909      1.70382
     5.57662      1.45924      1.97667      0.75284      1.62531      0.84284      1.71531
     5.60349      1.46495      1.98652      0.75659      1.63677      0.84659      1.72677
     5.63037      1.47066      1.99637      0.76034      1.64820      0.85034      1.73820
     5.65724      1.47639      2.00622      0.76408      1.65961      0.85408      1.74961
     5.68412      1.48212      2.01606      0.76783      1.67099      0.85783      1.76099
     5.71099      1.48786      2.02590      0.77158      1.68234      0.86158      1.77234
     5.73787      1.49361      2.03573      0.77533      1.69367      0.86533      1.78367
     5.76474      1.49937      2.04557      0.77908      1.70498      0.86908      1.79498
     5.79162      1.50514      2.05539      0.78282      1.71626      0.87282      1.80626
     5.81849      1.51091      2.06522      0.78657      1.72751      0.87657      1.81751
     5.84537      1.51670      2.07504      0.79032      1.73874      0.88032      1.82874
     5.87224      1.52249      2.08485      0.79406      1.74995      0.88406      1.83995
     5.89912      1.52829      2.09466      0.79781      1.76113      0.88781      1.85113
     5.92599      1.53410      2.10447      0.80156      1.77229      0.89156      1.86229
     5.95287      1.53991      2.11427      0.80530      1.78343      0.89530      1.87343
     5.97974      1.54574      2.12407      0.80905      1.79454      0.89905      1.88454
     6.00662      1.55157      2.13387      0.81280      1.80563      0.90280      1.89563
     6.03349      1.55740      2.14366      0.81654      1.81669      0.90654      1.90669
     6.06037      1.56325      2.15345      0.82029      1.82774      0.91029      1.91774
     6.08724      1.56910      2.16323      0.82403      1.83876      0.91403      1.92876
     6.11411      1.57496      2.17301      0.82778      1.84976      0.91778      1.93976
     6.14099      1.58082      2.18279      0.83152      1.86074      0.92152      1.95074
     6.16786      1.58669      2.19256      0.83526      1.87170      0.92526      1.96170
     6.19474      1.59257      2.20233      0.83901      1.88263      0.92901      1.97263
     6.22161      1.59846      2.21209      0.84275      1.89355      0.93275      1.98355
     6.24849      1.60435      2.22185      0.84650      1.90444      0.93650      1.99444
     6.27536      1.61025      2.23161      0.85024      1.91532      0.94024      2.00532
     6.30224      1.61615      2.24136      0.85398      1.92617      0.94398      2.01617
     6.32911      1.62206      2.25111      0.85773      1.93701      0.94773      2.02701
