# T/Tc, g_max^2, g_min^2
     0.98101     81.09261     59.66997
     0.99835     79.23382     58.48874
     1.01568     77.34625     57.31787
     1.03301     75.43206     56.15860
     1.05035     73.49383     54.65004
     1.06768     71.53449     53.06272
     1.08501     69.55736     51.51917
     1.10235     67.56618     50.02034
     1.11968     65.56492     48.56675
     1.13701     63.55804     47.15872
     1.15435     61.55016     45.79608
     1.17168     59.54618     44.47851
     1.18901     57.55120     43.20546
     1.20635     55.57042     41.97610
     1.22368     53.60910     40.78949
     1.24102     51.67240     39.64452
     1.25835     49.76540     38.53998
     1.27568     47.89314     37.47462
     1.29302     46.31183     36.44703
     1.31035     44.93565     35.45588
     1.32768     43.58230     34.49977
     1.34502     42.25180     33.57729
     1.36235     40.94427     32.68718
     1.37968     39.65995     31.82792
     1.39702     38.39914     30.99832
     1.41435     37.16224     30.19705
     1.43168     35.94978     29.42293
     1.44902     34.76232     28.67475
     1.46635     33.60047     27.95140
     1.48368     32.46489     27.25181
     1.50102     31.35631     26.57499
     1.51835     30.27541     25.91991
     1.53568     29.22285     25.28572
     1.55302     28.20378     24.67152
     1.57035     27.45913     24.07649
     1.58769     26.72404     23.29695
     1.60502     25.99872     22.46197
     1.62235     25.28348     21.67333
     1.63969     24.57868     20.92875
     1.65702     23.88477     20.22588
     1.67435     23.20222     19.56243
     1.69169     22.53159     18.93613
     1.70902     21.87340     18.34480
     1.72635     21.22829     17.78631
     1.74369     20.59681     17.25866
     1.76102     19.97960     16.75989
     1.77835     19.37718     16.28818
     1.79569     18.79012     15.84177
     1.81302     18.21889     15.41905
     1.83035     17.66399     15.01847
     1.84769     17.12576     14.63859
     1.86502     16.66169     14.27804
     1.88235     16.24665     13.93557
     1.89969     15.84423     13.61002
     1.91702     15.45413     13.30028
     1.93436     15.07600     13.00534
     1.95169     14.70959     12.72425
     1.96902     14.35455     12.45613
     1.98636     14.03154     12.20018
     2.00369     13.74404     11.95563
     2.02102     13.46434     11.66090
     2.03836     13.19221     11.38012
     2.05569     12.92744     11.11442
     2.07302     12.66980     10.86293
     2.09036     12.41907     10.62485
     2.10769     12.17506     10.39941
     2.12502     11.93757     10.18586
     2.14236     11.70640      9.98350
     2.15969     11.48138      9.79166
     2.17702     11.26231      9.60971
     2.19436     11.04902      9.43706
     2.21169     10.84135      9.26850
     2.22902     10.63914      9.05782
     2.24636     10.44222      8.85740
     2.26369     10.25044      8.66681
     2.28103     10.06365      8.48562
     2.29836      9.88171      8.31340
     2.31569      9.70447      8.14975
     2.33303      9.53180      7.99427
     2.35036      9.36358      7.84657
     2.36769      9.19967      7.70628
     2.38503      9.03994      7.57303
     2.40236      8.88429      7.44650
     2.41969      8.73259      7.32633
     2.43703      8.58473      7.21221
     2.45436      8.44060      7.10383
     2.47169      8.30010      7.00090
     2.48903      8.16313      6.90315
     2.50636      8.02958      6.81031
     2.52369      7.89937      6.72212
     2.54103      7.77239      6.63834
     2.55836      7.64855      6.55875
     2.57569      7.52779      6.48312
     2.59303      7.40999      6.41125
     2.61036      7.32958      6.34294
     2.62770      7.25945      6.27801
     2.64503      7.19126      6.21629
     2.66236      7.12495      6.15759
     2.67970      7.06045      6.10177
     2.69703      6.99771      6.04867
     2.71436      6.93665      5.99816
     2.73170      6.87724      5.95010
     2.74903      6.81940      5.90436
     2.76636      6.76310      5.86082
     2.78370      6.71200      5.81936
     2.80103      6.67697      5.77990
     2.81836      6.64328      5.74230
     2.83570      6.61088      5.70649
     2.85303      6.57969      5.67237
     2.87036      6.54966      5.63986
     2.88770      6.52072      5.60887
     2.90503      6.49283      5.57379
     2.92236      6.46593      5.51967
     2.93970      6.43998      5.46479
     2.95703      6.41491      5.41167
     2.97437      6.39071      5.36022
     2.99170      6.36732      5.31042
     3.00903      6.34470      5.26219
     3.02637      6.32283      5.21547
     3.04370      6.30165      5.16999
     3.06103      6.28115      5.10859
     3.07837      6.26129      5.04862
     3.09570      6.24204      4.99004
     3.11303      6.22337      4.93281
     3.13037      6.20526      4.87690
     3.14770      6.18768      4.82228
     3.16503      6.17062      4.76892
     3.18237      6.15404      4.71679
     3.19970      6.13792      4.66585
     3.21703      6.12226      4.61608
     3.23437      6.10701      4.56745
     3.25170      6.09218      4.51993
     3.26904      6.07774      4.47349
     3.28637      6.06368      4.42810
     3.30370      6.04997      4.38376
     3.32104      6.03661      4.34041
     3.33837      6.02358      4.29805
     3.35570      6.01087      4.25664
     3.37304      5.99848      4.21617
     3.39037      5.98637      4.17661
     3.40770      5.97454      4.13794
     3.42504      5.96300      4.10014
     3.44237      5.95171      4.06318
     3.45970      5.94067      4.02705
     3.47704      5.92988      3.99173
     3.49437      5.91932      3.95719
     3.51170      5.90899      3.92342
     3.52904      5.89888      3.89040
     3.54637      5.88898      3.85810
     3.56370      5.87928      3.82652
     3.58104      5.86978      3.79564
     3.59837      5.86046      3.76543
     3.61571      5.85133      3.73589
     3.63304      5.84239      3.70699
     3.65037      5.83360      3.67872
     3.66771      5.82499      3.65107
     3.68504      5.81654      3.62401
     3.70237      5.80825      3.59754
     3.71971      5.80010      3.57164
     3.73704      5.79210      3.54630
     3.75437      5.78425      3.52150
     3.77171      5.77653      3.49723
     3.78904      5.76895      3.47348
     3.80637      5.76150      3.45023
     3.82371      5.75417      3.42747
     3.84104      5.74697      3.40520
     3.85837      5.73989      3.38339
     3.87571      5.73292      3.36205
     3.89304      5.72606      3.34115
     3.91037      5.71932      3.32068
     3.92771      5.71269      3.30064
     3.94504      5.70616      3.28101
     3.96238      5.69973      3.26179
     3.97971      5.69340      3.24296
     3.99704      5.68717      3.22452
     4.01438      5.68103      3.20645
     4.03171      5.67498      3.18876
     4.04904      5.66902      3.17142
     4.06638      5.66315      3.15443
     4.08371      5.65737      3.13778
     4.10104      5.65168      3.12146
     4.11838      5.64606      3.10547
     4.13571      5.64052      3.08980
     4.15304      5.63507      3.07444
     4.17038      5.62968      3.05938
     4.18771      5.62438      3.04462
     4.20504      5.61914      3.03014
     4.22238      5.61398      3.01595
     4.23971      5.60889      3.00203
     4.25704      5.60387      2.98838
     4.27438      5.59892      2.97499
     4.29171      5.59403      2.96186
     4.30905      5.58920      2.94897
     4.32638      5.58444      2.93634
     4.34371      5.57975      2.92394
     4.36105      5.57511      2.91177
     4.37838      5.57053      2.89983
     4.39571      5.56602      2.88812
     4.41305      5.56156      2.87662
     4.43038      5.55715      2.86533
