# T/Tc, Ag_min^2, Ag_max^2, Aq_min^2, Aq_max^2
     0.98101      0.76272      0.94677      0.11446      0.16465
     1.00789      0.78065      0.94283      0.10696      0.15196
     1.03476      0.79808      0.93908      0.09991      0.14035
     1.06164      0.81489      0.93552      0.09335      0.12978
     1.08851      0.82632      0.93215      0.08728      0.12023
     1.11539      0.83750      0.92896      0.08173      0.11163
     1.14226      0.84890      0.92596      0.07671      0.10393
     1.16914      0.85564      0.93244      0.07178      0.09706
     1.19601      0.86157      0.93809      0.06717      0.09095
     1.22289      0.86743      0.94271      0.06309      0.08553
     1.24976      0.87321      0.94631      0.05948      0.08074
     1.27664      0.87889      0.94891      0.05632      0.07651
     1.30351      0.88443      0.95054      0.05357      0.07279
     1.33039      0.88980      0.95124      0.05120      0.06951
     1.35726      0.89132      0.95110      0.04918      0.06664
     1.38414      0.89273      0.95017      0.04749      0.06413
     1.41101      0.89420      0.94853      0.04612      0.06194
     1.43789      0.89572      0.94726      0.04504      0.06004
     1.46476      0.89728      0.94895      0.04424      0.05840
     1.49164      0.89886      0.94979      0.04370      0.05699
     1.51851      0.89983      0.94985      0.04342      0.05579
     1.54539      0.89875      0.94933      0.04338      0.05478
     1.57226      0.89773      0.94898      0.04358      0.05429
     1.59913      0.89676      0.94801      0.04401      0.05509
     1.62601      0.89584      0.94649      0.04464      0.05601
     1.65288      0.89495      0.94450      0.04548      0.05701
     1.67976      0.89409      0.94213      0.04651      0.05809
     1.70663      0.89326      0.93944      0.04751      0.05923
     1.73351      0.89245      0.93649      0.04766      0.06043
     1.76038      0.89166      0.93334      0.04792      0.06168
     1.78726      0.88971      0.93004      0.04828      0.06297
     1.81413      0.88507      0.92664      0.04875      0.06430
     1.84101      0.88057      0.92319      0.04933      0.06566
     1.86788      0.87622      0.92183      0.05000      0.06705
     1.89476      0.87205      0.92225      0.05078      0.06846
     1.92163      0.86805      0.92247      0.05166      0.06990
     1.94851      0.86426      0.92247      0.05264      0.07136
     1.97538      0.86067      0.92227      0.05373      0.07284
     2.00226      0.85731      0.92187      0.05492      0.07434
     2.02913      0.85417      0.92128      0.05621      0.07586
     2.05601      0.85126      0.92049      0.05762      0.07739
     2.08288      0.84859      0.91952      0.05913      0.07894
     2.10976      0.84616      0.91839      0.06075      0.08050
     2.13663      0.84398      0.91709      0.06249      0.08208
     2.16351      0.84204      0.91564      0.06435      0.08367
     2.19038      0.84034      0.91406      0.06633      0.08563
     2.21726      0.83890      0.91234      0.06816      0.08769
     2.24413      0.83769      0.91051      0.07002      0.08972
     2.27101      0.83673      0.90857      0.07199      0.09170
     2.29788      0.83602      0.90653      0.07408      0.09364
     2.32476      0.83554      0.90441      0.07629      0.09554
     2.35163      0.83529      0.90221      0.07863      0.09774
     2.37851      0.83528      0.89995      0.08109      0.10022
     2.40538      0.83550      0.89762      0.08368      0.10279
     2.43226      0.83594      0.89525      0.08641      0.10545
     2.45913      0.83660      0.89283      0.08927      0.10813
     2.48601      0.83747      0.89037      0.09094      0.11083
     2.51288      0.83855      0.88789      0.09251      0.11354
     2.53976      0.83984      0.88708      0.09408      0.11649
     2.56663      0.84132      0.88630      0.09563      0.11993
     2.59351      0.84300      0.88546      0.09717      0.12347
     2.62038      0.84485      0.88455      0.09870      0.12709
     2.64726      0.84689      0.88358      0.10021      0.13081
     2.67413      0.84910      0.88294      0.10171      0.13461
     2.70101      0.85147      0.88236      0.10319      0.13850
     2.72788      0.85400      0.88178      0.10466      0.14247
     2.75475      0.85668      0.88121      0.10610      0.14654
     2.78163      0.85951      0.88227      0.10753      0.15069
     2.80850      0.86016      0.88529      0.10894      0.15493
     2.83538      0.85770      0.88868      0.11033      0.15925
     2.86225      0.85527      0.89216      0.11169      0.16366
     2.88913      0.85287      0.89573      0.11304      0.16921
     2.91600      0.85049      0.89939      0.11436      0.17541
     2.94288      0.84814      0.90311      0.11566      0.18178
     2.96975      0.84582      0.90690      0.11695      0.18831
     2.99663      0.84354      0.91074      0.11820      0.19501
     3.02350      0.84129      0.91464      0.11944      0.20188
     3.05038      0.83907      0.91859      0.12065      0.20890
     3.07725      0.83689      0.92257      0.12184      0.21608
     3.10413      0.83474      0.92658      0.12301      0.22342
     3.13100      0.83263      0.93063      0.12416      0.23090
     3.15788      0.83056      0.93469      0.12528      0.23853
     3.18475      0.82853      0.93878      0.12638      0.24630
     3.21163      0.82654      0.94287      0.12746      0.25420
     3.23850      0.82458      0.94698      0.12852      0.26224
     3.26538      0.82267      0.95109      0.12956      0.27041
     3.29225      0.82079      0.95521      0.13057      0.27869
     3.31913      0.81896      0.95932      0.13156      0.28709
     3.34600      0.81716      0.96343      0.13254      0.29560
     3.37288      0.81540      0.96753      0.13349      0.30421
     3.39975      0.81369      0.97162      0.13442      0.31292
     3.42663      0.81201      0.97570      0.13533      0.32172
     3.45350      0.81037      0.97976      0.13622      0.33060
     3.48038      0.80877      0.98381      0.13709      0.33957
     3.50725      0.80721      0.98783      0.13795      0.34860
     3.53413      0.80568      0.99183      0.13878      0.35770
     3.56100      0.80420      0.99580      0.13959      0.36686
     3.58788      0.80275      0.99975      0.14039      0.37608
     3.61475      0.80134      1.00368      0.14117      0.38534
     3.64163      0.79996      1.00757      0.14193      0.39464
     3.66850      0.79862      1.01143      0.14268      0.40397
     3.69538      0.79732      1.01526      0.14341      0.41333
     3.72225      0.79605      1.01906      0.14412      0.42272
     3.74913      0.79481      1.02282      0.14482      0.43212
     3.77600      0.79361      1.02655      0.14550      0.44153
     3.80288      0.79244      1.03024      0.14616      0.45095
     3.82975      0.79130      1.03390      0.14681      0.46036
     3.85662      0.79019      1.03752      0.14745      0.46977
     3.88350      0.78912      1.04110      0.14807      0.47917
     3.91037      0.78807      1.04464      0.14868      0.48856
     3.93725      0.78706      1.04815      0.14927      0.49792
     3.96412      0.78607      1.05161      0.14985      0.50725
     3.99100      0.78511      1.05504      0.15042      0.51656
     4.01787      0.78418      1.05842      0.15098      0.52583
     4.04475      0.78328      1.06177      0.15152      0.53506
     4.07162      0.78241      1.06507      0.15205      0.54425
     4.09850      0.78155      1.06834      0.15257      0.55339
     4.12537      0.78073      1.07156      0.15308      0.56248
     4.15225      0.77993      1.07474      0.15358      0.57152
     4.17912      0.77915      1.07789      0.15406      0.58050
     4.20600      0.77840      1.08099      0.15454      0.58943
     4.23287      0.77766      1.08405      0.15500      0.59829
     4.25975      0.77695      1.08707      0.15546      0.60708
     4.28662      0.77627      1.09005      0.15590      0.61581
     4.31350      0.77560      1.09299      0.15634      0.62447
     4.34037      0.77495      1.09588      0.15676      0.63305
     4.36725      0.77433      1.09874      0.15718      0.64157
     4.39412      0.77372      1.10156      0.15759      0.65000
     4.42100      0.77313      1.10434      0.15799      0.65836
     4.44787      0.77256      1.10708      0.15838      0.66664
     4.47475      0.77200      1.10978      0.15876      0.67484
     4.50162      0.77147      1.11245      0.15913      0.68296
     4.52850      0.77095      1.11507      0.15950      0.69100
     4.55537      0.77044      1.11766      0.15986      0.69895
     4.58225      0.76995      1.12020      0.16021      0.70682
     4.60912      0.76948      1.12272      0.16055      0.71460
     4.63600      0.76902      1.12519      0.16089      0.72229
     4.66287      0.76858      1.12763      0.16122      0.72990
     4.68975      0.76815      1.13003      0.16155      0.73743
     4.71662      0.76773      1.13239      0.16186      0.74486
     4.74350      0.76732      1.13472      0.16217      0.75221
     4.77037      0.76693      1.13701      0.16248      0.75947
     4.79725      0.76655      1.13927      0.16278      0.76664
     4.82412      0.76618      1.14149      0.16307      0.77373
     4.85100      0.76583      1.14368      0.16335      0.78073
     4.87787      0.76548      1.14584      0.16363      0.78764
     4.90475      0.76515      1.14796      0.16391      0.79446
     4.93162      0.76483      1.15005      0.16418      0.80120
     4.95850      0.76451      1.15211      0.16444      0.80785
     4.98537      0.76421      1.15414      0.16470      0.81441
     5.01224      0.76391      1.15613      0.16496      0.82089
     5.03912      0.76363      1.15809      0.16521      0.82728
     5.06599      0.76335      1.16003      0.16545      0.83359
     5.09287      0.76309      1.16193      0.16569      0.83981
     5.11974      0.76283      1.16380      0.16593      0.84595
     5.14662      0.76257      1.16564      0.16616      0.85200
     5.17349      0.76233      1.16746      0.16638      0.85798
     5.20037      0.76210      1.16924      0.16661      0.86387
     5.22724      0.76187      1.17100      0.16682      0.86968
     5.25412      0.76165      1.17272      0.16704      0.87541
     5.28099      0.76143      1.17442      0.16725      0.88107
     5.30787      0.76122      1.17610      0.16746      0.88664
     5.33474      0.76102      1.17775      0.16766      0.89214
     5.36162      0.76083      1.17937      0.16786      0.89755
     5.38849      0.76064      1.18096      0.16805      0.90290
     5.41537      0.76046      1.18253      0.16824      0.90817
     5.44224      0.76028      1.18407      0.16843      0.91336
     5.46912      0.76011      1.18559      0.16862      0.91848
     5.49599      0.75959      1.18709      0.16880      0.92352
     5.52287      0.75907      1.18856      0.16898      0.92850
     5.54974      0.75855      1.19001      0.16915      0.93340
     5.57662      0.75805      1.19143      0.16932      0.93824
     5.60349      0.75755      1.19283      0.16949      0.94300
     5.63037      0.75706      1.19421      0.16966      0.94770
     5.65724      0.75658      1.19557      0.16982      0.95233
     5.68412      0.75611      1.19690      0.16998      0.95689
     5.71099      0.75564      1.19821      0.17014      0.96139
     5.73787      0.75519      1.19950      0.17030      0.96582
     5.76474      0.75474      1.20078      0.17045      0.97019
     5.79162      0.75430      1.20203      0.17060      0.97450
     5.81849      0.75387      1.20326      0.17075      0.97874
     5.84537      0.75344      1.20447      0.17089      0.98292
     5.87224      0.75302      1.20566      0.17103      0.98705
     5.89912      0.75261      1.20683      0.17117      0.99111
     5.92599      0.75221      1.20798      0.17131      0.99511
     5.95287      0.75181      1.20912      0.17145      0.99906
     5.97974      0.75142      1.21023      0.17158      1.00295
     6.00662      0.75103      1.21133      0.17171      1.00679
     6.03349      0.75066      1.21241      0.17184      1.01056
     6.06037      0.75029      1.21348      0.17197      1.01429
     6.08724      0.74992      1.21452      0.17209      1.01796
     6.11411      0.74956      1.21555      0.17221      1.02158
     6.14099      0.74921      1.21656      0.17234      1.02515
     6.16786      0.74887      1.21756      0.17245      1.02866
     6.19474      0.74853      1.21854      0.17257      1.03213
     6.22161      0.74819      1.21951      0.17269      1.03554
     6.24849      0.74786      1.22046      0.17280      1.03891
     6.27536      0.74754      1.22139      0.17291      1.04223
     6.30224      0.74722      1.22231      0.17302      1.04550
     6.32911      0.74691      1.22321      0.17313      1.04872
