# T/Tc, widthG_min*eval, widthG_max*eval, widthL_min*eval, widthL_max*eval, widthS_min*eval, widthS_max*eval
     0.98101      0.11993      0.14682      0.02123      0.06360      0.14393      0.18080
     1.00789      0.12151      0.14952      0.02340      0.06350      0.14815      0.18098
     1.03476      0.12305      0.15196      0.02570      0.06344      0.15226      0.18106
     1.06164      0.12455      0.15414      0.02814      0.06344      0.15624      0.18161
     1.08851      0.12601      0.15604      0.03072      0.06494      0.16008      0.18315
     1.11539      0.12744      0.15765      0.03343      0.06778      0.16328      0.18450
     1.14226      0.12885      0.15897      0.03627      0.07065      0.16581      0.18567
     1.16914      0.13022      0.15999      0.03909      0.07353      0.16821      0.18666
     1.19601      0.13157      0.16071      0.04191      0.07642      0.17047      0.18747
     1.22289      0.13290      0.16116      0.04485      0.07929      0.17252      0.18810
     1.24976      0.13421      0.16133      0.04793      0.08215      0.17395      0.18881
     1.27664      0.13549      0.16222      0.05113      0.08499      0.17516      0.19097
     1.30351      0.13676      0.16320      0.05447      0.08779      0.17626      0.19286
     1.33039      0.13800      0.16401      0.05793      0.09056      0.17722      0.19448
     1.35726      0.13923      0.16465      0.06152      0.09329      0.17804      0.19582
     1.38414      0.14043      0.16513      0.06524      0.09598      0.17873      0.19689
     1.41101      0.14162      0.16544      0.06849      0.09863      0.17856      0.19769
     1.43789      0.14279      0.16559      0.07083      0.10123      0.17830      0.19821
     1.46476      0.14394      0.16559      0.07332      0.10379      0.17802      0.19858
     1.49164      0.14507      0.16543      0.07599      0.10631      0.17773      0.19867
     1.51851      0.14619      0.16554      0.07884      0.10879      0.17742      0.19848
     1.54539      0.14728      0.16592      0.08188      0.11123      0.17710      0.19800
     1.57226      0.14836      0.16613      0.08513      0.11363      0.17677      0.19726
     1.59913      0.14942      0.16619      0.08859      0.11599      0.17642      0.19628
     1.62601      0.15046      0.16609      0.09227      0.11833      0.17606      0.19527
     1.65288      0.15076      0.16584      0.09617      0.12143      0.17569      0.19440
     1.67976      0.15022      0.16545      0.09881      0.12579      0.17530      0.19331
     1.70663      0.14976      0.16553      0.10146      0.13009      0.17480      0.19199
     1.73351      0.14939      0.16558      0.10414      0.13432      0.17364      0.19046
     1.76038      0.14909      0.16556      0.10686      0.13849      0.17241      0.18900
     1.78726      0.14887      0.16548      0.10961      0.14259      0.17114      0.18798
     1.81413      0.14858      0.16533      0.11240      0.14663      0.16985      0.18685
     1.84101      0.14817      0.16512      0.11522      0.15059      0.16854      0.18565
     1.86788      0.14779      0.16487      0.11806      0.15448      0.16725      0.18462
     1.89476      0.14742      0.16457      0.12094      0.15831      0.16597      0.18369
     1.92163      0.14709      0.16426      0.12384      0.16207      0.16473      0.18272
     1.94851      0.14679      0.16441      0.12677      0.16597      0.16353      0.18172
     1.97538      0.14652      0.16458      0.12972      0.17071      0.16238      0.18069
     2.00226      0.14630      0.16471      0.13269      0.17538      0.16129      0.17963
     2.02913      0.14612      0.16481      0.13569      0.17999      0.16026      0.17855
     2.05601      0.14599      0.16508      0.13870      0.18453      0.15930      0.17744
     2.08288      0.14590      0.16591      0.14172      0.18898      0.15840      0.17632
     2.10976      0.14587      0.16672      0.14476      0.19335      0.15755      0.17527
     2.13663      0.14590      0.16753      0.14782      0.19763      0.15539      0.17507
     2.16351      0.14598      0.16834      0.15088      0.20181      0.15326      0.17491
     2.19038      0.14611      0.16914      0.15396      0.20589      0.15119      0.17477
     2.21726      0.14630      0.16994      0.15704      0.20988      0.14918      0.17468
     2.24413      0.14655      0.17073      0.16013      0.21376      0.14723      0.17461
     2.27101      0.14636      0.17152      0.16323      0.21754      0.14534      0.17458
     2.29788      0.14601      0.17232      0.16633      0.22122      0.14351      0.17459
     2.32476      0.14573      0.17310      0.16943      0.22480      0.14175      0.17463
     2.35163      0.14552      0.17389      0.17254      0.22827      0.14004      0.17470
     2.37851      0.14538      0.17468      0.17565      0.23164      0.13841      0.17480
     2.40538      0.14531      0.17547      0.17876      0.23491      0.13683      0.17493
     2.43226      0.14530      0.17626      0.18075      0.23810      0.13532      0.17510
     2.45913      0.14536      0.17705      0.18270      0.24142      0.13387      0.17529
     2.48601      0.14549      0.17784      0.18466      0.24466      0.13248      0.17552
     2.51288      0.14568      0.17864      0.18660      0.24783      0.13114      0.17578
     2.53976      0.14592      0.17943      0.18855      0.25093      0.12986      0.17606
     2.56663      0.14622      0.18023      0.19049      0.25397      0.12864      0.17638
     2.59351      0.14658      0.18104      0.19243      0.25695      0.12747      0.17672
     2.62038      0.14699      0.18184      0.19437      0.25987      0.12636      0.17709
     2.64726      0.14744      0.18265      0.19630      0.26274      0.12529      0.17748
     2.67413      0.14794      0.18347      0.19823      0.26555      0.12427      0.17791
     2.70101      0.14849      0.18429      0.20016      0.26832      0.12330      0.17835
     2.72788      0.14864      0.18511      0.20209      0.27104      0.12237      0.17882
     2.75475      0.14868      0.18594      0.20401      0.27372      0.12148      0.17932
     2.78163      0.14872      0.18677      0.20594      0.27636      0.12064      0.17984
     2.80850      0.14877      0.18761      0.20786      0.27896      0.11983      0.18038
     2.83538      0.14881      0.18846      0.20978      0.28152      0.11907      0.18095
     2.86225      0.14886      0.18931      0.21169      0.28406      0.11834      0.18154
     2.88913      0.14891      0.19017      0.21361      0.28656      0.11764      0.18214
     2.91600      0.14859      0.19103      0.21552      0.28904      0.11679      0.18277
     2.94288      0.14810      0.19191      0.21744      0.29149      0.11520      0.18342
     2.96975      0.14763      0.19278      0.21935      0.29439      0.11362      0.18409
     2.99663      0.14716      0.19367      0.22126      0.29763      0.11206      0.18478
     3.02350      0.14670      0.19456      0.22317      0.30086      0.11050      0.18548
     3.05038      0.14626      0.19546      0.22508      0.30407      0.10896      0.18620
     3.07725      0.14582      0.19637      0.22699      0.30726      0.10743      0.18695
     3.10413      0.14540      0.19728      0.22890      0.31043      0.10592      0.18770
     3.13100      0.14498      0.19821      0.23080      0.31359      0.10442      0.18848
     3.15788      0.14458      0.19914      0.23271      0.31672      0.10294      0.18927
     3.18475      0.14420      0.20007      0.23307      0.31985      0.10148      0.19007
     3.21163      0.14382      0.20102      0.23215      0.32296      0.10003      0.19089
     3.23850      0.14346      0.20197      0.23120      0.32605      0.09861      0.19173
     3.26538      0.14311      0.20293      0.23021      0.32913      0.09721      0.19262
     3.29225      0.14278      0.20390      0.22919      0.33220      0.09582      0.19377
     3.31913      0.14246      0.20488      0.22814      0.33525      0.09446      0.19492
     3.34600      0.14215      0.20586      0.22708      0.33829      0.09312      0.19608
     3.37288      0.14185      0.20686      0.22599      0.34132      0.09180      0.19725
     3.39975      0.14158      0.20786      0.22489      0.34433      0.09051      0.19842
     3.42663      0.14131      0.20887      0.22378      0.34734      0.08923      0.19960
     3.45350      0.14106      0.20988      0.22265      0.35034      0.08798      0.20078
     3.48038      0.14082      0.21091      0.22152      0.35373      0.08676      0.20196
     3.50725      0.14060      0.21194      0.22039      0.35711      0.08556      0.20315
     3.53413      0.14040      0.21298      0.21925      0.36048      0.08438      0.20435
     3.56100      0.14020      0.21402      0.21811      0.36384      0.08322      0.20555
     3.58788      0.14003      0.21508      0.21697      0.36720      0.08209      0.20675
     3.61475      0.13986      0.21614      0.21584      0.37055      0.08098      0.20795
     3.64163      0.13972      0.21721      0.21471      0.37389      0.07989      0.20916
     3.66850      0.13958      0.21828      0.21359      0.37722      0.07883      0.21037
     3.69538      0.13946      0.21937      0.21248      0.38055      0.07779      0.21159
     3.72225      0.13936      0.22046      0.21138      0.38387      0.07678      0.21281
     3.74913      0.13926      0.22156      0.21029      0.38719      0.07578      0.21403
     3.77600      0.13919      0.22266      0.20921      0.39049      0.07481      0.21525
     3.80288      0.13912      0.22377      0.20815      0.39380      0.07387      0.21648
     3.82975      0.13907      0.22489      0.20710      0.39709      0.07294      0.21771
     3.85662      0.13904      0.22602      0.20606      0.40038      0.07204      0.21894
     3.88350      0.13901      0.22715      0.20505      0.40366      0.07115      0.22017
     3.91037      0.13900      0.22829      0.20405      0.40694      0.07029      0.22141
     3.93725      0.13901      0.23001      0.20306      0.41021      0.06945      0.22265
     3.96412      0.13902      0.23179      0.20209      0.41347      0.06863      0.22389
     3.99100      0.13905      0.23359      0.20115      0.41673      0.06783      0.22513
     4.01787      0.13909      0.23538      0.20022      0.41998      0.06705      0.22637
     4.04475      0.13915      0.23718      0.19931      0.42323      0.06629      0.22762
     4.07162      0.13921      0.23898      0.19842      0.42647      0.06555      0.22886
     4.09850      0.13929      0.24079      0.19755      0.42971      0.06482      0.23011
     4.12537      0.13938      0.24259      0.19669      0.43294      0.06412      0.23136
     4.15225      0.13948      0.24441      0.19586      0.43616      0.06343      0.23262
     4.17912      0.13959      0.24622      0.19505      0.43938      0.06276      0.23387
     4.20600      0.13972      0.24804      0.19426      0.44260      0.06211      0.23513
     4.23287      0.13985      0.24986      0.19349      0.44581      0.06147      0.23638
     4.25975      0.14000      0.25168      0.19274      0.44902      0.06085      0.23764
     4.28662      0.14016      0.25350      0.19200      0.45222      0.06025      0.23890
     4.31350      0.14032      0.25533      0.19129      0.45542      0.05966      0.24017
     4.34037      0.14050      0.25715      0.19060      0.45861      0.05909      0.24143
     4.36725      0.14069      0.25898      0.18993      0.46180      0.05853      0.24269
     4.39412      0.14088      0.26081      0.18927      0.46498      0.05798      0.24396
     4.42100      0.14109      0.26265      0.18864      0.46816      0.05745      0.24523
     4.44787      0.14130      0.26448      0.18802      0.47133      0.05694      0.24650
     4.47475      0.14153      0.26632      0.18743      0.47450      0.05643      0.24777
     4.50162      0.14174      0.26815      0.18685      0.47767      0.05594      0.24904
     4.52850      0.14189      0.26999      0.18629      0.48084      0.05547      0.25031
     4.55537      0.14205      0.27183      0.18575      0.48399      0.05500      0.25158
     4.58225      0.14221      0.27367      0.18522      0.48715      0.05455      0.25286
     4.60912      0.14239      0.27551      0.18472      0.49030      0.05411      0.25413
     4.63600      0.14257      0.27735      0.18423      0.49345      0.05368      0.25541
     4.66287      0.14277      0.27920      0.18376      0.49659      0.05326      0.25669
     4.68975      0.14297      0.28104      0.18330      0.49974      0.05286      0.25797
     4.71662      0.14318      0.28288      0.18286      0.50287      0.05246      0.25925
     4.74350      0.14340      0.28473      0.18244      0.50601      0.05207      0.26053
     4.77037      0.14363      0.28657      0.18204      0.50914      0.05170      0.26182
     4.79725      0.14387      0.28842      0.18165      0.51227      0.05133      0.26310
     4.82412      0.14411      0.29027      0.18127      0.51539      0.05097      0.26439
     4.85100      0.14437      0.29211      0.18092      0.51851      0.05063      0.26567
     4.87787      0.14463      0.29396      0.18057      0.52163      0.05029      0.26696
     4.90475      0.14489      0.29581      0.18024      0.52475      0.04996      0.26825
     4.93162      0.14517      0.29765      0.17993      0.52786      0.04964      0.26954
     4.95850      0.14545      0.29950      0.17963      0.53097      0.04933      0.27083
     4.98537      0.14574      0.30135      0.17934      0.53408      0.04902      0.27212
     5.01224      0.14603      0.30319      0.17907      0.53719      0.04872      0.27341
     5.03912      0.14633      0.30504      0.17881      0.54029      0.04844      0.27471
     5.06599      0.14664      0.30689      0.17857      0.54339      0.04815      0.27600
     5.09287      0.14696      0.30874      0.17834      0.54648      0.04788      0.27730
     5.11974      0.14728      0.31058      0.17812      0.54958      0.04761      0.27859
     5.14662      0.14760      0.31243      0.17791      0.55267      0.04735      0.27989
     5.17349      0.14793      0.31428      0.17772      0.55576      0.04710      0.28119
     5.20037      0.14827      0.31612      0.17753      0.55885      0.04686      0.28249
     5.22724      0.14861      0.31797      0.17736      0.56193      0.04662      0.28379
     5.25412      0.14896      0.31982      0.17720      0.56502      0.04638      0.28509
     5.28099      0.14932      0.32166      0.17705      0.56810      0.04615      0.28639
     5.30787      0.14967      0.32351      0.17692      0.57118      0.04593      0.28770
     5.33474      0.15004      0.32535      0.17679      0.57425      0.04572      0.28900
     5.36162      0.15041      0.32720      0.17668      0.57733      0.04551      0.29030
     5.38849      0.15078      0.32904      0.17657      0.58040      0.04530      0.29161
     5.41537      0.15116      0.33089      0.17648      0.58347      0.04510      0.29292
     5.44224      0.15154      0.33273      0.17639      0.58654      0.04491      0.29422
     5.46912      0.15193      0.33457      0.17632      0.58960      0.04472      0.29553
     5.49599      0.15232      0.33642      0.17625      0.59267      0.04454      0.29684
     5.52287      0.15272      0.33826      0.17620      0.59573      0.04436      0.29815
     5.54974      0.15312      0.34010      0.17615      0.59879      0.04419      0.29946
     5.57662      0.15352      0.34194      0.17612      0.60185      0.04402      0.30077
     5.60349      0.15393      0.34378      0.17609      0.60491      0.04385      0.30209
     5.63037      0.15434      0.34562      0.17607      0.60797      0.04369      0.30340
     5.65724      0.15476      0.34746      0.17606      0.61102      0.04354      0.30471
     5.68412      0.15518      0.34930      0.17606      0.61407      0.04339      0.30603
     5.71099      0.15560      0.35114      0.17607      0.61712      0.04324      0.30734
     5.73787      0.15603      0.35297      0.17608      0.62017      0.04309      0.30866
     5.76474      0.15646      0.35481      0.17610      0.62322      0.04296      0.30998
     5.79162      0.15689      0.35665      0.17614      0.62627      0.04282      0.31129
     5.81849      0.15733      0.35848      0.17617      0.62931      0.04269      0.31261
     5.84537      0.15777      0.36032      0.17622      0.63236      0.04256      0.31393
     5.87224      0.15821      0.36215      0.17627      0.63540      0.04243      0.31525
     5.89912      0.15866      0.36399      0.17633      0.63844      0.04231      0.31657
     5.92599      0.15911      0.36582      0.17640      0.64148      0.04220      0.31789
     5.95287      0.15956      0.36765      0.17648      0.64452      0.04208      0.31922
     5.97974      0.16002      0.36948      0.17656      0.64755      0.04197      0.32054
     6.00662      0.16048      0.37131      0.17665      0.65059      0.04186      0.32186
     6.03349      0.16094      0.37314      0.17674      0.65362      0.04176      0.32319
     6.06037      0.16140      0.37497      0.17685      0.65666      0.04166      0.32451
     6.08724      0.16187      0.37680      0.17695      0.65969      0.04156      0.32584
     6.11411      0.16234      0.37863      0.17707      0.66272      0.04146      0.32716
     6.14099      0.16281      0.38046      0.17719      0.66575      0.04137      0.32849
     6.16786      0.16329      0.38228      0.17732      0.66878      0.04128      0.32982
     6.19474      0.16376      0.38411      0.17745      0.67180      0.04119      0.33121
     6.22161      0.16424      0.38594      0.17759      0.67483      0.04111      0.33268
     6.24849      0.16472      0.38776      0.17773      0.67786      0.04103      0.33414
     6.27536      0.16521      0.38958      0.17788      0.68088      0.04095      0.33560
     6.30224      0.16569      0.39141      0.17804      0.68390      0.04087      0.33706
     6.32911      0.16618      0.39323      0.17820      0.68693      0.04080      0.33852
