       0.09981       0.99502       0.96000       0.74226       0.49484       0.52484       0.08410       0.03738       2.87429
       0.10031       1.00000       0.96000       0.71063       0.47375       0.50375       0.08260       0.03671       2.62165
       0.10081       1.00498       0.96000       0.68847       0.45898       0.48898       0.08154       0.03624       2.44865
       0.10131       1.00997       0.96000       0.67712       0.45141       0.48141       0.08110       0.03604       2.35700
       0.10181       1.01495       0.96000       0.67154       0.44769       0.47769       0.08102       0.03601       2.30697
       0.10231       1.01994       0.96000       0.66772       0.44514       0.47514       0.08104       0.03602       2.26960
       0.10281       1.02492       0.96000       0.66420       0.44280       0.47280       0.08109       0.03604       2.23474
       0.10331       1.02991       0.96000       0.66067       0.44045       0.47045       0.08112       0.03605       2.20028
       0.10381       1.03489       0.96000       0.65714       0.43810       0.46810       0.08115       0.03607       2.16616
       0.10431       1.03988       0.96000       0.65364       0.43576       0.46576       0.08117       0.03608       2.13260
       0.10481       1.04486       0.96000       0.65018       0.43345       0.46345       0.08120       0.03609       2.09976
       0.10531       1.04984       0.96000       0.64678       0.43119       0.46119       0.08121       0.03610       2.06770
       0.10581       1.05483       0.96000       0.64345       0.42896       0.45896       0.08123       0.03610       2.03645
       0.10631       1.05981       0.96000       0.64018       0.42679       0.45679       0.08125       0.03611       2.00598
       0.10681       1.06480       0.96000       0.63699       0.42466       0.45466       0.08127       0.03612       1.97629
       0.10731       1.06978       0.96000       0.63386       0.42257       0.45257       0.08128       0.03612       1.94735
       0.10781       1.07477       0.96000       0.63080       0.42053       0.45053       0.08130       0.03613       1.91915
       0.10831       1.07975       0.96000       0.62780       0.41853       0.44853       0.08131       0.03614       1.89165
       0.10881       1.08474       0.96000       0.62486       0.41657       0.44657       0.08132       0.03614       1.86484
       0.10931       1.08972       0.96000       0.62199       0.41466       0.44466       0.08134       0.03615       1.83869
       0.10981       1.09470       0.96000       0.61917       0.41278       0.44278       0.08135       0.03616       1.81319
       0.11031       1.09969       0.96000       0.61642       0.41094       0.44094       0.08136       0.03616       1.78831
       0.11081       1.10467       0.96000       0.61372       0.40915       0.43915       0.08137       0.03617       1.76404
       0.11131       1.10966       0.96000       0.61108       0.40738       0.43738       0.08139       0.03617       1.74036
       0.11181       1.11464       0.96000       0.60849       0.40566       0.43566       0.08140       0.03618       1.71724
       0.11231       1.11963       0.96000       0.60596       0.40397       0.43397       0.08141       0.03618       1.69468
       0.11281       1.12461       0.96000       0.60348       0.40232       0.43232       0.08142       0.03619       1.67265
       0.11331       1.12959       0.96000       0.60105       0.40070       0.43070       0.08143       0.03619       1.65114
       0.11381       1.13458       0.96000       0.59868       0.39912       0.42912       0.08144       0.03620       1.63014
       0.11431       1.13956       0.96000       0.59635       0.39757       0.42757       0.08145       0.03620       1.60962
       0.11481       1.14455       0.96000       0.59407       0.39605       0.42605       0.08146       0.03621       1.58958
       0.11531       1.14953       0.96000       0.59184       0.39456       0.42456       0.08147       0.03621       1.57000
       0.11581       1.15452       0.96000       0.58966       0.39311       0.42311       0.08149       0.03622       1.55087
       0.11631       1.15950       0.96000       0.58752       0.39168       0.42168       0.08150       0.03622       1.53218
       0.11681       1.16449       0.96000       0.58543       0.39029       0.42029       0.08151       0.03623       1.51390
       0.11731       1.16947       0.96000       0.58338       0.38892       0.41892       0.08152       0.03623       1.49603
       0.11781       1.17445       0.96000       0.58138       0.38758       0.41758       0.08153       0.03624       1.47856
       0.11831       1.17944       0.96000       0.57941       0.38628       0.41628       0.08154       0.03624       1.46148
       0.11881       1.18442       0.96000       0.57749       0.38499       0.41499       0.08156       0.03625       1.44478
       0.11931       1.18941       0.96000       0.57561       0.38374       0.41374       0.08157       0.03625       1.42844
       0.11981       1.19439       0.96000       0.57377       0.38251       0.41251       0.08158       0.03626       1.41246
       0.12031       1.19938       0.96000       0.57197       0.38131       0.41131       0.08160       0.03626       1.39682
       0.12081       1.20436       0.96000       0.57020       0.38014       0.41014       0.08161       0.03627       1.38151
       0.12131       1.20935       0.96000       0.56848       0.37899       0.40899       0.08162       0.03628       1.36654
       0.12181       1.21433       0.96000       0.56679       0.37786       0.40786       0.08164       0.03628       1.35188
       0.12231       1.21931       0.96000       0.56514       0.37676       0.40676       0.08165       0.03629       1.33753
       0.12281       1.22430       0.96000       0.56352       0.37568       0.40568       0.08167       0.03630       1.32348
       0.12331       1.22928       0.96000       0.56194       0.37462       0.40462       0.08169       0.03630       1.30972
       0.12381       1.23427       0.96000       0.56039       0.37359       0.40359       0.08170       0.03631       1.29625
       0.12431       1.23925       0.96000       0.55887       0.37258       0.40258       0.08172       0.03632       1.28306
       0.12481       1.24424       0.96000       0.55739       0.37159       0.40159       0.08174       0.03633       1.27013
       0.12531       1.24922       0.96000       0.55594       0.37062       0.40062       0.08175       0.03634       1.25747
       0.12581       1.25421       0.96000       0.55452       0.36968       0.39968       0.08177       0.03634       1.24506
       0.12631       1.25919       0.96000       0.55313       0.36875       0.39875       0.08179       0.03635       1.23290
       0.12681       1.26417       0.96000       0.55177       0.36785       0.39785       0.08181       0.03636       1.22099
       0.12731       1.26916       0.96000       0.55044       0.36696       0.39696       0.08183       0.03637       1.20931
       0.12781       1.27414       0.96000       0.54914       0.36610       0.39610       0.08185       0.03638       1.19786
       0.12831       1.27913       0.96000       0.54787       0.36525       0.39525       0.08188       0.03639       1.18664
       0.12881       1.28411       0.96000       0.54663       0.36442       0.39442       0.08190       0.03640       1.17563
       0.12931       1.28910       0.96000       0.54542       0.36361       0.39361       0.08192       0.03641       1.16484
       0.12981       1.29408       0.96000       0.54423       0.36282       0.39282       0.08194       0.03642       1.15425
       0.13031       1.29907       0.96000       0.54307       0.36205       0.39205       0.08197       0.03643       1.14387
       0.13081       1.30405       0.96000       0.54193       0.36129       0.39129       0.08199       0.03644       1.13368
       0.13131       1.30903       0.96000       0.54083       0.36055       0.39055       0.08202       0.03645       1.12369
       0.13181       1.31402       0.96000       0.53974       0.35983       0.38983       0.08205       0.03646       1.11389
       0.13231       1.31900       0.96000       0.53868       0.35912       0.38912       0.08207       0.03648       1.10426
       0.13281       1.32399       0.96000       0.53765       0.35843       0.38843       0.08210       0.03649       1.09482
       0.13331       1.32897       0.96000       0.53664       0.35776       0.38776       0.08213       0.03650       1.08555
       0.13381       1.33396       0.96000       0.53565       0.35710       0.38710       0.08216       0.03651       1.07645
       0.13431       1.33894       0.96000       0.53469       0.35646       0.38646       0.08219       0.03653       1.06752
       0.13481       1.34393       0.96000       0.53374       0.35583       0.38583       0.08222       0.03654       1.05875
       0.13531       1.34891       0.96000       0.53282       0.35522       0.38522       0.08225       0.03655       1.05013
       0.13581       1.35389       0.96000       0.53193       0.35462       0.38462       0.08228       0.03657       1.04167
       0.13631       1.35888       0.96000       0.53105       0.35403       0.38403       0.08231       0.03658       1.03336
       0.13681       1.36386       0.96000       0.53019       0.35346       0.38346       0.08235       0.03660       1.02520
       0.13731       1.36885       0.96000       0.52936       0.35291       0.38291       0.08238       0.03661       1.01718
       0.13781       1.37383       0.96000       0.52854       0.35236       0.38236       0.08241       0.03663       1.00931
       0.13831       1.37882       0.96000       0.52775       0.35183       0.38183       0.08245       0.03664       1.00156
       0.13881       1.38380       0.96000       0.52697       0.35132       0.38132       0.08249       0.03666       0.99396
       0.13931       1.38878       0.96000       0.52622       0.35081       0.38081       0.08252       0.03668       0.98648
       0.13981       1.39377       0.96000       0.52548       0.35032       0.38032       0.08256       0.03669       0.97913
       0.14031       1.39875       0.96000       0.52476       0.34984       0.37984       0.08260       0.03671       0.97191
       0.14081       1.40374       0.96000       0.52406       0.34938       0.37938       0.08264       0.03673       0.96480
       0.14131       1.40872       0.96000       0.52338       0.34892       0.37892       0.08268       0.03674       0.95782
       0.14181       1.41371       0.96000       0.52272       0.34848       0.37848       0.08272       0.03676       0.95095
       0.14231       1.41869       0.96000       0.52207       0.34805       0.37805       0.08276       0.03678       0.94420
       0.14281       1.42368       0.96000       0.52144       0.34763       0.37763       0.08280       0.03680       0.93756
       0.14331       1.42866       0.96000       0.52083       0.34722       0.37722       0.08284       0.03682       0.93103
       0.14381       1.43364       0.96000       0.52023       0.34682       0.37682       0.08288       0.03684       0.92460
       0.14431       1.43863       0.96000       0.51965       0.34643       0.37643       0.08293       0.03686       0.91828
       0.14481       1.44361       0.96000       0.51908       0.34606       0.37606       0.08297       0.03688       0.91206
       0.14531       1.44860       0.96000       0.51854       0.34569       0.37569       0.08302       0.03690       0.90594
       0.14581       1.45358       0.96000       0.51800       0.34533       0.37533       0.08306       0.03692       0.89992
       0.14631       1.45857       0.96000       0.51748       0.34499       0.37499       0.08311       0.03694       0.89399
       0.14681       1.46355       0.96000       0.51698       0.34465       0.37465       0.08316       0.03696       0.88815
       0.14731       1.46854       0.96000       0.51649       0.34433       0.37433       0.08320       0.03698       0.88241
       0.14781       1.47352       0.96000       0.51602       0.34401       0.37401       0.08325       0.03700       0.87676
       0.14831       1.47850       0.96000       0.51556       0.34370       0.37370       0.08330       0.03702       0.87119
       0.14881       1.48349       0.96000       0.51511       0.34341       0.37341       0.08335       0.03705       0.86571
       0.14931       1.48847       0.96000       0.51468       0.34312       0.37312       0.08340       0.03707       0.86031
       0.14981       1.49346       0.96000       0.51426       0.34284       0.37284       0.08345       0.03709       0.85500
       0.15031       1.49844       0.96000       0.51385       0.34257       0.37257       0.08351       0.03711       0.84977
       0.15081       1.50343       0.96000       0.51346       0.34231       0.37231       0.08356       0.03714       0.84461
       0.15131       1.50841       0.96000       0.51308       0.34205       0.37205       0.08361       0.03716       0.83953
       0.15181       1.51340       0.96000       0.51271       0.34181       0.37181       0.08366       0.03718       0.83453
       0.15231       1.51838       0.96000       0.51236       0.34157       0.37157       0.08372       0.03721       0.82960
       0.15281       1.52336       0.96000       0.51202       0.34134       0.37134       0.08377       0.03723       0.82475
       0.15331       1.52835       0.96000       0.51169       0.34112       0.37112       0.08383       0.03726       0.81996
       0.15381       1.53333       0.96000       0.51137       0.34091       0.37091       0.08389       0.03728       0.81525
       0.15431       1.53832       0.96000       0.51106       0.34071       0.37071       0.08394       0.03731       0.81060
       0.15481       1.54330       0.96000       0.51077       0.34051       0.37051       0.08400       0.03733       0.80602
       0.15531       1.54829       0.96000       0.51048       0.34032       0.37032       0.08406       0.03736       0.80150
       0.15581       1.55327       0.96000       0.51021       0.34014       0.37014       0.08412       0.03739       0.79705
       0.15631       1.55826       0.96000       0.50995       0.33996       0.36996       0.08418       0.03741       0.79266
       0.15681       1.56324       0.96000       0.50970       0.33980       0.36980       0.08424       0.03744       0.78834
       0.15731       1.56822       0.96000       0.50946       0.33964       0.36964       0.08430       0.03747       0.78407
       0.15781       1.57321       0.96000       0.50923       0.33948       0.36948       0.08436       0.03749       0.77987
       0.15831       1.57819       0.96000       0.50901       0.33934       0.36934       0.08442       0.03752       0.77572
       0.15881       1.58318       0.96000       0.50880       0.33920       0.36920       0.08448       0.03755       0.77163
       0.15931       1.58816       0.96000       0.50860       0.33907       0.36907       0.08454       0.03758       0.76759
       0.15981       1.59315       0.96000       0.50841       0.33894       0.36894       0.08461       0.03760       0.76361
       0.16031       1.59813       0.96000       0.50823       0.33882       0.36882       0.08467       0.03763       0.75969
       0.16081       1.60312       0.96000       0.50806       0.33871       0.36871       0.08474       0.03766       0.75581
       0.16131       1.60810       0.96000       0.50790       0.33860       0.36860       0.08480       0.03769       0.75199
       0.16181       1.61308       0.96000       0.50774       0.33850       0.36850       0.08487       0.03772       0.74822
       0.16231       1.61807       0.96000       0.50760       0.33840       0.36840       0.08493       0.03775       0.74450
       0.16281       1.62305       0.96000       0.50747       0.33831       0.36831       0.08500       0.03778       0.74083
       0.16331       1.62804       0.96000       0.50734       0.33823       0.36823       0.08507       0.03781       0.73721
       0.16381       1.63302       0.96000       0.50723       0.33815       0.36815       0.08513       0.03784       0.73363
       0.16431       1.63801       0.96000       0.50712       0.33808       0.36808       0.08520       0.03787       0.73010
       0.16481       1.64299       0.96000       0.50702       0.33801       0.36801       0.08527       0.03790       0.72662
       0.16531       1.64797       0.96000       0.50693       0.33795       0.36795       0.08534       0.03793       0.72318
       0.16581       1.65296       0.96000       0.50685       0.33790       0.36790       0.08541       0.03796       0.71978
       0.16631       1.65794       0.96000       0.50677       0.33785       0.36785       0.08548       0.03799       0.71643
       0.16681       1.66293       0.96000       0.50671       0.33781       0.36781       0.08555       0.03802       0.71312
       0.16731       1.66791       0.96000       0.50665       0.33777       0.36777       0.08562       0.03805       0.70985
       0.16781       1.67290       0.96000       0.50660       0.33773       0.36773       0.08570       0.03809       0.70662
       0.16831       1.67788       0.96000       0.50656       0.33770       0.36770       0.08577       0.03812       0.70344
       0.16881       1.68287       0.96000       0.50652       0.33768       0.36768       0.08584       0.03815       0.70029
       0.16931       1.68785       0.96000       0.50649       0.33766       0.36766       0.08591       0.03818       0.69718
       0.16981       1.69283       0.96000       0.50647       0.33765       0.36765       0.08599       0.03822       0.69411
       0.17031       1.69782       0.96000       0.50646       0.33764       0.36764       0.08606       0.03825       0.69107
       0.17081       1.70280       0.96000       0.50645       0.33763       0.36763       0.08614       0.03828       0.68807
       0.17131       1.70779       0.96000       0.50645       0.33764       0.36764       0.08621       0.03832       0.68511
       0.17181       1.71277       0.96000       0.50646       0.33764       0.36764       0.08629       0.03835       0.68219
       0.17231       1.71776       0.96000       0.50648       0.33765       0.36765       0.08636       0.03838       0.67930
       0.17281       1.72274       0.96000       0.50650       0.33766       0.36766       0.08644       0.03842       0.67644
       0.17331       1.72773       0.96000       0.50652       0.33768       0.36768       0.08652       0.03845       0.67362
       0.17381       1.73271       0.96000       0.50656       0.33771       0.36771       0.08659       0.03849       0.67083
       0.17431       1.73769       0.96000       0.50660       0.33773       0.36773       0.08667       0.03852       0.66807
       0.17481       1.74268       0.96000       0.50665       0.33776       0.36776       0.08675       0.03856       0.66534
       0.17531       1.74766       0.96000       0.50670       0.33780       0.36780       0.08683       0.03859       0.66265
       0.17581       1.75265       0.96000       0.50676       0.33784       0.36784       0.08691       0.03863       0.65999
       0.17631       1.75763       0.96000       0.50682       0.33788       0.36788       0.08699       0.03866       0.65736
       0.17681       1.76262       0.96000       0.50690       0.33793       0.36793       0.08707       0.03870       0.65475
       0.17731       1.76760       0.96000       0.50697       0.33798       0.36798       0.08715       0.03873       0.65218
       0.17781       1.77259       0.96000       0.50706       0.33804       0.36804       0.08723       0.03877       0.64964
       0.17831       1.77757       0.96000       0.50715       0.33810       0.36810       0.08731       0.03880       0.64712
       0.17881       1.78255       0.96000       0.50724       0.33816       0.36816       0.08739       0.03884       0.64463
       0.17931       1.78754       0.96000       0.50734       0.33823       0.36823       0.08747       0.03888       0.64218
       0.17981       1.79252       0.96000       0.50745       0.33830       0.36830       0.08755       0.03891       0.63974
       0.18031       1.79751       0.96000       0.50756       0.33837       0.36837       0.08764       0.03895       0.63734
       0.18081       1.80249       0.96000       0.50768       0.33845       0.36845       0.08772       0.03899       0.63496
       0.18131       1.80748       0.96000       0.50780       0.33853       0.36853       0.08780       0.03902       0.63260
       0.18181       1.81246       0.96000       0.50793       0.33862       0.36862       0.08789       0.03906       0.63028
       0.18231       1.81745       0.96000       0.50806       0.33871       0.36871       0.08797       0.03910       0.62797
       0.18281       1.82243       0.96000       0.50820       0.33880       0.36880       0.08806       0.03914       0.62570
       0.18331       1.82741       0.96000       0.50834       0.33889       0.36889       0.08814       0.03917       0.62344
       0.18381       1.83240       0.96000       0.50849       0.33899       0.36899       0.08823       0.03921       0.62121
       0.18431       1.83738       0.96000       0.50864       0.33909       0.36909       0.08831       0.03925       0.61901
       0.18481       1.84237       0.96000       0.50880       0.33920       0.36920       0.08840       0.03929       0.61682
       0.18531       1.84735       0.96000       0.50896       0.33931       0.36931       0.08848       0.03933       0.61466
       0.18581       1.85234       0.96000       0.50913       0.33942       0.36942       0.08857       0.03936       0.61253
       0.18631       1.85732       0.96000       0.50930       0.33953       0.36953       0.08866       0.03940       0.61041
       0.18681       1.86231       0.96000       0.50948       0.33965       0.36965       0.08874       0.03944       0.60832
       0.18731       1.86729       0.96000       0.50966       0.33977       0.36977       0.08883       0.03948       0.60625
       0.18781       1.87227       0.96000       0.50985       0.33990       0.36990       0.08892       0.03952       0.60419
       0.18831       1.87726       0.96000       0.51004       0.34002       0.37002       0.08901       0.03956       0.60216
       0.18881       1.88224       0.96000       0.51023       0.34015       0.37015       0.08910       0.03960       0.60016
       0.18931       1.88723       0.96000       0.51043       0.34029       0.37029       0.08918       0.03964       0.59817
       0.18981       1.89221       0.96000       0.51063       0.34042       0.37042       0.08927       0.03968       0.59620
       0.19031       1.89720       0.96000       0.51084       0.34056       0.37056       0.08936       0.03972       0.59425
       0.19081       1.90218       0.96000       0.51105       0.34070       0.37070       0.08945       0.03976       0.59232
       0.19131       1.90716       0.96000       0.51127       0.34084       0.37084       0.08954       0.03980       0.59041
       0.19181       1.91215       0.96000       0.51149       0.34099       0.37099       0.08963       0.03984       0.58851
       0.19231       1.91713       0.96000       0.51171       0.34114       0.37114       0.08972       0.03988       0.58664
       0.19281       1.92212       0.96000       0.51194       0.34129       0.37129       0.08982       0.03992       0.58479
       0.19331       1.92710       0.96000       0.51217       0.34145       0.37145       0.08991       0.03996       0.58295
       0.19381       1.93209       0.96000       0.51241       0.34160       0.37160       0.09000       0.04000       0.58113
       0.19431       1.93707       0.96000       0.51265       0.34176       0.37176       0.09009       0.04004       0.57933
       0.19481       1.94206       0.96000       0.51289       0.34193       0.37193       0.09018       0.04008       0.57754
       0.19531       1.94704       0.96000       0.51314       0.34209       0.37209       0.09027       0.04012       0.57577
       0.19581       1.95202       0.96000       0.51339       0.34226       0.37226       0.09037       0.04016       0.57402
       0.19631       1.95701       0.96000       0.51364       0.34243       0.37243       0.09046       0.04020       0.57229
       0.19681       1.96199       0.96000       0.51390       0.34260       0.37260       0.09055       0.04025       0.57057
       0.19731       1.96698       0.96000       0.51416       0.34277       0.37277       0.09065       0.04029       0.56887
       0.19781       1.97196       0.96000       0.51443       0.34295       0.37295       0.09074       0.04033       0.56718
       0.19831       1.97695       0.96000       0.51469       0.34313       0.37313       0.09084       0.04037       0.56551
       0.19881       1.98193       0.96000       0.51497       0.34331       0.37331       0.09093       0.04041       0.56386
       0.19931       1.98692       0.96000       0.51524       0.34349       0.37349       0.09102       0.04046       0.56222
       0.19981       1.99190       0.96000       0.51552       0.34368       0.37368       0.09112       0.04050       0.56060
       0.20031       1.99688       0.96000       0.51580       0.34387       0.37387       0.09121       0.04054       0.55899
       0.20081       2.00187       0.96000       0.51609       0.34406       0.37406       0.09131       0.04058       0.55739
       0.20131       2.00685       0.96000       0.51638       0.34425       0.37425       0.09141       0.04062       0.55581
       0.20181       2.01184       0.96000       0.51667       0.34445       0.37445       0.09150       0.04067       0.55424
       0.20231       2.01682       0.96000       0.51696       0.34464       0.37464       0.09160       0.04071       0.55269
       0.20281       2.02181       0.96000       0.51726       0.34484       0.37484       0.09169       0.04075       0.55115
       0.20331       2.02679       0.96000       0.51756       0.34504       0.37504       0.09179       0.04080       0.54963
       0.20381       2.03178       0.96000       0.51787       0.34524       0.37524       0.09189       0.04084       0.54812
       0.20431       2.03676       0.96000       0.51817       0.34545       0.37545       0.09198       0.04088       0.54662
       0.20481       2.04174       0.96000       0.51848       0.34566       0.37566       0.09208       0.04093       0.54513
       0.20531       2.04673       0.96000       0.51880       0.34587       0.37587       0.09218       0.04097       0.54366
       0.20581       2.05171       0.96000       0.51911       0.34608       0.37608       0.09228       0.04101       0.54220
       0.20631       2.05670       0.96000       0.51943       0.34629       0.37629       0.09237       0.04106       0.54076
       0.20681       2.06168       0.96000       0.51976       0.34650       0.37650       0.09247       0.04110       0.53932
       0.20731       2.06667       0.96000       0.52008       0.34672       0.37672       0.09257       0.04114       0.53790
       0.20781       2.07165       0.96000       0.52041       0.34694       0.37694       0.09267       0.04119       0.53649
       0.20831       2.07664       0.96000       0.52074       0.34716       0.37716       0.09277       0.04123       0.53510
       0.20881       2.08162       0.96000       0.52107       0.34738       0.37738       0.09287       0.04127       0.53371
       0.20931       2.08660       0.96000       0.52141       0.34760       0.37760       0.09297       0.04132       0.53234
       0.20981       2.09159       0.96000       0.52175       0.34783       0.37783       0.09307       0.04136       0.53098
       0.21031       2.09657       0.96000       0.52209       0.34806       0.37806       0.09317       0.04141       0.52963
       0.21081       2.10156       0.96000       0.52243       0.34829       0.37829       0.09327       0.04145       0.52829
       0.21131       2.10654       0.96000       0.52278       0.34852       0.37852       0.09337       0.04150       0.52696
       0.21181       2.11153       0.96000       0.52313       0.34875       0.37875       0.09347       0.04154       0.52564
       0.21231       2.11651       0.96000       0.52348       0.34899       0.37899       0.09357       0.04159       0.52433
       0.21281       2.12150       0.96000       0.52383       0.34922       0.37922       0.09367       0.04163       0.52304
       0.21331       2.12648       0.96000       0.52419       0.34946       0.37946       0.09377       0.04167       0.52175
       0.21381       2.13146       0.96000       0.52455       0.34970       0.37970       0.09387       0.04172       0.52048
       0.21431       2.13645       0.96000       0.52491       0.34994       0.37994       0.09397       0.04176       0.51922
       0.21481       2.14143       0.96000       0.52527       0.35018       0.38018       0.09407       0.04181       0.51796
       0.21531       2.14642       0.96000       0.52564       0.35043       0.38043       0.09417       0.04186       0.51672
       0.21581       2.15140       0.96000       0.52601       0.35067       0.38067       0.09428       0.04190       0.51549
       0.21631       2.15639       0.96000       0.52638       0.35092       0.38092       0.09438       0.04195       0.51426
       0.21681       2.16137       0.96000       0.52675       0.35117       0.38117       0.09448       0.04199       0.51305
       0.21731       2.16635       0.96000       0.52713       0.35142       0.38142       0.09458       0.04204       0.51184
       0.21781       2.17134       0.96000       0.52750       0.35167       0.38167       0.09469       0.04208       0.51065
       0.21831       2.17632       0.96000       0.52788       0.35192       0.38192       0.09479       0.04213       0.50946
       0.21881       2.18131       0.96000       0.52827       0.35218       0.38218       0.09489       0.04217       0.50829
       0.21931       2.18629       0.96000       0.52865       0.35243       0.38243       0.09499       0.04222       0.50712
       0.21981       2.19128       0.96000       0.52904       0.35269       0.38269       0.09510       0.04227       0.50596
       0.22031       2.19626       0.96000       0.52943       0.35295       0.38295       0.09520       0.04231       0.50481
       0.22081       2.20125       0.96000       0.52982       0.35321       0.38321       0.09530       0.04236       0.50367
       0.22131       2.20623       0.96000       0.53021       0.35347       0.38347       0.09541       0.04240       0.50254
       0.22181       2.21121       0.96000       0.53061       0.35374       0.38374       0.09551       0.04245       0.50142
       0.22231       2.21620       0.96000       0.53100       0.35400       0.38400       0.09562       0.04250       0.50031
       0.22281       2.22118       0.96000       0.53140       0.35427       0.38427       0.09572       0.04254       0.49920
       0.22331       2.22617       0.96000       0.53180       0.35454       0.38454       0.09583       0.04259       0.49810
       0.22381       2.23115       0.96000       0.53221       0.35480       0.38480       0.09593       0.04264       0.49701
       0.22431       2.23614       0.96000       0.53261       0.35507       0.38507       0.09603       0.04268       0.49593
       0.22481       2.24112       0.96000       0.53302       0.35535       0.38535       0.09614       0.04273       0.49486
       0.22531       2.24611       0.96000       0.53343       0.35562       0.38562       0.09624       0.04278       0.49380
       0.22581       2.25109       0.96000       0.53384       0.35589       0.38589       0.09635       0.04282       0.49274
       0.22631       2.25607       0.96000       0.53425       0.35617       0.38617       0.09646       0.04287       0.49169
       0.22681       2.26106       0.96000       0.53467       0.35644       0.38644       0.09656       0.04292       0.49065
       0.22731       2.26604       0.96000       0.53508       0.35672       0.38672       0.09667       0.04296       0.48962
       0.22781       2.27103       0.96000       0.53550       0.35700       0.38700       0.09677       0.04301       0.48859
       0.22831       2.27601       0.96000       0.53592       0.35728       0.38728       0.09688       0.04306       0.48757
       0.22881       2.28100       0.96000       0.53635       0.35756       0.38756       0.09698       0.04310       0.48656
       0.22931       2.28598       0.96000       0.53677       0.35785       0.38785       0.09709       0.04315       0.48556
       0.22981       2.29097       0.96000       0.53720       0.35813       0.38813       0.09720       0.04320       0.48456
       0.23031       2.29595       0.96000       0.53762       0.35842       0.38842       0.09730       0.04325       0.48357
       0.23081       2.30093       0.96000       0.53805       0.35870       0.38870       0.09741       0.04329       0.48259
       0.23131       2.30592       0.96000       0.53848       0.35899       0.38899       0.09752       0.04334       0.48162
       0.23181       2.31090       0.96000       0.53892       0.35928       0.38928       0.09762       0.04339       0.48065
       0.23231       2.31589       0.96000       0.53935       0.35957       0.38957       0.09773       0.04344       0.47969
       0.23281       2.32087       0.96000       0.53979       0.35986       0.38986       0.09784       0.04348       0.47874
       0.23331       2.32586       0.96000       0.54022       0.36015       0.39015       0.09795       0.04353       0.47779
       0.23381       2.33084       0.96000       0.54066       0.36044       0.39044       0.09805       0.04358       0.47685
       0.23431       2.33583       0.96000       0.54111       0.36074       0.39074       0.09816       0.04363       0.47591
       0.23481       2.34081       0.96000       0.54155       0.36103       0.39103       0.09827       0.04368       0.47499
       0.23531       2.34579       0.96000       0.54199       0.36133       0.39133       0.09838       0.04372       0.47406
       0.23581       2.35078       0.96000       0.54244       0.36163       0.39163       0.09849       0.04377       0.47315
       0.23631       2.35576       0.96000       0.54289       0.36192       0.39192       0.09859       0.04382       0.47224
       0.23681       2.36075       0.96000       0.54334       0.36222       0.39222       0.09870       0.04387       0.47134
       0.23731       2.36573       0.96000       0.54379       0.36252       0.39252       0.09881       0.04392       0.47044
       0.23781       2.37072       0.96000       0.54424       0.36283       0.39283       0.09892       0.04396       0.46955
       0.23831       2.37570       0.96000       0.54469       0.36313       0.39313       0.09903       0.04401       0.46867
       0.23881       2.38069       0.96000       0.54515       0.36343       0.39343       0.09914       0.04406       0.46779
       0.23931       2.38567       0.96000       0.54560       0.36374       0.39374       0.09925       0.04411       0.46692
       0.23981       2.39065       0.96000       0.54606       0.36404       0.39404       0.09936       0.04416       0.46605
       0.24031       2.39564       0.96000       0.54652       0.36435       0.39435       0.09946       0.04421       0.46519
       0.24081       2.40062       0.96000       0.54698       0.36466       0.39466       0.09957       0.04425       0.46434
       0.24131       2.40561       0.96000       0.54745       0.36496       0.39496       0.09968       0.04430       0.46349
       0.24181       2.41059       0.96000       0.54791       0.36527       0.39527       0.09979       0.04435       0.46265
       0.24231       2.41558       0.96000       0.54838       0.36558       0.39558       0.09990       0.04440       0.46181
       0.24281       2.42056       0.96000       0.54884       0.36589       0.39589       0.10001       0.04445       0.46098
       0.24331       2.42554       0.96000       0.54931       0.36621       0.39621       0.10012       0.04450       0.46015
       0.24381       2.43053       0.96000       0.54978       0.36652       0.39652       0.10023       0.04455       0.45933
       0.24431       2.43551       0.96000       0.55025       0.36683       0.39683       0.10034       0.04460       0.45852
       0.24481       2.44050       0.96000       0.55072       0.36715       0.39715       0.10045       0.04465       0.45771
       0.24531       2.44548       0.96000       0.55120       0.36746       0.39746       0.10056       0.04469       0.45690
       0.24581       2.45047       0.96000       0.55167       0.36778       0.39778       0.10067       0.04474       0.45610
       0.24631       2.45545       0.96000       0.55215       0.36810       0.39810       0.10078       0.04479       0.45531
       0.24681       2.46044       0.96000       0.55263       0.36842       0.39842       0.10090       0.04484       0.45452
       0.24731       2.46542       0.96000       0.55311       0.36874       0.39874       0.10101       0.04489       0.45374
       0.24781       2.47040       0.96000       0.55359       0.36906       0.39906       0.10112       0.04494       0.45296
       0.24831       2.47539       0.96000       0.55407       0.36938       0.39938       0.10123       0.04499       0.45218
       0.24881       2.48037       0.96000       0.55455       0.36970       0.39970       0.10134       0.04504       0.45141
       0.24931       2.48536       0.96000       0.55503       0.37002       0.40002       0.10145       0.04509       0.45065
       0.24981       2.49034       0.96000       0.55552       0.37035       0.40035       0.10156       0.04514       0.44989
       0.25031       2.49533       0.96000       0.55601       0.37067       0.40067       0.10167       0.04519       0.44914
       0.25081       2.50031       0.96000       0.55649       0.37100       0.40100       0.10178       0.04524       0.44839
       0.25131       2.50530       0.96000       0.55698       0.37132       0.40132       0.10190       0.04529       0.44764
       0.25181       2.51028       0.96000       0.55747       0.37165       0.40165       0.10201       0.04534       0.44690
       0.25231       2.51526       0.96000       0.55796       0.37198       0.40198       0.10212       0.04539       0.44616
       0.25281       2.52025       0.96000       0.55846       0.37231       0.40231       0.10223       0.04544       0.44543
       0.25331       2.52523       0.96000       0.55895       0.37263       0.40263       0.10234       0.04549       0.44471
       0.25381       2.53022       0.96000       0.55945       0.37296       0.40296       0.10246       0.04554       0.44398
       0.25431       2.53520       0.96000       0.55994       0.37330       0.40330       0.10257       0.04559       0.44327
       0.25481       2.54019       0.96000       0.56044       0.37363       0.40363       0.10268       0.04564       0.44255
       0.25531       2.54517       0.96000       0.56094       0.37396       0.40396       0.10279       0.04569       0.44184
       0.25581       2.55016       0.96000       0.56144       0.37429       0.40429       0.10291       0.04574       0.44114
       0.25631       2.55514       0.96000       0.56194       0.37463       0.40463       0.10302       0.04579       0.44044
       0.25681       2.56012       0.96000       0.56244       0.37496       0.40496       0.10313       0.04584       0.43974
       0.25731       2.56511       0.96000       0.56294       0.37530       0.40530       0.10324       0.04589       0.43905
       0.25781       2.57009       0.96000       0.56345       0.37563       0.40563       0.10336       0.04594       0.43836
       0.25831       2.57508       0.96000       0.56395       0.37597       0.40597       0.10347       0.04599       0.43768
       0.25881       2.58006       0.96000       0.56446       0.37631       0.40631       0.10358       0.04604       0.43700
       0.25931       2.58505       0.96000       0.56497       0.37664       0.40664       0.10370       0.04609       0.43632
       0.25981       2.59003       0.96000       0.56547       0.37698       0.40698       0.10381       0.04614       0.43565
       0.26031       2.59502       0.96000       0.56598       0.37732       0.40732       0.10392       0.04619       0.43499
       0.26081       2.60000       0.96000       0.56649       0.37766       0.40766       0.10404       0.04624       0.43432
       0.26131       2.60498       0.96000       0.56701       0.37800       0.40800       0.10415       0.04629       0.43366
       0.26181       2.60997       0.96000       0.56752       0.37835       0.40835       0.10426       0.04634       0.43301
       0.26231       2.61495       0.96000       0.56803       0.37869       0.40869       0.10438       0.04639       0.43236
       0.26281       2.61994       0.96000       0.56855       0.37903       0.40903       0.10449       0.04644       0.43171
       0.26331       2.62492       0.96000       0.56906       0.37937       0.40937       0.10461       0.04649       0.43106
       0.26381       2.62991       0.96000       0.56958       0.37972       0.40972       0.10472       0.04654       0.43042
       0.26431       2.63489       0.96000       0.57010       0.38006       0.41006       0.10483       0.04659       0.42979
       0.26481       2.63988       0.96000       0.57062       0.38041       0.41041       0.10495       0.04664       0.42916
       0.26531       2.64486       0.96000       0.57113       0.38076       0.41076       0.10506       0.04669       0.42853
       0.26581       2.64984       0.96000       0.57166       0.38110       0.41110       0.10518       0.04675       0.42790
       0.26631       2.65483       0.96000       0.57218       0.38145       0.41145       0.10529       0.04680       0.42728
       0.26681       2.65981       0.96000       0.57270       0.38180       0.41180       0.10541       0.04685       0.42666
       0.26731       2.66480       0.96000       0.57322       0.38215       0.41215       0.10552       0.04690       0.42605
       0.26781       2.66978       0.96000       0.57375       0.38250       0.41250       0.10563       0.04695       0.42543
       0.26831       2.67477       0.96000       0.57427       0.38285       0.41285       0.10575       0.04700       0.42483
       0.26881       2.67975       0.96000       0.57480       0.38320       0.41320       0.10586       0.04705       0.42422
       0.26931       2.68473       0.96000       0.57533       0.38355       0.41355       0.10598       0.04710       0.42362
       0.26981       2.68972       0.96000       0.57585       0.38390       0.41390       0.10609       0.04715       0.42302
       0.27031       2.69470       0.96000       0.57638       0.38426       0.41426       0.10621       0.04720       0.42243
       0.27081       2.69969       0.96000       0.57691       0.38461       0.41461       0.10632       0.04726       0.42184
       0.27131       2.70467       0.96000       0.57744       0.38496       0.41496       0.10644       0.04731       0.42125
       0.27181       2.70966       0.96000       0.57797       0.38532       0.41532       0.10656       0.04736       0.42067
       0.27231       2.71464       0.96000       0.57851       0.38567       0.41567       0.10667       0.04741       0.42009
       0.27281       2.71963       0.96000       0.57904       0.38603       0.41603       0.10679       0.04746       0.41951
       0.27331       2.72461       0.96000       0.57958       0.38638       0.41638       0.10690       0.04751       0.41893
       0.27381       2.72959       0.96000       0.58011       0.38674       0.41674       0.10702       0.04756       0.41836
       0.27431       2.73458       0.96000       0.58065       0.38710       0.41710       0.10713       0.04761       0.41780
       0.28031       2.79439       0.96000       0.58272       0.38848       0.41848       0.10763       0.04783       0.40504
       0.28531       2.84424       0.96000       0.58827       0.39218       0.42218       0.10880       0.04836       0.40007
       0.29031       2.89408       0.96000       0.59389       0.39593       0.42593       0.10998       0.04888       0.39536
       0.29531       2.94392       0.96000       0.59957       0.39972       0.42972       0.11117       0.04941       0.39087
       0.30031       2.99377       0.96000       0.60532       0.40355       0.43355       0.11236       0.04994       0.38660
       0.30531       3.04361       0.96000       0.61113       0.40742       0.43742       0.11356       0.05047       0.38254
       0.31031       3.09346       0.96000       0.61700       0.41133       0.44133       0.11476       0.05101       0.37867
       0.31531       3.14330       0.96000       0.62292       0.41528       0.44528       0.11597       0.05154       0.37497
       0.32031       3.19315       0.96000       0.62888       0.41926       0.44926       0.11719       0.05208       0.37144
       0.32531       3.24299       0.96000       0.63490       0.42327       0.45327       0.11841       0.05262       0.36806
       0.33031       3.29283       0.96000       0.64096       0.42731       0.45731       0.11963       0.05317       0.36483
       0.33531       3.34268       0.96000       0.64706       0.43137       0.46137       0.12085       0.05371       0.36173
       0.34031       3.39252       0.96000       0.65321       0.43547       0.46547       0.12208       0.05426       0.35877
       0.34531       3.44237       0.96000       0.65939       0.43959       0.46959       0.12332       0.05481       0.35592
       0.35031       3.49221       0.96000       0.66561       0.44374       0.47374       0.12456       0.05536       0.35319
       0.35531       3.54206       0.96000       0.67187       0.44791       0.47791       0.12580       0.05591       0.35057
       0.36031       3.59190       0.96000       0.67816       0.45210       0.48210       0.12705       0.05646       0.34805
       0.36531       3.64174       0.96000       0.68448       0.45632       0.48632       0.12829       0.05702       0.34562
       0.37031       3.69159       0.96000       0.69083       0.46055       0.49055       0.12955       0.05758       0.34329
       0.37531       3.74143       0.96000       0.69722       0.46481       0.49481       0.13080       0.05813       0.34105
       0.39031       3.89096       0.96000       0.71654       0.47769       0.50769       0.13459       0.05982       0.33478
       0.39531       3.94081       0.96000       0.72303       0.48202       0.51202       0.13586       0.06038       0.33284
       0.40031       3.99065       0.96000       0.72954       0.48636       0.51636       0.13713       0.06095       0.33097
       0.40531       4.04050       0.96000       0.73609       0.49072       0.52072       0.13840       0.06151       0.32916
       0.41031       4.09034       0.96000       0.74265       0.49510       0.52510       0.13968       0.06208       0.32741
       0.41531       4.14019       0.96000       0.74924       0.49949       0.52949       0.14095       0.06265       0.32572
       0.42031       4.19003       0.96000       0.75584       0.50390       0.53390       0.14224       0.06322       0.32409
       0.42531       4.23987       0.96000       0.76247       0.50831       0.53831       0.14352       0.06379       0.32251
       0.43031       4.28972       0.96000       0.76912       0.51275       0.54275       0.14481       0.06436       0.32097
       0.43531       4.33956       0.96000       0.77579       0.51719       0.54719       0.14609       0.06493       0.31949
       0.44031       4.38941       0.96000       0.78247       0.52165       0.55165       0.14739       0.06550       0.31806
       0.44531       4.43925       0.96000       0.78918       0.52612       0.55612       0.14868       0.06608       0.31667
       0.45031       4.48910       0.96000       0.79590       0.53060       0.56060       0.14997       0.06665       0.31532
       0.45531       4.53894       0.96000       0.80264       0.53509       0.56509       0.15127       0.06723       0.31401
       0.46031       4.58878       0.96000       0.80940       0.53960       0.56960       0.15257       0.06781       0.31274
       0.46531       4.63863       0.96000       0.81617       0.54411       0.57411       0.15387       0.06839       0.31151
       0.47031       4.68847       0.96000       0.82296       0.54864       0.57864       0.15518       0.06897       0.31031
       0.47531       4.73832       0.96000       0.82976       0.55317       0.58317       0.15648       0.06955       0.30915
       0.48031       4.78816       0.96000       0.83658       0.55772       0.58772       0.15779       0.07013       0.30803
       0.48531       4.83801       0.96000       0.84341       0.56227       0.59227       0.15910       0.07071       0.30693
       0.49031       4.88785       0.96000       0.85025       0.56684       0.59684       0.16041       0.07129       0.30587
       0.49531       4.93769       0.96000       0.85711       0.57141       0.60141       0.16172       0.07188       0.30483
       0.50031       4.98754       0.96000       0.86399       0.57599       0.60599       0.16304       0.07246       0.30382
       0.50531       5.03738       0.96000       0.87087       0.58058       0.61058       0.16436       0.07305       0.30285
       0.51031       5.08723       0.96000       0.87777       0.58518       0.61518       0.16567       0.07363       0.30189
