       0.15800       1.00000       0.00000       0.81516       0.54344       0.57344       0.13256       0.05892       2.82420
       0.16300       1.03165       0.00000       0.79384       0.52923       0.55923       0.13280       0.05902       2.51666
       0.16800       1.06329       0.00000       0.77530       0.51686       0.54686       0.13291       0.05907       2.25967
       0.17300       1.09494       0.00000       0.75920       0.50613       0.53613       0.13295       0.05909       2.04338
       0.17800       1.12658       0.00000       0.74529       0.49686       0.52686       0.13293       0.05908       1.86011
       0.18300       1.15823       0.00000       0.73332       0.48888       0.51888       0.13288       0.05906       1.70380
       0.18800       1.18987       0.00000       0.72310       0.48207       0.51207       0.13282       0.05903       1.56967
       0.19300       1.22152       0.00000       0.71443       0.47629       0.50629       0.13278       0.05901       1.45389
       0.19800       1.25316       0.00000       0.70715       0.47144       0.50144       0.13275       0.05900       1.35340
       0.20300       1.28481       0.00000       0.70113       0.46742       0.49742       0.13276       0.05901       1.26570
       0.20800       1.31646       0.00000       0.69622       0.46415       0.49415       0.13282       0.05903       1.18878
       0.21300       1.34810       0.00000       0.69233       0.46155       0.49155       0.13291       0.05907       1.12098
       0.21800       1.37975       0.00000       0.68934       0.45956       0.48956       0.13306       0.05914       1.06093
       0.22300       1.41139       0.00000       0.68718       0.45812       0.48812       0.13326       0.05923       1.00752
       0.22800       1.44304       0.00000       0.68575       0.45716       0.48716       0.13351       0.05934       0.95981
       0.23300       1.47468       0.00000       0.68498       0.45665       0.48665       0.13381       0.05947       0.91701
       0.23800       1.50633       0.00000       0.68482       0.45655       0.48655       0.13416       0.05963       0.87847
       0.24300       1.53797       0.00000       0.68520       0.45680       0.48680       0.13457       0.05981       0.84364
       0.24800       1.56962       0.00000       0.68608       0.45739       0.48739       0.13501       0.06001       0.81204
       0.25300       1.60127       0.00000       0.68741       0.45827       0.48827       0.13551       0.06023       0.78328
       0.25800       1.63291       0.00000       0.68914       0.45943       0.48943       0.13605       0.06047       0.75702
       0.26300       1.66456       0.00000       0.69125       0.46083       0.49083       0.13663       0.06072       0.73297
       0.26800       1.69620       0.00000       0.69369       0.46246       0.49246       0.13724       0.06100       0.71087
       0.27300       1.72785       0.00000       0.69644       0.46429       0.49429       0.13790       0.06129       0.69051
       0.27800       1.75949       0.00000       0.69947       0.46631       0.49631       0.13859       0.06159       0.67170
       0.28300       1.79114       0.00000       0.70276       0.46850       0.49850       0.13931       0.06191       0.65428
       0.28800       1.82278       0.00000       0.70628       0.47085       0.50085       0.14006       0.06225       0.63811
       0.29300       1.85443       0.00000       0.71002       0.47334       0.50334       0.14084       0.06259       0.62306
       0.29800       1.88608       0.00000       0.71395       0.47597       0.50597       0.14164       0.06295       0.60902
       0.30300       1.91772       0.00000       0.71807       0.47871       0.50871       0.14247       0.06332       0.59591
       0.30800       1.94937       0.00000       0.72236       0.48157       0.51157       0.14333       0.06370       0.58362
       0.31300       1.98101       0.00000       0.72679       0.48453       0.51453       0.14420       0.06409       0.57209
       0.31800       2.01266       0.00000       0.73138       0.48758       0.51758       0.14510       0.06449       0.56125
       0.32300       2.04430       0.00000       0.73609       0.49073       0.52073       0.14602       0.06490       0.55104
       0.32800       2.07595       0.00000       0.74093       0.49395       0.52395       0.14695       0.06531       0.54142
       0.33300       2.10759       0.00000       0.74587       0.49725       0.52725       0.14790       0.06573       0.53232
       0.33800       2.13924       0.00000       0.75093       0.50062       0.53062       0.14887       0.06616       0.52371
       0.34300       2.17089       0.00000       0.75608       0.50405       0.53405       0.14985       0.06660       0.51556
       0.34800       2.20253       0.00000       0.76132       0.50755       0.53755       0.15084       0.06704       0.50782
       0.35300       2.23418       0.00000       0.76665       0.51110       0.54110       0.15185       0.06749       0.50046
       0.35800       2.26582       0.00000       0.77205       0.51470       0.54470       0.15287       0.06794       0.49347
       0.36300       2.29747       0.00000       0.77753       0.51836       0.54836       0.15390       0.06840       0.48680
       0.36800       2.32911       0.00000       0.78308       0.52206       0.55206       0.15494       0.06886       0.48045
       0.37300       2.36076       0.00000       0.78870       0.52580       0.55580       0.15600       0.06933       0.47439
       0.37800       2.39241       0.00000       0.79437       0.52958       0.55958       0.15706       0.06980       0.46859
       0.38300       2.42405       0.00000       0.80010       0.53340       0.56340       0.15813       0.07028       0.46305
       0.38800       2.45570       0.00000       0.80589       0.53726       0.56726       0.15921       0.07076       0.45774
       0.39300       2.48734       0.00000       0.81173       0.54115       0.57115       0.16030       0.07124       0.45265
       0.39800       2.51899       0.00000       0.81761       0.54507       0.57507       0.16140       0.07173       0.44777
       0.40300       2.55063       0.00000       0.82354       0.54903       0.57903       0.16250       0.07222       0.44309
       0.40800       2.58228       0.00000       0.82951       0.55301       0.58301       0.16361       0.07272       0.43859
       0.41300       2.61392       0.00000       0.83553       0.55702       0.58702       0.16473       0.07321       0.43426
       0.41800       2.64557       0.00000       0.84158       0.56105       0.59105       0.16586       0.07371       0.43010
       0.42300       2.67721       0.00000       0.84767       0.56511       0.59511       0.16699       0.07422       0.42609
       0.42800       2.70886       0.00000       0.85379       0.56920       0.59920       0.16812       0.07472       0.42223
       0.43300       2.74051       0.00000       0.85995       0.57330       0.60330       0.16927       0.07523       0.41850
       0.43800       2.77215       0.00000       0.86614       0.57743       0.60743       0.17041       0.07574       0.41491
       0.44300       2.80380       0.00000       0.87236       0.58157       0.61157       0.17157       0.07625       0.41144
       0.44800       2.83544       0.00000       0.87861       0.58574       0.61574       0.17272       0.07677       0.40809
       0.45300       2.86709       0.00000       0.88488       0.58992       0.61992       0.17389       0.07728       0.40486
       0.45800       2.89873       0.00000       0.89118       0.59412       0.62412       0.17505       0.07780       0.40173
       0.46300       2.93038       0.00000       0.89751       0.59834       0.62834       0.17622       0.07832       0.39870
       0.46800       2.96203       0.00000       0.90386       0.60257       0.63257       0.17740       0.07884       0.39577
       0.47300       2.99367       0.00000       0.91023       0.60682       0.63682       0.17858       0.07937       0.39293
       0.47800       3.02532       0.00000       0.91663       0.61109       0.64109       0.17976       0.07990       0.39018
       0.48300       3.05696       0.00000       0.92305       0.61537       0.64537       0.18095       0.08042       0.38751
       0.48800       3.08861       0.00000       0.92949       0.61966       0.64966       0.18214       0.08095       0.38493
       0.49300       3.12025       0.00000       0.93595       0.62397       0.65397       0.18334       0.08148       0.38242
       0.49800       3.15190       0.00000       0.94243       0.62828       0.65828       0.18454       0.08202       0.37998
       0.50300       3.18354       0.00000       0.94892       0.63262       0.66262       0.18574       0.08255       0.37762
       0.50800       3.21519       0.00000       0.95544       0.63696       0.66696       0.18694       0.08309       0.37533
       0.51300       3.24684       0.00000       0.96197       0.64131       0.67131       0.18815       0.08362       0.37309
       0.51800       3.27848       0.00000       0.96852       0.64568       0.67568       0.18936       0.08416       0.37093
       0.52300       3.31013       0.00000       0.97509       0.65006       0.68006       0.19058       0.08470       0.36882
       0.52800       3.34177       0.00000       0.98167       0.65445       0.68445       0.19180       0.08524       0.36677
       0.53300       3.37342       0.00000       0.98827       0.65884       0.68884       0.19302       0.08579       0.36477
       0.53800       3.40506       0.00000       0.99488       0.66325       0.69325       0.19424       0.08633       0.36283
       0.54300       3.43671       0.00000       1.00151       0.66767       0.69767       0.19547       0.08687       0.36094
       0.54800       3.46835       0.00000       1.00815       0.67210       0.70210       0.19669       0.08742       0.35910
       0.55300       3.50000       0.00000       1.01480       0.67653       0.70653       0.19793       0.08797       0.35731
       0.55800       3.53165       0.00000       1.02147       0.68098       0.71098       0.19916       0.08852       0.35556
       0.56300       3.56329       0.00000       1.02815       0.68543       0.71543       0.20040       0.08906       0.35385
       0.56800       3.59494       0.00000       1.03484       0.68990       0.71990       0.20163       0.08962       0.35219
       0.57300       3.62658       0.00000       1.04155       0.69437       0.72437       0.20287       0.09017       0.35057
       0.57800       3.65823       0.00000       1.04827       0.69884       0.72884       0.20412       0.09072       0.34899
       0.58300       3.68987       0.00000       1.05500       0.70333       0.73333       0.20536       0.09127       0.34745
       0.58800       3.72152       0.00000       1.06174       0.70782       0.73782       0.20661       0.09183       0.34595
       0.59300       3.75316       0.00000       1.06849       0.71233       0.74233       0.20786       0.09238       0.34448
       0.59800       3.78481       0.00000       1.07525       0.71683       0.74683       0.20911       0.09294       0.34304
       0.60300       3.81646       0.00000       1.08203       0.72135       0.75135       0.21037       0.09350       0.34164
       0.60800       3.84810       0.00000       1.08881       0.72587       0.75587       0.21162       0.09405       0.34027
       0.61300       3.87975       0.00000       1.09560       0.73040       0.76040       0.21288       0.09461       0.33893
       0.61800       3.91139       0.00000       1.10241       0.73494       0.76494       0.21414       0.09517       0.33763
       0.62300       3.94304       0.00000       1.10922       0.73948       0.76948       0.21540       0.09573       0.33635
       0.62800       3.97468       0.00000       1.11605       0.74403       0.77403       0.21667       0.09630       0.33510
       0.63300       4.00633       0.00000       1.12288       0.74859       0.77859       0.21793       0.09686       0.33388
       0.63800       4.03797       0.00000       1.12972       0.75315       0.78315       0.21920       0.09742       0.33268
       0.64300       4.06962       0.00000       1.13657       0.75772       0.78772       0.22047       0.09799       0.33151
       0.64800       4.10127       0.00000       1.14343       0.76229       0.79229       0.22174       0.09855       0.33037
       0.65300       4.13291       0.00000       1.15030       0.76687       0.79687       0.22301       0.09912       0.32925
       0.65800       4.16456       0.00000       1.15718       0.77145       0.80145       0.22429       0.09968       0.32816
