       0.10031       1.00000       0.96000       0.66245       0.44163       0.47163       0.07954       0.03535       2.27823
       0.10531       1.04984       0.96000       0.62740       0.41827       0.44827       0.07975       0.03544       1.94569
       0.11031       1.09969       0.96000       0.59914       0.39943       0.42943       0.07988       0.03550       1.68947
       0.11531       1.14953       0.96000       0.57633       0.38422       0.41422       0.07999       0.03555       1.48877
       0.12031       1.19938       0.96000       0.55794       0.37196       0.40196       0.08013       0.03561       1.32912
       0.12531       1.24922       0.96000       0.54316       0.36211       0.39211       0.08032       0.03570       1.20033
       0.13031       1.29907       0.96000       0.53136       0.35424       0.38424       0.08056       0.03581       1.09507
       0.13531       1.34891       0.96000       0.52202       0.34801       0.37801       0.08088       0.03594       1.00799
       0.14031       1.39875       0.96000       0.51474       0.34316       0.37316       0.08126       0.03612       0.93514
       0.14531       1.44860       0.96000       0.50918       0.33946       0.36946       0.08171       0.03632       0.87355
       0.15031       1.49844       0.96000       0.50508       0.33672       0.36672       0.08224       0.03655       0.82099
       0.15531       1.54829       0.96000       0.50221       0.33481       0.36481       0.08282       0.03681       0.77573
       0.16031       1.59813       0.96000       0.50039       0.33359       0.36359       0.08346       0.03710       0.73644
       0.16531       1.64797       0.96000       0.49947       0.33298       0.36298       0.08416       0.03740       0.70206
       0.17031       1.69782       0.96000       0.49934       0.33289       0.36289       0.08491       0.03774       0.67177
       0.17531       1.74766       0.96000       0.49987       0.33325       0.36325       0.08570       0.03809       0.64491
       0.18031       1.79751       0.96000       0.50099       0.33399       0.36399       0.08653       0.03846       0.62095
       0.18531       1.84735       0.96000       0.50262       0.33508       0.36508       0.08739       0.03884       0.59945
       0.19031       1.89720       0.96000       0.50471       0.33647       0.36647       0.08829       0.03924       0.58006
       0.19531       1.94704       0.96000       0.50719       0.33812       0.36812       0.08922       0.03965       0.56250
       0.20031       1.99688       0.96000       0.51002       0.34001       0.37001       0.09017       0.04008       0.54652
       0.20531       2.04673       0.96000       0.51316       0.34211       0.37211       0.09115       0.04051       0.53191
       0.21031       2.09657       0.96000       0.51658       0.34439       0.37439       0.09215       0.04096       0.51852
       0.21531       2.14642       0.96000       0.52026       0.34684       0.37684       0.09317       0.04141       0.50619
       0.22031       2.19626       0.96000       0.52416       0.34944       0.37944       0.09421       0.04187       0.49481
       0.22531       2.24611       0.96000       0.52826       0.35217       0.38217       0.09526       0.04234       0.48428
       0.23031       2.29595       0.96000       0.53255       0.35503       0.38503       0.09633       0.04281       0.47449
       0.23531       2.34579       0.96000       0.53701       0.35800       0.38800       0.09742       0.04330       0.46538
       0.24031       2.39564       0.96000       0.54162       0.36108       0.39108       0.09851       0.04378       0.45688
       0.24531       2.44548       0.96000       0.54637       0.36424       0.39424       0.09962       0.04427       0.44893
       0.25031       2.49533       0.96000       0.55124       0.36750       0.39750       0.10073       0.04477       0.44147
       0.25531       2.54517       0.96000       0.55624       0.37083       0.40083       0.10186       0.04527       0.43448
       0.26031       2.59502       0.96000       0.56135       0.37423       0.40423       0.10300       0.04578       0.42789
       0.26531       2.64486       0.96000       0.56656       0.37770       0.40770       0.10414       0.04629       0.42168
       0.27031       2.69470       0.96000       0.57186       0.38124       0.41124       0.10530       0.04680       0.41583
       0.27531       2.74455       0.96000       0.57725       0.38483       0.41483       0.10646       0.04731       0.41029
       0.28031       2.79439       0.96000       0.58272       0.38848       0.41848       0.10763       0.04783       0.40504
       0.28531       2.84424       0.96000       0.58827       0.39218       0.42218       0.10880       0.04836       0.40007
       0.29031       2.89408       0.96000       0.59389       0.39593       0.42593       0.10998       0.04888       0.39536
       0.29531       2.94392       0.96000       0.59957       0.39972       0.42972       0.11117       0.04941       0.39087
       0.30031       2.99377       0.96000       0.60532       0.40355       0.43355       0.11236       0.04994       0.38660
       0.30531       3.04361       0.96000       0.61113       0.40742       0.43742       0.11356       0.05047       0.38254
       0.31031       3.09346       0.96000       0.61700       0.41133       0.44133       0.11476       0.05101       0.37867
       0.31531       3.14330       0.96000       0.62292       0.41528       0.44528       0.11597       0.05154       0.37497
       0.32031       3.19315       0.96000       0.62888       0.41926       0.44926       0.11719       0.05208       0.37144
       0.32531       3.24299       0.96000       0.63490       0.42327       0.45327       0.11841       0.05262       0.36806
       0.33031       3.29283       0.96000       0.64096       0.42731       0.45731       0.11963       0.05317       0.36483
       0.33531       3.34268       0.96000       0.64706       0.43137       0.46137       0.12085       0.05371       0.36173
       0.34031       3.39252       0.96000       0.65321       0.43547       0.46547       0.12208       0.05426       0.35877
       0.34531       3.44237       0.96000       0.65939       0.43959       0.46959       0.12332       0.05481       0.35592
       0.35031       3.49221       0.96000       0.66561       0.44374       0.47374       0.12456       0.05536       0.35319
       0.35531       3.54206       0.96000       0.67187       0.44791       0.47791       0.12580       0.05591       0.35057
       0.36031       3.59190       0.96000       0.67816       0.45210       0.48210       0.12705       0.05646       0.34805
       0.36531       3.64174       0.96000       0.68448       0.45632       0.48632       0.12829       0.05702       0.34562
       0.37031       3.69159       0.96000       0.69083       0.46055       0.49055       0.12955       0.05758       0.34329
       0.37531       3.74143       0.96000       0.69722       0.46481       0.49481       0.13080       0.05813       0.34105
       0.38031       3.79128       0.96000       0.70363       0.46909       0.49909       0.13206       0.05869       0.33888
       0.38531       3.84112       0.96000       0.71007       0.47338       0.50338       0.13332       0.05925       0.33680
       0.39031       3.89096       0.96000       0.71654       0.47769       0.50769       0.13459       0.05982       0.33478
       0.39531       3.94081       0.96000       0.72303       0.48202       0.51202       0.13586       0.06038       0.33284
       0.40031       3.99065       0.96000       0.72954       0.48636       0.51636       0.13713       0.06095       0.33097
       0.40531       4.04050       0.96000       0.73609       0.49072       0.52072       0.13840       0.06151       0.32916
       0.41031       4.09034       0.96000       0.74265       0.49510       0.52510       0.13968       0.06208       0.32741
       0.41531       4.14019       0.96000       0.74924       0.49949       0.52949       0.14095       0.06265       0.32572
       0.42031       4.19003       0.96000       0.75584       0.50390       0.53390       0.14224       0.06322       0.32409
       0.42531       4.23987       0.96000       0.76247       0.50831       0.53831       0.14352       0.06379       0.32251
       0.43031       4.28972       0.96000       0.76912       0.51275       0.54275       0.14481       0.06436       0.32097
       0.43531       4.33956       0.96000       0.77579       0.51719       0.54719       0.14609       0.06493       0.31949
       0.44031       4.38941       0.96000       0.78247       0.52165       0.55165       0.14739       0.06550       0.31806
       0.44531       4.43925       0.96000       0.78918       0.52612       0.55612       0.14868       0.06608       0.31667
       0.45031       4.48910       0.96000       0.79590       0.53060       0.56060       0.14997       0.06665       0.31532
       0.45531       4.53894       0.96000       0.80264       0.53509       0.56509       0.15127       0.06723       0.31401
       0.46031       4.58878       0.96000       0.80940       0.53960       0.56960       0.15257       0.06781       0.31274
       0.46531       4.63863       0.96000       0.81617       0.54411       0.57411       0.15387       0.06839       0.31151
       0.47031       4.68847       0.96000       0.82296       0.54864       0.57864       0.15518       0.06897       0.31031
       0.47531       4.73832       0.96000       0.82976       0.55317       0.58317       0.15648       0.06955       0.30915
       0.48031       4.78816       0.96000       0.83658       0.55772       0.58772       0.15779       0.07013       0.30803
       0.48531       4.83801       0.96000       0.84341       0.56227       0.59227       0.15910       0.07071       0.30693
       0.49031       4.88785       0.96000       0.85025       0.56684       0.59684       0.16041       0.07129       0.30587
       0.49531       4.93769       0.96000       0.85711       0.57141       0.60141       0.16172       0.07188       0.30483
       0.50031       4.98754       0.96000       0.86399       0.57599       0.60599       0.16304       0.07246       0.30382
       0.50531       5.03738       0.96000       0.87087       0.58058       0.61058       0.16436       0.07305       0.30285
       0.51031       5.08723       0.96000       0.87777       0.58518       0.61518       0.16567       0.07363       0.30189
       0.51531       5.13707       0.96000       0.88468       0.58979       0.61979       0.16699       0.07422       0.30097
       0.52031       5.18691       0.96000       0.89161       0.59440       0.62440       0.16832       0.07481       0.30006
       0.52531       5.23676       0.96000       0.89854       0.59903       0.62903       0.16964       0.07540       0.29918
       0.53031       5.28660       0.96000       0.90549       0.60366       0.63366       0.17097       0.07598       0.29833
       0.53531       5.33645       0.96000       0.91244       0.60830       0.63830       0.17229       0.07657       0.29750
       0.54031       5.38629       0.96000       0.91941       0.61294       0.64294       0.17362       0.07716       0.29668
       0.54531       5.43614       0.96000       0.92639       0.61759       0.64759       0.17495       0.07776       0.29589
       0.55031       5.48598       0.96000       0.93338       0.62225       0.65225       0.17628       0.07835       0.29512
       0.55531       5.53582       0.96000       0.94038       0.62692       0.65692       0.17761       0.07894       0.29437
       0.56031       5.58567       0.96000       0.94739       0.63159       0.66159       0.17895       0.07953       0.29363
       0.56531       5.63551       0.96000       0.95440       0.63627       0.66627       0.18028       0.08013       0.29291
       0.57031       5.68536       0.96000       0.96143       0.64095       0.67095       0.18162       0.08072       0.29222
       0.57531       5.73520       0.96000       0.96847       0.64565       0.67565       0.18296       0.08132       0.29153
       0.58031       5.78505       0.96000       0.97551       0.65034       0.68034       0.18430       0.08191       0.29087
       0.58531       5.83489       0.96000       0.98257       0.65505       0.68505       0.18564       0.08251       0.29022
       0.59031       5.88473       0.96000       0.98963       0.65975       0.68975       0.18698       0.08310       0.28958
       0.59531       5.93458       0.96000       0.99670       0.66447       0.69447       0.18833       0.08370       0.28896
       0.60031       5.98442       0.96000       1.00378       0.66919       0.69919       0.18967       0.08430       0.28835
       0.60531       6.03427       0.96000       1.01087       0.67391       0.70391       0.19102       0.08490       0.28776
       0.61031       6.08411       0.96000       1.01797       0.67864       0.70864       0.19236       0.08550       0.28718
       0.61531       6.13396       0.96000       1.02507       0.68338       0.71338       0.19371       0.08609       0.28662
       0.62031       6.18380       0.96000       1.03218       0.68812       0.71812       0.19506       0.08669       0.28606
       0.62531       6.23364       0.96000       1.03930       0.69287       0.72287       0.19641       0.08729       0.28552
       0.63031       6.28349       0.96000       1.04642       0.69762       0.72762       0.19776       0.08790       0.28499
       0.63531       6.33333       0.96000       1.05356       0.70237       0.73237       0.19912       0.08850       0.28448
       0.64031       6.38318       0.96000       1.06070       0.70713       0.73713       0.20047       0.08910       0.28397
       0.64531       6.43302       0.96000       1.06784       0.71190       0.74190       0.20183       0.08970       0.28348
       0.65031       6.48286       0.96000       1.07500       0.71666       0.74666       0.20318       0.09030       0.28299
       0.65531       6.53271       0.96000       1.08216       0.72144       0.75144       0.20454       0.09091       0.28252
       0.66031       6.58255       0.96000       1.08932       0.72621       0.75621       0.20590       0.09151       0.28205
       0.66531       6.63240       0.96000       1.09649       0.73100       0.76100       0.20726       0.09211       0.28160
       0.67031       6.68224       0.96000       1.10367       0.73578       0.76578       0.20862       0.09272       0.28115
       0.67531       6.73209       0.96000       1.11086       0.74057       0.77057       0.20998       0.09332       0.28072
       0.68031       6.78193       0.96000       1.11805       0.74537       0.77537       0.21134       0.09393       0.28029
       0.68531       6.83177       0.96000       1.12524       0.75016       0.78016       0.21270       0.09454       0.27987
       0.69031       6.88162       0.96000       1.13245       0.75496       0.78496       0.21407       0.09514       0.27946
       0.69531       6.93146       0.96000       1.13965       0.75977       0.78977       0.21543       0.09575       0.27906
       0.70031       6.98131       0.96000       1.14687       0.76458       0.79458       0.21680       0.09635       0.27866
       0.70531       7.03115       0.96000       1.15409       0.76939       0.79939       0.21817       0.09696       0.27828
       0.71031       7.08100       0.96000       1.16131       0.77421       0.80421       0.21953       0.09757       0.27790
       0.71531       7.13084       0.96000       1.16854       0.77903       0.80903       0.22090       0.09818       0.27753
       0.72031       7.18068       0.96000       1.17577       0.78385       0.81385       0.22227       0.09879       0.27716
       0.72531       7.23053       0.96000       1.18301       0.78868       0.81868       0.22364       0.09940       0.27681
       0.73031       7.28037       0.96000       1.19026       0.79350       0.82350       0.22501       0.10000       0.27646
       0.73531       7.33022       0.96000       1.19751       0.79834       0.82834       0.22638       0.10061       0.27611
       0.74031       7.38006       0.96000       1.20476       0.80317       0.83317       0.22775       0.10122       0.27578
       0.74531       7.42990       0.96000       1.21202       0.80801       0.83801       0.22913       0.10183       0.27544
       0.75031       7.47975       0.96000       1.21928       0.81285       0.84285       0.23050       0.10245       0.27512
       0.75531       7.52959       0.96000       1.22655       0.81770       0.84770       0.23188       0.10306       0.27480
       0.76031       7.57944       0.96000       1.23382       0.82255       0.85255       0.23325       0.10367       0.27449
       0.76531       7.62928       0.96000       1.24110       0.82740       0.85740       0.23463       0.10428       0.27418
       0.77031       7.67913       0.96000       1.24838       0.83225       0.86225       0.23601       0.10489       0.27388
       0.77531       7.72897       0.96000       1.25566       0.83711       0.86711       0.23738       0.10550       0.27358
       0.78031       7.77881       0.96000       1.26295       0.84197       0.87197       0.23876       0.10612       0.27329
       0.78531       7.82866       0.96000       1.27025       0.84683       0.87683       0.24014       0.10673       0.27301
       0.79031       7.87850       0.96000       1.27754       0.85170       0.88170       0.24152       0.10734       0.27273
       0.79531       7.92835       0.96000       1.28485       0.85656       0.88656       0.24290       0.10796       0.27245
       0.80031       7.97819       0.96000       1.29215       0.86143       0.89143       0.24428       0.10857       0.27218
