# T/Tc, eta/s_max,eta/s_min
     1.00000      0.60606      0.16182
     1.04417      0.49508      0.15942
     1.08835      0.41979      0.15852
     1.13252      0.36964      0.16033
     1.17670      0.33321      0.16359
     1.22087      0.30312      0.16641
     1.26505      0.27620      0.16758
     1.30922      0.25208      0.16704
     1.35340      0.23247      0.16548
     1.39757      0.21638      0.16378
     1.44175      0.20383      0.16252
     1.48592      0.19443      0.16109
     1.53010      0.18762      0.16043
     1.57427      0.18285      0.16008
     1.61844      0.17966      0.15985
     1.66262      0.17769      0.16022
     1.70679      0.17665      0.16125
     1.75097      0.17636      0.16280
     1.79514      0.17666      0.16475
     1.83932      0.17745      0.16706
     1.88349      0.17959      0.16968
     1.92767      0.18206      0.17259
     1.97184      0.18518      0.17579
     2.01602      0.18937      0.17915
     2.06019      0.19390      0.18272
     2.10437      0.19869      0.18669
     2.14854      0.20365      0.18988
     2.19272      0.20870      0.19326
     2.23689      0.21376      0.19681
     2.28106      0.21877      0.20049
     2.32524      0.22371      0.20429
     2.36941      0.22856      0.20821
     2.41359      0.23332      0.21227
     2.45776      0.23799      0.21649
     2.50194      0.24256      0.22091
     2.54611      0.24795      0.22551
     2.59029      0.25381      0.22999
     2.63446      0.25971      0.23352
     2.67864      0.26563      0.23700
     2.72281      0.27155      0.24040
     2.76699      0.27747      0.24372
     2.81116      0.28337      0.24693
     2.85533      0.28925      0.25002
     2.89951      0.29509      0.25269
     2.94368      0.30087      0.25467
     2.98786      0.30661      0.25648
     3.03203      0.31483      0.25814
     3.07621      0.32441      0.25969
     3.12038      0.33444      0.26117
     3.16456      0.34492      0.26260
