# T/Tc, eta_max,eta_min
     1.00000      0.60606      0.16182
     1.05282      0.47779      0.15904
     1.10563      0.39787      0.15894
     1.15845      0.34717      0.16219
     1.21126      0.30934      0.16591
     1.26408      0.27676      0.16757
     1.31689      0.24844      0.16681
     1.36971      0.22611      0.16483
     1.42252      0.20887      0.16299
     1.47534      0.19642      0.16142
     1.52815      0.18787      0.16045
     1.58097      0.18228      0.16009
     1.63378      0.17886      0.15989
     1.68660      0.17702      0.16071
     1.73942      0.17637      0.16235
     1.79223      0.17662      0.16461
     1.84505      0.17763      0.16739
     1.89786      0.18036      0.17060
     1.95068      0.18344      0.17422
     2.00349      0.18814      0.17825
     2.05631      0.19349      0.18238
     2.10912      0.19921      0.18703
     2.16194      0.20518      0.19089
     2.21475      0.21123      0.19502
     2.26757      0.21725      0.19935
     2.32038      0.22317      0.20386
     2.37320      0.22897      0.20855
     2.42601      0.23464      0.21344
     2.47883      0.24018      0.21857
     2.53165      0.24604      0.22398
