# T/Tc, sigma/T(strange)_max,sigma/T(strange)_min, sigma/T(full)_max, sigma/T(full)_min
     1.00000      0.00016      0.00013      0.03314      0.00580
     1.04417      0.00019      0.00016      0.03106      0.00683
     1.08835      0.00023      0.00019      0.02911      0.00783
     1.13252      0.00026      0.00023      0.02720      0.00875
     1.17670      0.00029      0.00027      0.02537      0.00956
     1.22087      0.00033      0.00030      0.02362      0.01026
     1.26505      0.00036      0.00034      0.02197      0.01082
     1.30922      0.00040      0.00037      0.02042      0.01125
     1.35340      0.00044      0.00040      0.01899      0.01156
     1.39757      0.00047      0.00043      0.01774      0.01176
     1.44175      0.00051      0.00046      0.01665      0.01186
     1.48592      0.00054      0.00049      0.01564      0.01170
     1.53010      0.00058      0.00052      0.01482      0.01143
     1.57427      0.00061      0.00055      0.01411      0.01100
     1.61844      0.00065      0.00059      0.01337      0.01058
     1.66262      0.00068      0.00063      0.01262      0.01020
     1.70679      0.00073      0.00066      0.01189      0.00986
     1.75097      0.00077      0.00070      0.01132      0.00955
     1.79514      0.00082      0.00074      0.01103      0.00928
     1.83932      0.00086      0.00078      0.01074      0.00904
     1.88349      0.00093      0.00082      0.01049      0.00878
     1.92767      0.00100      0.00087      0.01025      0.00852
     1.97184      0.00107      0.00091      0.01004      0.00828
     2.01602      0.00115      0.00096      0.00984      0.00807
     2.06019      0.00123      0.00100      0.00968      0.00777
     2.10437      0.00132      0.00104      0.00954      0.00753
     2.14854      0.00142      0.00109      0.00942      0.00733
     2.19272      0.00152      0.00114      0.00932      0.00717
     2.23689      0.00162      0.00119      0.00924      0.00705
     2.28106      0.00172      0.00124      0.00918      0.00696
     2.32524      0.00182      0.00129      0.00913      0.00690
     2.36941      0.00192      0.00132      0.00910      0.00686
     2.41359      0.00202      0.00136      0.00908      0.00682
     2.45776      0.00212      0.00139      0.00907      0.00681
     2.50194      0.00221      0.00142      0.00907      0.00680
     2.54611      0.00231      0.00145      0.00907      0.00681
     2.59029      0.00240      0.00147      0.00908      0.00683
     2.63446      0.00249      0.00150      0.00909      0.00685
     2.67864      0.00257      0.00152      0.00911      0.00688
     2.72281      0.00265      0.00154      0.00918      0.00691
     2.76699      0.00273      0.00156      0.00927      0.00695
     2.81116      0.00281      0.00158      0.00937      0.00699
     2.85533      0.00288      0.00160      0.00948      0.00703
     2.89951      0.00295      0.00161      0.00962      0.00707
     2.94368      0.00301      0.00163      0.00986      0.00712
     2.98786      0.00308      0.00164      0.01013      0.00709
     3.03203      0.00315      0.00166      0.01042      0.00706
     3.07621      0.00329      0.00167      0.01081      0.00704
     3.12038      0.00344      0.00168      0.01122      0.00702
     3.16456      0.00359      0.00169      0.01167      0.00700
