# T/Tc, sigma/T(strange)_max,sigma/T(strange)_min, sigma/T(full)_max, sigma/T(full)_min
     1.00000      0.00016      0.00013      0.03314      0.00580
     1.07464      0.00021      0.00018      0.02970      0.00753
     1.14928      0.00027      0.00024      0.02650      0.00907
     1.22392      0.00033      0.00031      0.02350      0.01030
     1.29856      0.00039      0.00036      0.02079      0.01115
     1.37320      0.00045      0.00041      0.01839      0.01166
     1.44784      0.00051      0.00046      0.01650      0.01186
     1.52248      0.00057      0.00051      0.01493      0.01148
     1.59712      0.00063      0.00057      0.01373      0.01078
     1.67176      0.00069      0.00063      0.01247      0.01013
     1.74640      0.00077      0.00069      0.01137      0.00958
     1.82104      0.00084      0.00076      0.01086      0.00913
     1.89568      0.00095      0.00084      0.01042      0.00870
     1.97032      0.00107      0.00091      0.01004      0.00829
     2.04496      0.00120      0.00098      0.00973      0.00787
     2.11960      0.00136      0.00106      0.00949      0.00745
     2.19424      0.00152      0.00114      0.00932      0.00716
     2.26888      0.00169      0.00122      0.00920      0.00698
     2.34352      0.00186      0.00130      0.00912      0.00688
     2.41816      0.00203      0.00136      0.00908      0.00682
     2.49280      0.00219      0.00141      0.00907      0.00680
     2.56744      0.00235      0.00146      0.00908      0.00682
     2.64208      0.00250      0.00150      0.00910      0.00685
     2.71672      0.00264      0.00154      0.00916      0.00691
     2.79136      0.00277      0.00157      0.00933      0.00697
     2.86600      0.00290      0.00160      0.00950      0.00704
     2.94064      0.00301      0.00163      0.00985      0.00711
     3.01528      0.00312      0.00165      0.01030      0.00707
     3.08992      0.00333      0.00167      0.01093      0.00703
     3.16456      0.00359      0.00169      0.01167      0.00700
