# T/Tc, Ag_min^2, Ag_max^2, Aq_min^2, Aq_max^2
     0.98101      0.77542      0.91509      0.11600      0.16089
     1.00789      0.79096      0.91445      0.10762      0.14598
     1.03476      0.80627      0.91372      0.09997      0.13264
     1.06164      0.82122      0.91291      0.09257      0.12074
     1.08851      0.83569      0.91203      0.08586      0.11014
     1.11539      0.84659      0.91108      0.07981      0.10073
     1.14226      0.85249      0.91016      0.07436      0.09240
     1.16914      0.85888      0.91117      0.06946      0.08503
     1.19601      0.86566      0.91184      0.06509      0.07853
     1.22289      0.87273      0.91218      0.06119      0.07280
     1.24976      0.87970      0.91220      0.05773      0.06779
     1.27664      0.88020      0.92072      0.05467      0.06370
     1.30351      0.88089      0.92809      0.05198      0.06008
     1.33039      0.88173      0.93428      0.04964      0.05687
     1.35726      0.88270      0.93928      0.04761      0.05405
     1.38414      0.88378      0.94312      0.04587      0.05157
     1.41101      0.88493      0.94582      0.04403      0.05031
     1.43789      0.88613      0.94742      0.04228      0.04933
     1.46476      0.88736      0.94797      0.04083      0.04856
     1.49164      0.88859      0.94755      0.03965      0.04798
     1.51851      0.88947      0.94621      0.03871      0.04757
     1.54539      0.88926      0.94405      0.03799      0.04731
     1.57226      0.88837      0.94115      0.03748      0.04719
     1.59913      0.88686      0.93976      0.03717      0.04720
     1.62601      0.88535      0.93975      0.03705      0.04734
     1.65288      0.88275      0.93909      0.03710      0.04759
     1.67976      0.87993      0.93783      0.03733      0.04795
     1.70663      0.87715      0.93602      0.03772      0.04840
     1.73351      0.87445      0.93372      0.03827      0.04895
     1.76038      0.87184      0.93098      0.03897      0.04960
     1.78726      0.86936      0.92786      0.03983      0.05033
     1.81413      0.86701      0.92441      0.04084      0.05114
     1.84101      0.86481      0.92069      0.04199      0.05204
     1.86788      0.86278      0.91674      0.04328      0.05302
     1.89476      0.86092      0.91263      0.04458      0.05408
     1.92163      0.85926      0.90839      0.04566      0.05522
     1.94851      0.85778      0.90407      0.04685      0.05644
     1.97538      0.85564      0.89970      0.04815      0.05774
     2.00226      0.85310      0.89534      0.04956      0.05912
     2.02913      0.85088      0.89423      0.05108      0.06058
     2.05601      0.84900      0.89349      0.05271      0.06212
     2.08288      0.84557      0.89269      0.05446      0.06375
     2.10976      0.84168      0.89186      0.05632      0.06547
     2.13663      0.83818      0.89100      0.05829      0.06727
     2.16351      0.83506      0.89012      0.06037      0.06917
     2.19038      0.83235      0.88922      0.06257      0.07116
     2.21726      0.83006      0.88832      0.06488      0.07363
     2.24413      0.82818      0.88741      0.06731      0.07668
     2.27101      0.82673      0.88711      0.06986      0.07985
     2.29788      0.82569      0.88680      0.07253      0.08314
     2.32476      0.82506      0.88648      0.07533      0.08653
     2.35163      0.82484      0.88612      0.07824      0.09003
     2.37851      0.82502      0.88574      0.08128      0.09363
     2.40538      0.82558      0.88535      0.08445      0.09733
     2.43226      0.82652      0.88492      0.08775      0.10111
     2.45913      0.82783      0.88448      0.09092      0.10498
     2.48601      0.82949      0.88402      0.09365      0.10892
     2.51288      0.83148      0.88353      0.09645      0.11293
     2.53976      0.83380      0.88303      0.09932      0.11701
     2.56663      0.83643      0.88252      0.10224      0.12114
     2.59351      0.83935      0.88198      0.10522      0.12533
     2.62038      0.84255      0.88143      0.10825      0.12956
     2.64726      0.84393      0.88087      0.11134      0.13383
     2.67413      0.84496      0.88067      0.11449      0.13812
     2.70101      0.84623      0.88208      0.11768      0.14244
     2.72788      0.84775      0.88427      0.12092      0.14678
     2.75475      0.84952      0.88649      0.12421      0.15113
     2.78163      0.85151      0.88872      0.12753      0.15548
     2.80850      0.85373      0.89097      0.13091      0.15983
     2.83538      0.85616      0.89323      0.13431      0.16417
     2.86225      0.85880      0.89550      0.13776      0.16849
     2.88913      0.86163      0.89778      0.14124      0.17413
     2.91600      0.86465      0.90006      0.14475      0.18088
     2.94288      0.86784      0.90234      0.14828      0.18789
     2.96975      0.86830      0.90461      0.15185      0.19516
     2.99663      0.86777      0.90816      0.15543      0.20269
     3.02350      0.86725      0.91380      0.15877      0.21048
     3.05038      0.86673      0.91950      0.16182      0.21853
     3.07725      0.86622      0.92524      0.16485      0.22684
     3.10413      0.86572      0.93104      0.16785      0.23539
     3.13100      0.86522      0.93686      0.17083      0.24420
     3.15788      0.86473      0.94271      0.17378      0.25324
     3.18475      0.86424      0.94858      0.17669      0.26252
     3.21163      0.86375      0.95446      0.17958      0.27202
     3.23850      0.86327      0.96034      0.18244      0.28174
     3.26538      0.86280      0.96621      0.18526      0.29166
     3.29225      0.86233      0.97207      0.18805      0.30177
     3.31913      0.86186      0.97791      0.19080      0.31207
     3.34600      0.86140      0.98372      0.19351      0.32253
     3.37288      0.86094      0.98951      0.19619      0.33314
     3.39975      0.86049      0.99526      0.19883      0.34389
     3.42663      0.86004      1.00097      0.20143      0.35477
     3.45350      0.85960      1.00664      0.20400      0.36574
     3.48038      0.85916      1.01226      0.20652      0.37681
     3.50725      0.85873      1.01782      0.20901      0.38795
     3.53413      0.85830      1.02333      0.21146      0.39915
     3.56100      0.85788      1.02878      0.21387      0.41039
     3.58788      0.85746      1.03417      0.21624      0.42165
     3.61475      0.85704      1.03950      0.21856      0.43291
     3.64163      0.85664      1.04476      0.22085      0.44417
     3.66850      0.85623      1.04995      0.22310      0.45541
     3.69538      0.85583      1.05507      0.22532      0.46660
     3.72225      0.85544      1.06012      0.22749      0.47774
     3.74913      0.85505      1.06510      0.22962      0.48882
     3.77600      0.85467      1.07000      0.23172      0.49981
     3.80288      0.85429      1.07483      0.23378      0.51071
     3.82975      0.85392      1.07958      0.23580      0.52150
     3.85662      0.85356      1.08426      0.23778      0.53218
     3.88350      0.85320      1.08886      0.23972      0.54273
     3.91037      0.85285      1.09338      0.24163      0.55315
     3.93725      0.85250      1.09782      0.24351      0.56342
     3.96412      0.85213      1.10219      0.24535      0.57355
     3.99100      0.85168      1.10648      0.24715      0.58351
     4.01787      0.85123      1.11069      0.24892      0.59331
     4.04475      0.85079      1.11483      0.25065      0.60293
     4.07162      0.85035      1.11889      0.25235      0.61239
     4.09850      0.84992      1.12287      0.25402      0.62166
     4.12537      0.84950      1.12678      0.25565      0.63075
     4.15225      0.84909      1.13062      0.25726      0.63966
     4.17912      0.84868      1.13438      0.25883      0.64838
     4.20600      0.84828      1.13807      0.26037      0.65692
     4.23287      0.84788      1.14168      0.26188      0.66526
     4.25975      0.84749      1.14523      0.26336      0.67342
     4.28662      0.84711      1.14870      0.26481      0.68138
     4.31350      0.84673      1.15211      0.26624      0.68916
     4.34037      0.84636      1.15544      0.26763      0.69675
     4.36725      0.84599      1.15871      0.26900      0.70415
     4.39412      0.84564      1.16191      0.27034      0.71136
     4.42100      0.84528      1.16505      0.27166      0.71840
     4.44787      0.84493      1.16812      0.27294      0.72525
     4.47475      0.84459      1.17113      0.27421      0.73192
     4.50162      0.84426      1.17408      0.27544      0.73842
     4.52850      0.84393      1.17697      0.27666      0.74474
     4.55537      0.84360      1.17979      0.27785      0.75090
     4.58225      0.84328      1.18256      0.27901      0.75688
     4.60912      0.84297      1.18527      0.28016      0.76270
     4.63600      0.84266      1.18792      0.28128      0.76836
     4.66287      0.84235      1.19052      0.28238      0.77387
     4.68975      0.84205      1.19306      0.28346      0.77922
     4.71662      0.84176      1.19555      0.28451      0.78441
     4.74350      0.84147      1.19799      0.28555      0.78947
     4.77037      0.84118      1.20038      0.28656      0.79437
     4.79725      0.84090      1.20271      0.28756      0.79914
     4.82412      0.84063      1.20500      0.28854      0.80377
     4.85100      0.84036      1.20724      0.28950      0.80827
     4.87787      0.84009      1.20943      0.29044      0.81264
     4.90475      0.83983      1.21157      0.29136      0.81688
     4.93162      0.83957      1.21367      0.29226      0.82100
     4.95850      0.83932      1.21573      0.29315      0.82500
     4.98537      0.83907      1.21774      0.29402      0.82888
     5.01224      0.83882      1.21971      0.29487      0.83266
     5.03912      0.83858      1.22164      0.29571      0.83632
     5.06599      0.83835      1.22353      0.29653      0.84173
     5.09287      0.83811      1.22538      0.29734      0.84781
     5.11974      0.83788      1.22720      0.29813      0.85379
     5.14662      0.83766      1.22897      0.29891      0.85968
     5.17349      0.83744      1.23071      0.29967      0.86548
     5.20037      0.83722      1.23241      0.30042      0.87120
     5.22724      0.83700      1.23407      0.30115      0.87682
     5.25412      0.83679      1.23570      0.30187      0.88236
     5.28099      0.83658      1.23730      0.30258      0.88781
     5.30787      0.83638      1.23887      0.30327      0.89318
     5.33474      0.83618      1.24040      0.30395      0.89846
     5.36162      0.83598      1.24190      0.30462      0.90366
     5.38849      0.83579      1.24337      0.30528      0.90878
     5.41537      0.83560      1.24481      0.30593      0.91381
     5.44224      0.83541      1.24622      0.30656      0.91877
     5.46912      0.83522      1.24760      0.30718      0.92365
     5.49599      0.83504      1.24896      0.30780      0.92844
     5.52287      0.83486      1.25029      0.30840      0.93317
     5.54974      0.83469      1.25159      0.30899      0.93781
     5.57662      0.83451      1.25286      0.30957      0.94238
     5.60349      0.83434      1.25411      0.31014      0.94688
     5.63037      0.83417      1.25534      0.31070      0.95130
     5.65724      0.83401      1.25654      0.31125      0.95565
     5.68412      0.83385      1.25771      0.31179      0.95993
     5.71099      0.83369      1.25886      0.31232      0.96414
     5.73787      0.83353      1.25999      0.31284      0.96829
     5.76474      0.83337      1.26110      0.31336      0.97236
     5.79162      0.83322      1.26219      0.31386      0.97637
     5.81849      0.83307      1.26325      0.31436      0.98031
     5.84537      0.83292      1.26430      0.31485      0.98419
     5.87224      0.83278      1.26532      0.31533      0.98801
     5.89912      0.83263      1.26632      0.31580      0.99176
     5.92599      0.83249      1.26731      0.31626      0.99545
     5.95287      0.83235      1.26827      0.31672      0.99908
     5.97974      0.83222      1.26922      0.31717      1.00265
     6.00662      0.83208      1.27015      0.31761      1.00616
     6.03349      0.83195      1.27106      0.31805      1.00962
     6.06037      0.83182      1.27195      0.31847      1.01302
     6.08724      0.83169      1.27283      0.31889      1.01636
     6.11411      0.83157      1.27369      0.31931      1.01965
     6.14099      0.83144      1.27454      0.31971      1.02288
     6.16786      0.83132      1.27536      0.32011      1.02606
     6.19474      0.83120      1.27618      0.32051      1.02919
     6.22161      0.83108      1.27698      0.32090      1.03227
     6.24849      0.83096      1.27776      0.32128      1.03530
     6.27536      0.83085      1.27853      0.32165      1.03828
     6.30224      0.83073      1.27928      0.32202      1.04121
     6.32911      0.83062      1.28002      0.32239      1.04409
