# T/Tc,massG_min*eval, massG_max*eval, massL_min*eval, massL_max*eval, massS_min*eval, massS_max*eval
     0.98101      1.09499      1.33488      0.45753      0.49315      0.60753      0.64315
     1.00789      1.11729      1.33705      0.44324      0.47521      0.59324      0.62521
     1.03476      1.13853      1.33797      0.42917      0.45750      0.57917      0.60750
     1.06164      1.15864      1.33773      0.41544      0.44023      0.56544      0.59023
     1.08851      1.17760      1.33641      0.40218      0.42356      0.55218      0.57356
     1.11539      1.19504      1.33409      0.38896      0.40762      0.53896      0.55762
     1.14226      1.20936      1.33083      0.37609      0.39251      0.52609      0.54251
     1.16914      1.22260      1.32673      0.36393      0.37829      0.51393      0.52829
     1.19601      1.23474      1.32184      0.35251      0.36498      0.50251      0.51498
     1.22289      1.24467      1.31948      0.34190      0.35391      0.49190      0.50391
     1.24976      1.24956      1.32309      0.33210      0.34377      0.48210      0.49377
     1.27664      1.25314      1.32503      0.32265      0.33436      0.47265      0.48436
     1.30351      1.25492      1.32532      0.31344      0.32563      0.46344      0.47563
     1.33039      1.25598      1.32402      0.30504      0.31758      0.45504      0.46758
     1.35726      1.25633      1.32120      0.29743      0.31017      0.44743      0.46017
     1.38414      1.25595      1.31696      0.29055      0.30338      0.44055      0.45338
     1.41101      1.25483      1.31352      0.28439      0.29728      0.43439      0.44728
     1.43789      1.25294      1.30897      0.27889      0.29224      0.42889      0.44224
     1.46476      1.24470      1.30295      0.27403      0.28777      0.42403      0.43777
     1.49164      1.23544      1.29955      0.26977      0.28383      0.41977      0.43383
     1.51851      1.22609      1.29598      0.26608      0.28040      0.41608      0.43040
     1.54539      1.21670      1.29100      0.26293      0.27744      0.41293      0.42744
     1.57226      1.20730      1.28468      0.26029      0.27491      0.41029      0.42491
     1.59913      1.19794      1.27709      0.25814      0.27279      0.40814      0.42279
     1.62601      1.18863      1.26832      0.25644      0.27104      0.40644      0.42104
     1.65288      1.17941      1.25848      0.25518      0.26963      0.40518      0.41963
     1.67976      1.17032      1.24769      0.25433      0.26855      0.40433      0.41855
     1.70663      1.16137      1.23606      0.25387      0.26775      0.40387      0.41775
     1.73351      1.15259      1.22375      0.25337      0.26723      0.40337      0.41723
     1.76038      1.14400      1.21089      0.25282      0.26697      0.40282      0.41697
     1.78726      1.13562      1.19762      0.25257      0.26694      0.40257      0.41694
     1.81413      1.12747      1.18410      0.25259      0.26713      0.40259      0.41713
     1.84101      1.11956      1.17045      0.25288      0.26753      0.40288      0.41753
     1.86788      1.11191      1.15683      0.25342      0.26812      0.40342      0.41812
     1.89476      1.10454      1.14335      0.25421      0.26890      0.40421      0.41890
     1.92163      1.09454      1.13013      0.25524      0.26986      0.40524      0.41986
     1.94851      1.08461      1.11727      0.25649      0.27124      0.40649      0.42124
     1.97538      1.07489      1.10774      0.25797      0.27292      0.40797      0.42292
     2.00226      1.06218      1.10056      0.25966      0.27480      0.40966      0.42480
     2.02913      1.04914      1.09359      0.26156      0.27688      0.41156      0.42688
     2.05601      1.03675      1.08685      0.26366      0.27914      0.41366      0.42914
     2.08288      1.02506      1.08035      0.26518      0.28158      0.41518      0.43158
     2.10976      1.01412      1.07412      0.26692      0.28420      0.41692      0.43420
     2.13663      1.00399      1.06815      0.26888      0.28700      0.41888      0.43700
     2.16351      0.99468      1.06247      0.27107      0.28997      0.42107      0.43997
     2.19038      0.98621      1.05707      0.27349      0.29310      0.42349      0.44310
     2.21726      0.97861      1.05197      0.27614      0.29638      0.42614      0.44638
     2.24413      0.97185      1.04717      0.27904      0.30005      0.42904      0.45005
     2.27101      0.96595      1.04267      0.28218      0.30417      0.43218      0.45417
     2.29788      0.96089      1.03848      0.28557      0.30842      0.43557      0.45842
     2.32476      0.95664      1.03461      0.28922      0.31277      0.43922      0.46277
     2.35163      0.95319      1.03105      0.29313      0.31724      0.44313      0.46724
     2.37851      0.95051      1.02780      0.29729      0.32181      0.44729      0.47181
     2.40538      0.94857      1.02486      0.30172      0.32682      0.45172      0.47682
     2.43226      0.94734      1.02224      0.30642      0.33233      0.45642      0.48233
     2.45913      0.94679      1.02014      0.31138      0.33800      0.46138      0.48800
     2.48601      0.94690      1.01975      0.31660      0.34383      0.46660      0.49383
     2.51288      0.94762      1.01966      0.32209      0.34979      0.47209      0.49979
     2.53976      0.94707      1.01984      0.32785      0.35588      0.47785      0.50588
     2.56663      0.94675      1.02027      0.33388      0.36208      0.48388      0.51208
     2.59351      0.94682      1.02096      0.34017      0.36841      0.49017      0.51841
     2.62038      0.94728      1.02189      0.34673      0.37483      0.49673      0.52483
     2.64726      0.94809      1.02304      0.35355      0.38134      0.50355      0.53134
     2.67413      0.94924      1.02441      0.36064      0.38793      0.51064      0.53793
     2.70101      0.95043      1.02598      0.36798      0.39461      0.51798      0.54461
     2.72788      0.95158      1.02775      0.37558      0.40134      0.52558      0.55134
     2.75475      0.95311      1.02971      0.38343      0.40813      0.53343      0.55813
     2.78163      0.95501      1.03186      0.39153      0.41498      0.54153      0.56498
     2.80850      0.95726      1.03417      0.39897      0.42186      0.54897      0.57186
     2.83538      0.95986      1.03682      0.40481      0.42879      0.55481      0.57879
     2.86225      0.96280      1.04193      0.41072      0.43574      0.56072      0.58574
     2.88913      0.96606      1.04728      0.41669      0.44271      0.56669      0.59271
     2.91600      0.96963      1.05287      0.42272      0.44970      0.57272      0.59970
     2.94288      0.97351      1.05868      0.42880      0.45671      0.57880      0.60671
     2.96975      0.97768      1.06470      0.43494      0.46400      0.58494      0.61400
     2.99663      0.98213      1.07093      0.44113      0.47294      0.59113      0.62294
     3.02350      0.98684      1.07736      0.44687      0.48308      0.59687      0.63308
     3.05038      0.99182      1.08398      0.45243      0.49365      0.60243      0.64365
     3.07725      0.99659      1.09077      0.45799      0.50447      0.60799      0.65447
     3.10413      1.00122      1.09774      0.46354      0.51554      0.61354      0.66554
     3.13100      1.00598      1.10487      0.46910      0.52685      0.61910      0.67685
     3.15788      1.01088      1.11215      0.47464      0.53839      0.62464      0.68839
     3.18475      1.01589      1.11959      0.48019      0.55015      0.63019      0.70015
     3.21163      1.02103      1.12717      0.48573      0.56211      0.63573      0.71211
     3.23850      1.02628      1.13488      0.49126      0.57427      0.64126      0.72427
     3.26538      1.03163      1.14273      0.49678      0.58662      0.64678      0.73662
     3.29225      1.03709      1.15069      0.50229      0.59913      0.65229      0.74913
     3.31913      1.04264      1.15878      0.50780      0.61180      0.65780      0.76180
     3.34600      1.04829      1.16698      0.51329      0.62462      0.66329      0.77462
     3.37288      1.05403      1.17528      0.51878      0.63757      0.66878      0.78757
     3.39975      1.05986      1.18369      0.52425      0.65063      0.67425      0.80063
     3.42663      1.06577      1.19220      0.52971      0.66380      0.67971      0.81380
     3.45350      1.07176      1.20079      0.53516      0.67706      0.68516      0.82706
     3.48038      1.07783      1.20948      0.54059      0.69040      0.69059      0.84040
     3.50725      1.08397      1.21824      0.54601      0.70380      0.69601      0.85380
     3.53413      1.09018      1.22709      0.55142      0.71726      0.70142      0.86726
     3.56100      1.09647      1.23601      0.55682      0.73075      0.70682      0.88075
     3.58788      1.10281      1.24500      0.56220      0.74427      0.71220      0.89427
     3.61475      1.10923      1.25406      0.56757      0.75780      0.71757      0.90780
     3.64163      1.11570      1.26319      0.57292      0.77134      0.72292      0.92134
     3.66850      1.12223      1.27237      0.57826      0.78486      0.72826      0.93486
     3.69538      1.12882      1.28162      0.58359      0.79837      0.73359      0.94837
     3.72225      1.13547      1.29091      0.58890      0.81186      0.73890      0.96186
     3.74913      1.14217      1.30026      0.59420      0.82530      0.74420      0.97530
     3.77600      1.14864      1.30966      0.59948      0.83870      0.74948      0.98870
     3.80288      1.15500      1.31910      0.60476      0.85205      0.75476      1.00205
     3.82975      1.16141      1.32859      0.61001      0.86533      0.76001      1.01533
     3.85662      1.16788      1.33811      0.61526      0.87855      0.76526      1.02855
     3.88350      1.17440      1.34768      0.62049      0.89169      0.77049      1.04169
     3.91037      1.18097      1.35728      0.62570      0.90476      0.77570      1.05476
     3.93725      1.18759      1.36692      0.63091      0.91774      0.78091      1.06774
     3.96412      1.19425      1.37658      0.63610      0.93063      0.78610      1.08063
     3.99100      1.20096      1.38628      0.64127      0.94342      0.79127      1.09342
     4.01787      1.20770      1.39601      0.64644      0.95613      0.79644      1.10613
     4.04475      1.21449      1.40576      0.65159      0.96873      0.80159      1.11873
     4.07162      1.22132      1.41554      0.65673      0.98122      0.80673      1.13122
     4.09850      1.22818      1.42534      0.66185      0.99362      0.81185      1.14362
     4.12537      1.23508      1.43516      0.66697      1.00591      0.81697      1.15591
     4.15225      1.24201      1.44500      0.67207      1.01809      0.82207      1.16809
     4.17912      1.24898      1.45487      0.67716      1.03016      0.82716      1.18016
     4.20600      1.25597      1.46474      0.68224      1.04213      0.83224      1.19213
     4.23287      1.26300      1.47464      0.68731      1.05398      0.83731      1.20398
     4.25975      1.27005      1.48455      0.69237      1.06573      0.84237      1.21573
     4.28662      1.27713      1.49448      0.69741      1.07737      0.84741      1.22737
     4.31350      1.28424      1.50441      0.70245      1.08890      0.85245      1.23890
     4.34037      1.29138      1.51436      0.70747      1.10032      0.85747      1.25032
     4.36725      1.29854      1.52432      0.71249      1.11164      0.86249      1.26164
     4.39412      1.30572      1.53429      0.71749      1.12285      0.86749      1.27285
     4.42100      1.31292      1.54470      0.72248      1.13395      0.87248      1.28395
     4.44787      1.32015      1.55547      0.72747      1.14496      0.87747      1.29496
     4.47475      1.32739      1.56622      0.73244      1.15586      0.88244      1.30586
     4.50162      1.33466      1.57697      0.73741      1.16666      0.88741      1.31666
     4.52850      1.34194      1.58771      0.74237      1.17736      0.89237      1.32736
     4.55537      1.34925      1.59845      0.74731      1.18797      0.89731      1.33797
     4.58225      1.35657      1.60917      0.75225      1.19848      0.90225      1.34848
     4.60912      1.36390      1.61989      0.75718      1.20890      0.90718      1.35890
     4.63600      1.37126      1.63059      0.76211      1.21923      0.91211      1.36923
     4.66287      1.37863      1.64129      0.76702      1.22947      0.91702      1.37947
     4.68975      1.38601      1.65198      0.77193      1.23963      0.92193      1.38963
     4.71662      1.39341      1.66265      0.77682      1.24970      0.92682      1.39970
     4.74350      1.40082      1.67332      0.78171      1.25969      0.93171      1.40969
     4.77037      1.40824      1.68397      0.78660      1.26960      0.93660      1.41960
     4.79725      1.41568      1.69462      0.79147      1.27943      0.94147      1.42943
     4.82412      1.42313      1.70525      0.79634      1.28918      0.94634      1.43918
     4.85100      1.43059      1.71587      0.80120      1.29886      0.95120      1.44886
     4.87787      1.43742      1.72648      0.80606      1.30847      0.95606      1.45847
     4.90475      1.44403      1.73708      0.81090      1.31800      0.96090      1.46800
     4.93162      1.45065      1.74767      0.81575      1.32747      0.96575      1.47747
     4.95850      1.45729      1.75824      0.82058      1.33688      0.97058      1.48688
     4.98537      1.46394      1.76881      0.82541      1.34621      0.97541      1.49621
     5.01224      1.47061      1.77936      0.83023      1.35549      0.98023      1.50549
     5.03912      1.47730      1.78991      0.83505      1.36471      0.98505      1.51471
     5.06599      1.48392      1.80044      0.83986      1.37386      0.98986      1.52386
     5.09287      1.49049      1.81096      0.84466      1.38296      0.99466      1.53296
     5.11974      1.49706      1.82147      0.84946      1.39201      0.99946      1.54201
     5.14662      1.50365      1.83197      0.85426      1.40100      1.00426      1.55100
     5.17349      1.51025      1.84246      0.85904      1.40993      1.00904      1.55993
     5.20037      1.51686      1.85294      0.86383      1.41882      1.01383      1.56882
     5.22724      1.52348      1.86340      0.86861      1.42766      1.01861      1.57766
     5.25412      1.53010      1.87386      0.87338      1.43645      1.02338      1.58645
     5.28099      1.53674      1.88431      0.87815      1.44520      1.02815      1.59520
     5.30787      1.54339      1.89474      0.88291      1.45390      1.03291      1.60390
     5.33474      1.55004      1.90517      0.88767      1.46256      1.03767      1.61256
     5.36162      1.55671      1.91559      0.89242      1.47118      1.04242      1.62118
     5.38849      1.56338      1.92599      0.89717      1.47976      1.04717      1.62976
     5.41537      1.57006      1.93639      0.90192      1.48854      1.05192      1.63854
     5.44224      1.57675      1.94678      0.90666      1.49956      1.05666      1.64956
     5.46912      1.58344      1.95716      0.91140      1.51055      1.06140      1.66055
     5.49599      1.59015      1.96752      0.91613      1.52151      1.06613      1.67151
     5.52287      1.59686      1.97788      0.92086      1.53245      1.07086      1.68245
     5.54974      1.60358      1.98823      0.92559      1.54337      1.07559      1.69337
     5.57662      1.61031      1.99858      0.93031      1.55426      1.08031      1.70426
     5.60349      1.61704      2.00891      0.93503      1.56513      1.08503      1.71513
     5.63037      1.62378      2.01923      0.93974      1.57598      1.08974      1.72598
     5.65724      1.63053      2.02955      0.94445      1.58681      1.09445      1.73681
     5.68412      1.63728      2.03986      0.94916      1.59760      1.09916      1.74760
     5.71099      1.64404      2.05016      0.95386      1.60838      1.10386      1.75838
     5.73787      1.65081      2.06045      0.95856      1.61914      1.10856      1.76914
     5.76474      1.65758      2.07073      0.96326      1.62987      1.11326      1.77987
     5.79162      1.66436      2.08101      0.96796      1.64058      1.11796      1.79058
     5.81849      1.67115      2.09128      0.97265      1.65126      1.12265      1.80126
     5.84537      1.67794      2.10154      0.97734      1.66193      1.12734      1.81193
     5.87224      1.68474      2.11180      0.98202      1.67257      1.13202      1.82257
     5.89912      1.69154      2.12204      0.98670      1.68319      1.13670      1.83319
     5.92599      1.69835      2.13228      0.99138      1.69379      1.14138      1.84379
     5.95287      1.70516      2.14252      0.99606      1.70437      1.14606      1.85437
     5.97974      1.71198      2.15274      1.00073      1.71492      1.15073      1.86492
     6.00662      1.71881      2.16296      1.00540      1.72546      1.15540      1.87546
     6.03349      1.72563      2.17318      1.01007      1.73598      1.16007      1.88598
     6.06037      1.73247      2.18338      1.01474      1.74647      1.16474      1.89647
     6.08724      1.73931      2.19358      1.01940      1.75694      1.16940      1.90694
     6.11411      1.74615      2.20378      1.02406      1.76740      1.17406      1.91740
     6.14099      1.75300      2.21397      1.02872      1.77783      1.17872      1.92783
     6.16786      1.75985      2.22415      1.03338      1.78824      1.18338      1.93824
     6.19474      1.76671      2.23433      1.03803      1.79864      1.18803      1.94864
     6.22161      1.77357      2.24450      1.04269      1.80901      1.19269      1.95901
     6.24849      1.78044      2.25466      1.04733      1.81937      1.19733      1.96937
     6.27536      1.78731      2.26482      1.05198      1.82970      1.20198      1.97970
     6.30224      1.79419      2.27498      1.05663      1.84002      1.20663      1.99002
     6.32911      1.80107      2.28513      1.06127      1.85032      1.21127      2.00032
