# T/Tc, entr_max, entr_min, chib_max, chib_min, chis_max, chis_min
     0.98101      6.14265      5.59562      0.10767      0.09753      0.28495      0.27076
     0.99358      6.38187      5.86142      0.11285      0.10307      0.30057      0.28648
     1.00614      6.62984      6.12689      0.11814      0.10877      0.31669      0.30268
     1.01870      6.88307      6.40629      0.12359      0.11461      0.33326      0.31928
     1.03126      7.14215      6.69537      0.12923      0.12056      0.35022      0.33624
     1.04383      7.41075      6.98887      0.13495      0.12660      0.36748      0.35348
     1.05639      7.67189      7.28094      0.14074      0.13271      0.38498      0.37092
     1.06895      7.92170      7.56581      0.14656      0.13886      0.40263      0.38850
     1.08152      8.15738      7.83851      0.15238      0.14502      0.42034      0.40613
     1.09408      8.37736      8.09528      0.15820      0.15116      0.43805      0.42374
     1.10664      8.58122      8.33299      0.16397      0.15726      0.45566      0.44126
     1.11920      8.76963      8.53465      0.16967      0.16330      0.47311      0.45860
     1.13177      8.94406      8.72060      0.17529      0.16923      0.49032      0.47572
     1.14433      9.10668      8.89272      0.18080      0.17506      0.50722      0.49254
     1.15689      9.25988      9.05340      0.18618      0.18075      0.52375      0.50901
     1.16945      9.40631      9.20528      0.19143      0.18629      0.53987      0.52508
     1.18202      9.54845      9.35110      0.19652      0.19166      0.55553      0.54071
     1.19458      9.68860      9.49334      0.20145      0.19652      0.57070      0.55587
     1.20714      9.82871      9.63439      0.20622      0.20120      0.58536      0.57054
     1.21971      9.97033      9.77617      0.21081      0.20574      0.59948      0.58471
     1.23227     10.11456      9.92026      0.21523      0.21014      0.61307      0.59836
     1.24483     10.26211     10.06773      0.21948      0.21439      0.62612      0.61149
     1.25739     10.41319     10.21927      0.22356      0.21849      0.63863      0.62410
     1.26996     10.56764     10.37508      0.22747      0.22245      0.65061      0.63621
     1.28252     10.72497     10.53497      0.23122      0.22627      0.66206      0.64781
     1.29508     10.88445     10.69843      0.23480      0.22994      0.67301      0.65892
     1.30765     11.04507     10.86463      0.23822      0.23347      0.68345      0.66956
     1.32021     11.20577     11.02851      0.24149      0.23687      0.69342      0.67973
     1.33277     11.36542     11.18694      0.24461      0.24013      0.70290      0.68945
     1.34533     11.52289     11.34180      0.24759      0.24327      0.71193      0.69873
     1.35790     11.67708     11.49448      0.25042      0.24627      0.72052      0.70758
     1.37046     11.82708     11.64404      0.25311      0.24914      0.72867      0.71601
     1.38302     11.97201     11.78958      0.25568      0.25189      0.73640      0.72404
     1.39559     12.11122     11.93040      0.25812      0.25452      0.74373      0.73167
     1.40815     12.24422     12.06586      0.26043      0.25702      0.75066      0.73893
     1.42071     12.37062     12.19553      0.26262      0.25941      0.75721      0.74581
     1.43327     12.49025     12.31908      0.26476      0.26168      0.76340      0.75216
     1.44584     12.60306     12.43635      0.26683      0.26385      0.76924      0.75818
     1.45840     12.70912     12.54731      0.26879      0.26590      0.77473      0.76389
     1.47096     12.80859     12.65201      0.27064      0.26785      0.77990      0.76932
     1.48353     12.90175     12.75062      0.27239      0.26970      0.78475      0.77446
     1.49609     12.99351     12.84339      0.27404      0.27145      0.78930      0.77934
     1.50865     13.08607     12.93061      0.27560      0.27311      0.79356      0.78395
     1.52121     13.17273     13.01262      0.27707      0.27463      0.79754      0.78819
     1.53378     13.25396     13.08984      0.27852      0.27604      0.80126      0.79215
     1.54634     13.33024     13.16265      0.27990      0.27737      0.80473      0.79587
     1.55890     13.40201     13.23146      0.28119      0.27862      0.80795      0.79936
     1.57146     13.46977     13.29670      0.28242      0.27981      0.81095      0.80264
     1.58403     13.53398     13.35875      0.28357      0.28093      0.81373      0.80571
     1.59659     13.59508     13.41802      0.28466      0.28199      0.81630      0.80858
     1.60915     13.65349     13.47124      0.28569      0.28300      0.81868      0.81126
     1.62172     13.70963     13.52277      0.28665      0.28395      0.82087      0.81376
     1.63428     13.76382     13.57300      0.28756      0.28485      0.82289      0.81609
     1.64684     13.81642     13.62219      0.28842      0.28571      0.82474      0.81827
     1.65940     13.86771     13.67063      0.28923      0.28652      0.82645      0.82029
     1.67197     13.91798     13.71854      0.29000      0.28730      0.82801      0.82216
     1.68453     13.96745     13.76615      0.29072      0.28804      0.82943      0.82346
     1.69709     14.01631     13.81364      0.29141      0.28875      0.83083      0.82457
     1.70966     14.06474     13.86117      0.29205      0.28942      0.83247      0.82555
     1.72222     14.11292     13.90894      0.29266      0.29007      0.83399      0.82642
     1.73478     14.16090     13.95702      0.29327      0.29070      0.83538      0.82719
     1.74734     14.20882     14.00558      0.29386      0.29130      0.83665      0.82787
     1.75991     14.25672     14.05468      0.29442      0.29187      0.83782      0.82845
     1.77247     14.30468     14.10443      0.29495      0.29243      0.83888      0.82896
     1.78503     14.35271     14.15487      0.29546      0.29297      0.83985      0.82940
     1.79760     14.40081     14.20604      0.29595      0.29350      0.84072      0.82978
     1.81016     14.44897     14.25796      0.29641      0.29400      0.84151      0.83010
     1.82272     14.49718     14.31064      0.29685      0.29450      0.84223      0.83037
     1.83528     14.54542     14.36403      0.29727      0.29498      0.84286      0.83059
     1.84785     14.59363     14.41811      0.29767      0.29544      0.84343      0.83077
     1.86041     14.64176     14.47278      0.29805      0.29590      0.84393      0.83091
     1.87297     14.68976     14.52798      0.29842      0.29635      0.84436      0.83103
     1.88554     14.73756     14.58359      0.29877      0.29678      0.84474      0.83088
     1.89810     14.78510     14.63949      0.29916      0.29720      0.84507      0.83063
     1.91066     14.83229     14.69553      0.29956      0.29756      0.84534      0.83035
     1.92322     14.89070     14.75158      0.29995      0.29790      0.84557      0.83005
     1.93579     14.94960     14.80750      0.30032      0.29824      0.84574      0.82974
     1.94835     15.00824     14.86313      0.30068      0.29856      0.84588      0.82942
     1.96091     15.06648     14.91832      0.30104      0.29887      0.84598      0.82909
     1.97347     15.12420     14.96892      0.30141      0.29917      0.84604      0.82876
     1.98604     15.18129     15.01704      0.30178      0.29946      0.84607      0.82842
     1.99860     15.23764     15.06449      0.30213      0.29974      0.84611      0.82807
     2.01116     15.29317     15.11126      0.30248      0.30000      0.84623      0.82773
     2.02373     15.34783     15.15720      0.30281      0.30026      0.84632      0.82739
     2.03629     15.40154     15.20015      0.30313      0.30050      0.84637      0.82705
     2.04885     15.45428     15.24227      0.30344      0.30070      0.84640      0.82671
     2.06141     15.50601     15.28355      0.30373      0.30090      0.84640      0.82637
     2.07398     15.55673     15.32398      0.30401      0.30108      0.84637      0.82604
     2.08654     15.60642     15.36355      0.30428      0.30126      0.84631      0.82570
     2.09910     15.65510     15.40229      0.30454      0.30143      0.84622      0.82537
     2.11167     15.70277     15.44019      0.30478      0.30158      0.84611      0.82504
     2.12423     15.74947     15.47730      0.30501      0.30173      0.84597      0.82470
     2.13679     15.79521     15.51363      0.30523      0.30187      0.84580      0.82437
     2.14935     15.84002     15.54925      0.30543      0.30200      0.84561      0.82403
     2.16192     15.88393     15.58421      0.30562      0.30213      0.84540      0.82369
     2.17448     15.92695     15.61853      0.30579      0.30224      0.84515      0.82335
     2.18704     15.96912     15.65228      0.30594      0.30234      0.84488      0.82300
     2.19961     16.01045     15.68550      0.30609      0.30244      0.84459      0.82265
     2.21217     16.05097     15.71824      0.30621      0.30250      0.84427      0.82229
     2.22473     16.09066     15.75055      0.30633      0.30254      0.84393      0.82192
     2.23729     16.12953     15.78247      0.30642      0.30256      0.84356      0.82154
     2.24986     16.16759     15.81401      0.30650      0.30258      0.84320      0.82116
     2.26242     16.20481     15.84523      0.30657      0.30259      0.84305      0.82076
     2.27498     16.24117     15.87611      0.30662      0.30259      0.84289      0.82035
     2.28755     16.27664     15.90670      0.30666      0.30259      0.84270      0.81994
     2.30011     16.31119     15.93696      0.30668      0.30258      0.84250      0.81951
     2.31267     16.34477     15.96689      0.30669      0.30256      0.84227      0.81907
     2.32523     16.37735     15.99482      0.30668      0.30254      0.84202      0.81862
     2.33780     16.40888     16.02159      0.30666      0.30251      0.84175      0.81816
     2.35036     16.43931     16.04794      0.30662      0.30248      0.84145      0.81768
     2.36292     16.46860     16.07386      0.30657      0.30244      0.84114      0.81719
     2.37549     16.49672     16.09930      0.30651      0.30240      0.84081      0.81670
     2.38805     16.52363     16.12424      0.30644      0.30236      0.84045      0.81619
     2.40061     16.54929     16.14864      0.30635      0.30231      0.84008      0.81567
     2.41317     16.57370     16.17247      0.30624      0.30226      0.83968      0.81513
     2.42574     16.59683     16.19568      0.30613      0.30220      0.83927      0.81459
     2.43830     16.61868     16.21825      0.30600      0.30215      0.83883      0.81404
     2.45086     16.63926     16.24015      0.30587      0.30209      0.83838      0.81348
     2.46342     16.65858     16.26136      0.30572      0.30203      0.83791      0.81292
     2.47599     16.67664     16.28187      0.30555      0.30197      0.83743      0.81234
     2.48855     16.69348     16.30165      0.30538      0.30190      0.83692      0.81176
     2.50111     16.70913     16.32071      0.30520      0.30184      0.83640      0.81117
     2.51368     16.72362     16.33905      0.30501      0.30177      0.83587      0.81057
     2.52624     16.73699     16.35668      0.30480      0.30171      0.83532      0.80997
     2.53880     16.74926     16.37360      0.30459      0.30164      0.83475      0.80937
     2.55136     16.76049     16.38982      0.30436      0.30158      0.83417      0.80876
     2.56393     16.77072     16.40538      0.30413      0.30152      0.83357      0.80815
     2.57649     16.77996     16.42028      0.30389      0.30145      0.83296      0.80754
     2.58905     16.78828     16.43455      0.30363      0.30137      0.83234      0.80693
     2.60162     16.79571     16.44821      0.30337      0.30124      0.83171      0.80632
     2.61418     16.80227     16.46131      0.30310      0.30111      0.83106      0.80571
     2.62674     16.80800     16.47385      0.30282      0.30098      0.83040      0.80510
     2.63930     16.81295     16.48589      0.30253      0.30085      0.82973      0.80449
     2.65187     16.81711     16.49744      0.30224      0.30072      0.82905      0.80388
     2.66443     16.82054     16.50853      0.30193      0.30049      0.82835      0.80327
     2.67699     16.82325     16.51920      0.30175      0.30024      0.82765      0.80267
     2.68956     16.82528     16.52950      0.30167      0.29998      0.82702      0.80207
     2.70212     16.82665     16.53944      0.30160      0.29971      0.82670      0.80148
     2.71468     16.82738     16.54906      0.30152      0.29944      0.82637      0.80089
     2.72724     16.82751     16.55842      0.30144      0.29916      0.82605      0.80030
     2.73981     16.82705     16.56755      0.30136      0.29888      0.82572      0.79972
     2.75237     16.82605     16.57648      0.30129      0.29859      0.82541      0.79914
     2.76493     16.82452     16.58527      0.30121      0.29828      0.82509      0.79857
     2.77750     16.82250     16.59396      0.30113      0.29784      0.82477      0.79800
     2.79006     16.82003     16.60260      0.30104      0.29740      0.82446      0.79744
     2.80262     16.81713     16.61122      0.30096      0.29694      0.82415      0.79688
     2.81518     16.81384     16.61987      0.30088      0.29647      0.82385      0.79633
     2.82775     16.81019     16.62281      0.30079      0.29598      0.82354      0.79579
     2.84031     16.80620     16.62558      0.30071      0.29549      0.82323      0.79525
     2.85287     16.80191     16.62831      0.30062      0.29499      0.82293      0.79471
     2.86543     16.79735     16.63102      0.30053      0.29447      0.82263      0.79419
     2.87800     16.79253     16.63375      0.30044      0.29394      0.82232      0.79366
     2.89056     16.78747     16.63650      0.30035      0.29340      0.82202      0.79314
     2.90312     16.78219     16.63929      0.30025      0.29286      0.82172      0.79263
     2.91569     16.77670     16.64213      0.30015      0.29230      0.82141      0.79212
     2.92825     16.77101     16.64500      0.30006      0.29173      0.82111      0.79162
     2.94081     16.76509     16.64791      0.30000      0.29114      0.82081      0.79112
     2.95337     16.75898     16.65084      0.29996      0.29055      0.82050      0.79063
     2.96594     16.75263     16.65376      0.29991      0.28995      0.82019      0.79014
     2.97850     16.74606     16.65054      0.29986      0.28934      0.81988      0.78965
     2.99106     16.75604     16.64622      0.29981      0.28872      0.81957      0.78917
     3.00363     16.76661     16.64166      0.29976      0.28809      0.81926      0.78787
     3.01619     16.77711     16.63681      0.29971      0.28745      0.81894      0.78646
     3.02875     16.78751     16.63164      0.29966      0.28680      0.81862      0.78501
     3.04131     16.79776     16.62614      0.29960      0.28615      0.81830      0.78355
     3.05388     16.80781     16.61475      0.29955      0.28548      0.81797      0.78206
     3.06644     16.81761     16.60113      0.29949      0.28481      0.81764      0.78054
     3.07900     16.82713     16.58704      0.29943      0.28413      0.81731      0.77900
     3.09157     16.83631     16.57249      0.29937      0.28344      0.81697      0.77744
     3.10413     16.84512     16.55747      0.29931      0.28274      0.81663      0.77586
     3.11669     16.85352     16.54198      0.29925      0.28204      0.81629      0.77426
     3.12925     16.86150     16.52603      0.29918      0.28133      0.81594      0.77263
     3.14182     16.86903     16.50962      0.29912      0.28061      0.81559      0.77099
     3.15438     16.87607     16.49273      0.29905      0.27989      0.81523      0.76932
     3.16694     16.88263     16.47540      0.29898      0.27916      0.81487      0.76764
     3.17951     16.88867     16.45761      0.29891      0.27843      0.81450      0.76594
     3.19207     16.89418     16.43938      0.29883      0.27769      0.81413      0.76422
     3.20463     16.89915     16.42071      0.29876      0.27694      0.81376      0.76249
     3.21719     16.90356     16.40159      0.29868      0.27620      0.81338      0.76075
     3.22976     16.90740     16.38204      0.29860      0.27545      0.81299      0.75899
     3.24232     16.91064     16.36204      0.29852      0.27469      0.81261      0.75721
     3.25488     16.91327     16.34159      0.29844      0.27393      0.81222      0.75543
     3.26744     16.91525     16.32067      0.29836      0.27317      0.81182      0.75363
     3.28001     16.91655     16.29929      0.29827      0.27241      0.81142      0.75183
     3.29257     16.91714     16.27742      0.29819      0.27164      0.81102      0.75001
     3.30513     16.91697     16.25503      0.29810      0.27087      0.81062      0.74819
     3.31770     16.91599     16.23210      0.29801      0.27010      0.81036      0.74636
     3.33026     16.91414     16.20860      0.29792      0.26933      0.81009      0.74453
     3.34282     16.91138     16.18450      0.29783      0.26856      0.80983      0.74269
     3.35538     16.90766     16.15978      0.29774      0.26779      0.80955      0.74085
     3.36795     16.90290     16.13440      0.29765      0.26702      0.80928      0.73901
     3.38051     16.89706     16.10832      0.29755      0.26625      0.80899      0.73716
     3.39307     16.89006     16.08151      0.29746      0.26548      0.80871      0.73532
     3.40564     16.88187     16.05396      0.29736      0.26471      0.80842      0.73348
     3.41820     16.87245     16.02562      0.29727      0.26394      0.80812      0.73163
     3.43076     16.86174     15.99647      0.29717      0.26318      0.80783      0.72979
     3.44332     16.84972     15.96649      0.29707      0.26241      0.80752      0.72796
     3.45589     16.83636     15.93567      0.29697      0.26165      0.80721      0.72613
     3.46845     16.82164     15.90399      0.29688      0.26089      0.80690      0.72430
     3.48101     16.80557     15.87143      0.29678      0.26014      0.80659      0.72249
