# T/Tc, g_max^2, g_min^2
     0.98101     81.82155     58.65705
     0.99835     79.27393     57.72993
     1.01568     76.78883     56.80708
     1.03301     74.36628     55.88852
     1.05035     72.00614     54.97431
     1.06768     69.70824     54.06436
     1.08501     67.47234     53.15860
     1.10235     65.29796     52.25692
     1.11968     63.18459     51.35918
     1.13701     61.13172     50.46519
     1.15435     59.13864     49.57473
     1.17168     57.41090     48.68763
     1.18901     55.86389     47.77145
     1.20635     54.33460     46.73990
     1.22368     52.82434     45.69833
     1.24102     51.33432     44.55137
     1.25835     49.86574     43.42983
     1.27568     48.41978     42.33324
     1.29302     46.99758     41.26109
     1.31035     45.60024     40.21286
     1.32768     44.22880     39.18800
     1.34502     42.88422     38.18603
     1.36235     41.56747     37.20640
     1.37968     40.27932     36.24860
     1.39702     39.02061     35.31215
     1.41435     37.79196     34.39654
     1.43168     36.59391     33.50137
     1.44902     35.42706     32.62625
     1.46635     34.32071     31.73839
     1.48368     33.42809     30.69462
     1.50102     32.60273     29.69020
     1.51835     31.78460     28.72409
     1.53568     30.97402     27.79526
     1.55302     30.17144     26.90247
     1.57035     29.37738     26.04455
     1.58769     28.59234     25.22024
     1.60502     27.81698     24.42828
     1.62235     27.05182     23.66741
     1.63969     26.29758     22.93636
     1.65702     25.55491     22.23394
     1.67435     24.82450     21.55890
     1.69169     24.10699     20.91011
     1.70902     23.40309     20.28641
     1.72635     22.71344     19.68674
     1.74369     22.03863     19.11004
     1.76102     21.37928     18.55530
     1.77835     20.73592     18.02159
     1.79569     20.10903     17.50799
     1.81302     19.49904     17.01364
     1.83035     18.90629     16.53775
     1.84769     18.33110     16.07951
     1.86502     17.77369     15.63819
     1.88235     17.23423     15.21312
     1.89969     16.71279     14.80362
     1.91702     16.20940     14.40908
     1.93436     15.72400     14.02889
     1.95169     15.25648     13.66250
     1.96902     14.80667     13.30937
     1.98636     14.37434     12.96900
     2.00369     13.95920     12.64089
     2.02102     13.56095     12.32462
     2.03836     13.17918     12.01970
     2.05569     12.81352     11.72574
     2.07302     12.46350     11.43851
     2.09036     12.15179     11.09917
     2.10769     11.88031     10.77611
     2.12502     11.61807     10.46880
     2.14236     11.36477     10.17669
     2.15969     11.12009      9.89923
     2.17702     10.88373      9.63585
     2.19436     10.65543      9.38601
     2.21169     10.43488      9.14911
     2.22902     10.22183      8.92462
     2.24636     10.01601      8.71198
     2.26369      9.81717      8.51064
     2.28103      9.62506      8.32006
     2.29836      9.43946      8.13974
     2.31569      9.26013      7.96917
     2.33303      9.08685      7.80786
     2.35036      8.91941      7.65534
     2.36769      8.75759      7.51116
     2.38503      8.60122      7.37488
     2.40236      8.45009      7.24609
     2.41969      8.30401      7.12438
     2.43703      8.16282      7.00938
     2.45436      8.02633      6.90072
     2.47169      7.89438      6.78862
     2.48903      7.76682      6.67835
     2.50636      7.64527      6.57314
     2.52369      7.53635      6.47275
     2.54103      7.43107      6.37693
     2.55836      7.32929      6.28547
     2.57569      7.23088      6.19813
     2.59303      7.13568      6.11471
     2.61036      7.04358      6.03503
     2.62770      6.95445      5.95889
     2.64503      6.86816      5.88611
     2.66236      6.78461      5.81654
     2.67970      6.70368      5.75000
     2.69703      6.62528      5.68636
     2.71436      6.54931      5.62547
     2.73170      6.47567      5.56719
     2.74903      6.40427      5.51140
     2.76636      6.33502      5.45798
     2.78370      6.26785      5.40680
     2.80103      6.20267      5.35778
     2.81836      6.13942      5.31079
     2.83570      6.07801      5.26574
     2.85303      6.01838      5.22255
     2.87036      5.96047      5.18112
     2.88770      5.90601      5.14137
     2.90503      5.85931      5.10323
     2.92236      5.81417      5.06661
     2.93970      5.77053      5.03146
     2.95703      5.72833      4.99769
     2.97437      5.68752      4.96525
     2.99170      5.64804      4.93066
     3.00903      5.60984      4.89067
     3.02637      5.57288      4.85203
     3.04370      5.53711      4.81470
     3.06103      5.50248      4.77861
     3.07837      5.46894      4.74374
     3.09570      5.43647      4.71001
     3.11303      5.40502      4.67740
     3.13037      5.37455      4.64586
     3.14770      5.34503      4.61535
     3.16503      5.31642      4.58583
     3.18237      5.28870      4.55725
     3.19970      5.26182      4.52960
     3.21703      5.23575      4.50282
     3.23437      5.21048      4.47689
     3.25170      5.18596      4.45177
     3.26904      5.16343      4.42743
     3.28637      5.15410      4.40385
     3.30370      5.14548      4.38099
     3.32104      5.13754      4.35356
     3.33837      5.13025      4.32599
     3.35570      5.12358      4.29915
     3.37304      5.11749      4.27303
     3.39037      5.11198      4.24761
     3.40770      5.10699      4.22286
     3.42504      5.10252      4.19875
     3.44237      5.09853      4.17528
     3.45970      5.09500      4.15242
     3.47704      5.09191      4.13016
     3.49437      5.08924      4.10846
     3.51170      5.08697      4.08732
     3.52904      5.08507      4.06673
     3.54637      5.08353      4.04665
     3.56370      5.08233      4.02709
     3.58104      5.08145      4.00801
     3.59837      5.08087      3.98942
     3.61571      5.08057      3.97129
     3.63304      5.08055      3.95360
     3.65037      5.08078      3.93636
     3.66771      5.08125      3.91954
     3.68504      5.08196      3.90313
     3.70237      5.08287      3.88713
     3.71971      5.08399      3.87151
     3.73704      5.08529      3.85627
     3.75437      5.08677      3.84140
     3.77171      5.08842      3.82689
     3.78904      5.09022      3.81272
     3.80637      5.09217      3.79890
     3.82371      5.09425      3.78540
     3.84104      5.09646      3.77222
     3.85837      5.09879      3.75934
     3.87571      5.10122      3.74678
     3.89304      5.10375      3.73450
     3.91037      5.10638      3.72251
     3.92771      5.10909      3.71080
     3.94504      5.11188      3.69937
     3.96238      5.11474      3.68819
     3.97971      5.11767      3.67727
     3.99704      5.12065      3.66660
     4.01438      5.12369      3.65617
     4.03171      5.12678      3.64599
     4.04904      5.12991      3.63603
     4.06638      5.13307      3.62629
     4.08371      5.13628      3.61678
     4.10104      5.13950      3.60747
     4.11838      5.14276      3.59838
     4.13571      5.14604      3.58949
     4.15304      5.14933      3.58079
     4.17038      5.15263      3.57229
     4.18771      5.15595      3.56397
     4.20504      5.15927      3.55584
     4.22238      5.16260      3.54788
     4.23971      5.16593      3.54010
     4.25704      5.16926      3.53248
     4.27438      5.17258      3.52503
     4.29171      5.17590      3.51775
     4.30905      5.17921      3.51061
     4.32638      5.18251      3.50364
     4.34371      5.18580      3.49681
     4.36105      5.18907      3.49012
     4.37838      5.19233      3.48358
     4.39571      5.19557      3.47718
     4.41305      5.19880      3.47091
     4.43038      5.20200      3.46477
