# T/Tc, widthG_min*eval, widthG_max*eval, widthL_min*eval, widthL_max*eval, widthS_min*eval, widthS_max*eval
     0.98101      0.12265      0.14704      0.00625      0.03968      0.19170      0.23203
     1.00789      0.12617      0.14883      0.00753      0.04086      0.19786      0.23473
     1.03476      0.12965      0.15049      0.00895      0.04208      0.20381      0.23719
     1.06164      0.13307      0.15203      0.01050      0.04332      0.20952      0.23941
     1.08851      0.13644      0.15345      0.01218      0.04461      0.21496      0.24140
     1.11539      0.13973      0.15475      0.01401      0.04592      0.22007      0.24316
     1.14226      0.14293      0.15593      0.01598      0.04729      0.22490      0.24470
     1.16914      0.14585      0.15700      0.01810      0.04870      0.22944      0.24602
     1.19601      0.14843      0.15796      0.02036      0.05016      0.23264      0.24713
     1.22289      0.15091      0.15962      0.02278      0.05167      0.23539      0.24828
     1.24976      0.15328      0.16141      0.02535      0.05325      0.23758      0.25102
     1.27664      0.15511      0.16304      0.02807      0.05490      0.23858      0.25342
     1.30351      0.15607      0.16451      0.03095      0.05661      0.23942      0.25546
     1.33039      0.15661      0.16581      0.03397      0.05841      0.24009      0.25713
     1.35726      0.15710      0.16696      0.03705      0.06029      0.24060      0.25842
     1.38414      0.15756      0.16795      0.04027      0.06226      0.24094      0.25987
     1.41101      0.15798      0.16878      0.04363      0.06433      0.24110      0.26114
     1.43789      0.15836      0.16968      0.04713      0.06650      0.24109      0.26193
     1.46476      0.15871      0.17110      0.05076      0.06966      0.24089      0.26225
     1.49164      0.15904      0.17232      0.05453      0.07297      0.24052      0.26210
     1.51851      0.15933      0.17333      0.05801      0.07635      0.23996      0.26149
     1.54539      0.15960      0.17414      0.06152      0.07982      0.23923      0.26045
     1.57226      0.15985      0.17475      0.06532      0.08401      0.23832      0.25900
     1.59913      0.16007      0.17516      0.06940      0.08850      0.23723      0.25715
     1.62601      0.16026      0.17536      0.07379      0.09306      0.23598      0.25494
     1.65288      0.16044      0.17537      0.07849      0.09767      0.23455      0.25265
     1.67976      0.16016      0.17519      0.08351      0.10233      0.23215      0.25087
     1.70663      0.15980      0.17483      0.08885      0.10704      0.22963      0.24883
     1.73351      0.15942      0.17430      0.09432      0.11179      0.22700      0.24657
     1.76038      0.15902      0.17362      0.09905      0.11656      0.22426      0.24408
     1.78726      0.15862      0.17279      0.10293      0.12136      0.22145      0.24140
     1.81413      0.15821      0.17216      0.10691      0.12617      0.21858      0.23855
     1.84101      0.15779      0.17158      0.11099      0.13099      0.21535      0.23555
     1.86788      0.15737      0.17090      0.11515      0.13601      0.21048      0.23242
     1.89476      0.15694      0.17013      0.11939      0.14173      0.20560      0.22919
     1.92163      0.15651      0.16929      0.12371      0.14751      0.20072      0.22626
     1.94851      0.15608      0.16838      0.12809      0.15333      0.19591      0.22390
     1.97538      0.15545      0.16742      0.13252      0.15918      0.19084      0.22151
     2.00226      0.15473      0.16641      0.13700      0.16504      0.18565      0.21916
     2.02913      0.15404      0.16576      0.14151      0.17239      0.18056      0.21691
     2.05601      0.15340      0.16561      0.14605      0.17998      0.17560      0.21463
     2.08288      0.15279      0.16542      0.15060      0.18747      0.17078      0.21235
     2.10976      0.15224      0.16521      0.15516      0.19482      0.16613      0.21005
     2.13663      0.15173      0.16495      0.15972      0.20200      0.16166      0.20775
     2.16351      0.15127      0.16467      0.16427      0.20896      0.15739      0.20544
     2.19038      0.15086      0.16435      0.16880      0.21570      0.15331      0.20315
     2.21726      0.15050      0.16400      0.17330      0.22217      0.14944      0.20086
     2.24413      0.15020      0.16361      0.17777      0.22837      0.14578      0.19858
     2.27101      0.14981      0.16320      0.18220      0.23429      0.14232      0.19631
     2.29788      0.14933      0.16276      0.18658      0.23991      0.13906      0.19405
     2.32476      0.14847      0.16229      0.19091      0.24523      0.13599      0.19181
     2.35163      0.14762      0.16180      0.19519      0.25026      0.13311      0.19038
     2.37851      0.14682      0.16128      0.19941      0.25499      0.13042      0.18969
     2.40538      0.14609      0.16074      0.20357      0.25943      0.12790      0.18910
     2.43226      0.14541      0.16017      0.20766      0.26360      0.12554      0.18860
     2.45913      0.14478      0.15959      0.21168      0.26750      0.12334      0.18819
     2.48601      0.14421      0.15898      0.21564      0.27115      0.12129      0.18787
     2.51288      0.14363      0.15836      0.21953      0.27455      0.11938      0.18762
     2.53976      0.14304      0.15772      0.22334      0.27773      0.11760      0.18745
     2.56663      0.14249      0.15707      0.22709      0.28070      0.11595      0.18736
     2.59351      0.14197      0.15640      0.23076      0.28348      0.11441      0.18733
     2.62038      0.14149      0.15572      0.23437      0.28607      0.11299      0.18737
     2.64726      0.14104      0.15504      0.23791      0.28849      0.11166      0.18747
     2.67413      0.14061      0.15459      0.24137      0.29076      0.11044      0.18762
     2.70101      0.14022      0.15451      0.24478      0.29289      0.10930      0.18784
     2.72788      0.13986      0.15445      0.24707      0.29489      0.10824      0.18810
     2.75475      0.13952      0.15459      0.24853      0.29678      0.10727      0.18841
     2.78163      0.13921      0.15496      0.24985      0.29856      0.10637      0.18877
     2.80850      0.13892      0.15535      0.25105      0.30026      0.10554      0.18917
     2.83538      0.13865      0.15581      0.25213      0.30187      0.10477      0.18961
     2.86225      0.13840      0.15652      0.25309      0.30341      0.10407      0.19009
     2.88913      0.13818      0.15726      0.25259      0.30488      0.10342      0.19060
     2.91600      0.13798      0.15803      0.25034      0.30630      0.10283      0.19115
     2.94288      0.13779      0.15882      0.24785      0.30996      0.10229      0.19173
     2.96975      0.13762      0.15965      0.24511      0.31382      0.10179      0.19233
     2.99663      0.13657      0.16049      0.24216      0.31765      0.10134      0.19297
     3.02350      0.13538      0.16136      0.23901      0.32145      0.10094      0.19363
     3.05038      0.13418      0.16225      0.23566      0.32521      0.09902      0.19432
     3.07725      0.13297      0.16317      0.23215      0.32894      0.09698      0.19504
     3.10413      0.13175      0.16410      0.22848      0.33264      0.09497      0.19577
     3.13100      0.13053      0.16506      0.22468      0.33632      0.09300      0.19653
     3.15788      0.12930      0.16604      0.22076      0.33996      0.09106      0.19730
     3.18475      0.12807      0.16703      0.21673      0.34358      0.08916      0.19810
     3.21163      0.12684      0.16804      0.21263      0.34717      0.08729      0.19891
     3.23850      0.12561      0.16907      0.20845      0.35073      0.08546      0.19974
     3.26538      0.12438      0.17012      0.20422      0.35427      0.08366      0.20059
     3.29225      0.12315      0.17118      0.19996      0.35779      0.08190      0.20145
     3.31913      0.12193      0.17226      0.19567      0.36129      0.08017      0.20233
     3.34600      0.12071      0.17335      0.19137      0.36476      0.07848      0.20322
     3.37288      0.11949      0.17445      0.18708      0.36821      0.07682      0.20413
     3.39975      0.11829      0.17557      0.18280      0.37164      0.07520      0.20505
     3.42663      0.11709      0.17670      0.17856      0.37506      0.07361      0.20598
     3.45350      0.11591      0.17785      0.17435      0.37845      0.07205      0.20692
     3.48038      0.11473      0.17900      0.17019      0.38183      0.07053      0.20788
     3.50725      0.11357      0.18017      0.16609      0.38518      0.06905      0.20884
     3.53413      0.11242      0.18134      0.16205      0.38853      0.06760      0.20982
     3.56100      0.11128      0.18253      0.15809      0.39185      0.06618      0.21137
     3.58788      0.11016      0.18372      0.15420      0.39517      0.06479      0.21347
     3.61475      0.10905      0.18493      0.15039      0.39846      0.06344      0.21559
     3.64163      0.10795      0.18615      0.14668      0.40175      0.06212      0.21772
     3.66850      0.10688      0.18737      0.14305      0.40502      0.06083      0.21988
     3.69538      0.10582      0.18860      0.13952      0.40828      0.05958      0.22205
     3.72225      0.10477      0.18984      0.13609      0.41152      0.05835      0.22424
     3.74913      0.10375      0.19109      0.13276      0.41476      0.05716      0.22644
     3.77600      0.10274      0.19234      0.12952      0.41798      0.05599      0.22866
     3.80288      0.10175      0.19360      0.12639      0.42119      0.05486      0.23089
     3.82975      0.10078      0.19487      0.12336      0.42440      0.05376      0.23314
     3.85662      0.09982      0.19614      0.12042      0.42759      0.05268      0.23539
     3.88350      0.09889      0.19742      0.11759      0.43077      0.05164      0.23766
     3.91037      0.09797      0.19871      0.11486      0.43395      0.05062      0.23993
     3.93725      0.09708      0.20008      0.11222      0.43712      0.04963      0.24222
     3.96412      0.09620      0.20156      0.10968      0.44028      0.04867      0.24451
     3.99100      0.09534      0.20305      0.10724      0.44378      0.04773      0.24681
     4.01787      0.09450      0.20454      0.10489      0.44733      0.04682      0.24912
     4.04475      0.09368      0.20603      0.10263      0.45087      0.04594      0.25144
     4.07162      0.09287      0.20753      0.10046      0.45441      0.04508      0.25376
     4.09850      0.09209      0.20903      0.09837      0.45793      0.04424      0.25609
     4.12537      0.09133      0.21054      0.09637      0.46145      0.04343      0.25842
     4.15225      0.09058      0.21204      0.09445      0.46497      0.04264      0.26075
     4.17912      0.08985      0.21355      0.09261      0.46847      0.04187      0.26309
     4.20600      0.08914      0.21506      0.09085      0.47197      0.04112      0.26544
     4.23287      0.08845      0.21657      0.08916      0.47547      0.04040      0.26778
     4.25975      0.08778      0.21809      0.08754      0.47896      0.03970      0.27013
     4.28662      0.08712      0.21960      0.08600      0.48244      0.03902      0.27249
     4.31350      0.08648      0.22111      0.08451      0.48592      0.03835      0.27484
     4.34037      0.08586      0.22263      0.08310      0.48939      0.03771      0.27720
     4.36725      0.08525      0.22415      0.08174      0.49285      0.03709      0.27955
     4.39412      0.08466      0.22566      0.08045      0.49631      0.03648      0.28191
     4.42100      0.08409      0.22718      0.07921      0.49976      0.03589      0.28427
     4.44787      0.08354      0.22870      0.07803      0.50321      0.03532      0.28663
     4.47475      0.08300      0.23022      0.07690      0.50666      0.03476      0.28899
     4.50162      0.08247      0.23173      0.07582      0.51010      0.03423      0.29135
     4.52850      0.08196      0.23325      0.07479      0.51353      0.03370      0.29371
     4.55537      0.08147      0.23477      0.07381      0.51696      0.03320      0.29607
     4.58225      0.08099      0.23629      0.07288      0.52038      0.03271      0.29843
     4.60912      0.08052      0.23780      0.07198      0.52380      0.03223      0.30079
     4.63600      0.08007      0.23932      0.07113      0.52722      0.03176      0.30315
     4.66287      0.07963      0.24084      0.07032      0.53063      0.03131      0.30551
     4.68975      0.07921      0.24235      0.06955      0.53404      0.03088      0.30786
     4.71662      0.07880      0.24387      0.06881      0.53744      0.03045      0.31022
     4.74350      0.07840      0.24538      0.06811      0.54084      0.03004      0.31257
     4.77037      0.07802      0.24690      0.06745      0.54423      0.02965      0.31492
     4.79725      0.07764      0.24841      0.06681      0.54762      0.02926      0.31727
     4.82412      0.07728      0.24992      0.06621      0.55101      0.02888      0.31962
     4.85100      0.07694      0.25143      0.06563      0.55439      0.02852      0.32197
     4.87787      0.07660      0.25294      0.06509      0.55777      0.02816      0.32431
     4.90475      0.07627      0.25445      0.06457      0.56115      0.02782      0.32665
     4.93162      0.07596      0.25596      0.06408      0.56452      0.02749      0.32899
     4.95850      0.07566      0.25747      0.06361      0.56789      0.02716      0.33133
     4.98537      0.07537      0.25897      0.06317      0.57125      0.02685      0.33367
     5.01224      0.07508      0.26048      0.06275      0.57462      0.02655      0.33600
     5.03912      0.07481      0.26199      0.06236      0.57798      0.02625      0.33833
     5.06599      0.07455      0.26349      0.06198      0.58133      0.02596      0.34066
     5.09287      0.07430      0.26499      0.06163      0.58469      0.02569      0.34299
     5.11974      0.07406      0.26650      0.06129      0.58804      0.02542      0.34531
     5.14662      0.07382      0.26800      0.06098      0.59138      0.02515      0.34763
     5.17349      0.07360      0.26950      0.06068      0.59473      0.02490      0.34995
     5.20037      0.07339      0.27100      0.06040      0.59807      0.02465      0.35227
     5.22724      0.07318      0.27249      0.06013      0.60141      0.02441      0.35458
     5.25412      0.07298      0.27399      0.05988      0.60474      0.02418      0.35689
     5.28099      0.07279      0.27549      0.05965      0.60808      0.02395      0.35920
     5.30787      0.07261      0.27698      0.05943      0.61141      0.02373      0.36151
     5.33474      0.07244      0.27848      0.05923      0.61474      0.02352      0.36381
     5.36162      0.07227      0.27997      0.05904      0.61806      0.02331      0.36611
     5.38849      0.07211      0.28146      0.05886      0.62139      0.02311      0.36841
     5.41537      0.07196      0.28295      0.05870      0.62471      0.02292      0.37071
     5.44224      0.07182      0.28445      0.05855      0.62803      0.02273      0.37300
     5.46912      0.07168      0.28593      0.05841      0.63134      0.02255      0.37529
     5.49599      0.07155      0.28742      0.05828      0.63466      0.02237      0.37757
     5.52287      0.07143      0.28891      0.05816      0.63797      0.02219      0.37986
     5.54974      0.07131      0.29040      0.05805      0.64128      0.02203      0.38214
     5.57662      0.07120      0.29188      0.05795      0.64459      0.02186      0.38442
     5.60349      0.07110      0.29337      0.05786      0.64789      0.02171      0.38670
     5.63037      0.07100      0.29485      0.05778      0.65120      0.02155      0.38897
     5.65724      0.07091      0.29634      0.05771      0.65450      0.02140      0.39124
     5.68412      0.07082      0.29782      0.05765      0.65780      0.02126      0.39351
     5.71099      0.07074      0.29930      0.05760      0.66110      0.02112      0.39577
     5.73787      0.07067      0.30078      0.05755      0.66439      0.02098      0.39804
     5.76474      0.07060      0.30226      0.05751      0.66769      0.02085      0.40029
     5.79162      0.07053      0.30374      0.05748      0.67098      0.02072      0.40255
     5.81849      0.07047      0.30522      0.05746      0.67427      0.02060      0.40481
     5.84537      0.07042      0.30670      0.05744      0.67756      0.02048      0.40706
     5.87224      0.07037      0.30818      0.05743      0.68084      0.02036      0.40931
     5.89912      0.07033      0.30965      0.05743      0.68413      0.02024      0.41156
     5.92599      0.07029      0.31113      0.05743      0.68741      0.02013      0.41380
     5.95287      0.07025      0.31260      0.05744      0.69070      0.02003      0.41604
     5.97974      0.07022      0.31408      0.05746      0.69398      0.01992      0.41828
     6.00662      0.07020      0.31555      0.05748      0.69726      0.01982      0.42052
     6.03349      0.07017      0.31702      0.05750      0.70053      0.01972      0.42275
     6.06037      0.07016      0.31850      0.05753      0.70381      0.01963      0.42498
     6.08724      0.07014      0.31997      0.05757      0.70708      0.01954      0.42721
     6.11411      0.07013      0.32144      0.05761      0.71036      0.01945      0.42944
     6.14099      0.07013      0.32291      0.05765      0.71363      0.01936      0.43166
     6.16786      0.07013      0.32438      0.05770      0.71690      0.01928      0.43388
     6.19474      0.07013      0.32585      0.05776      0.72017      0.01920      0.43610
     6.22161      0.07014      0.32732      0.05781      0.72344      0.01912      0.43832
     6.24849      0.07015      0.32878      0.05788      0.72670      0.01904      0.44053
     6.27536      0.07016      0.33025      0.05794      0.72997      0.01897      0.44275
     6.30224      0.07018      0.33172      0.05801      0.73323      0.01890      0.44496
     6.32911      0.07020      0.33318      0.05809      0.73649      0.01883      0.44716
